0 0.567805 0.456801 0.0885663 0.614401
0 0.831908 0.366306 0.213117 0.655677
0 0.670468 0.414535 0.143048 0.650582
0 0.387254 0.368448 0.0902953 0.363077
0 0.407727 0.68494 0.0821144 0.293484
0 0.964365 0.448619 0.0712697 0.323106
0 0.31324 0.393303 0.0933882 0.369531
0 0.497347 0.462163 0.0921962 0.640839
0 0.0356327 0.635976 0.0709149 0.685392
0 0.244133 0.725308 0.0990227 0.331687
0 0.164652 0.767682 0.101212 0.319527
0 0.313065 0.395067 0.0915304 0.369199
0 0.407718 0.685678 0.0821164 0.292721
0 0.962266 0.313996 0.0754677 0.60073
0 0.145466 0.428778 0.237855 0.410015
0 0.334588 0.715975 0.0893847 0.300676
0 0.567805 0.456801 0.0885663 0.614401
0 0.831908 0.366306 0.213117 0.655677
0 0.670468 0.414535 0.143048 0.650582
0 0.387254 0.368448 0.0902953 0.363077
0 0.407727 0.68494 0.0821144 0.293484
0 0.964365 0.448619 0.0712697 0.323106
0 0.31324 0.393303 0.0933882 0.369531
0 0.497347 0.462163 0.0921962 0.640839
0 0.0356327 0.635976 0.0709149 0.685392
0 0.244133 0.725308 0.0990227 0.331687
0 0.164652 0.767682 0.101212 0.319527
0 0.313065 0.395067 0.0915304 0.369199
0 0.407718 0.685678 0.0821164 0.292721
0 0.962266 0.313996 0.0754677 0.60073
0 0.145466 0.428778 0.237855 0.410015
0 0.334588 0.715975 0.0893847 0.300676
0 0.567805 0.456801 0.0885663 0.614401
0 0.831908 0.366306 0.213117 0.655677
0 0.670468 0.414535 0.143048 0.650582
0 0.387254 0.368448 0.0902953 0.363077
0 0.407727 0.68494 0.0821144 0.293484
0 0.964365 0.448619 0.0712697 0.323106
0 0.31324 0.393303 0.0933882 0.369531
0 0.497347 0.462163 0.0921962 0.640839
0 0.0356327 0.635976 0.0709149 0.685392
0 0.244133 0.725308 0.0990227 0.331687
0 0.164652 0.767682 0.101212 0.319527
0 0.313065 0.395067 0.0915304 0.369199
0 0.407718 0.685678 0.0821164 0.292721
0 0.962266 0.313996 0.0754677 0.60073
0 0.145466 0.428778 0.237855 0.410015
0 0.334588 0.715975 0.0893847 0.300676
0 0.671353 0.281026 0.148353 0.367439
0 0.334182 0.710299 0.0953336 0.309377
0 0.821185 0.536323 0.193679 0.307377
0 0.663407 0.584986 0.137958 0.314211
0 0.312343 0.389423 0.0911664 0.373605
0 0.389204 0.368284 0.094073 0.374645
0 0.0363159 0.768388 0.0726318 0.426923
0 0.49748 0.331064 0.0898176 0.359876
0 0.569952 0.317651 0.0843427 0.352759
0 0.774076 0.904397 0.110607 0.191206
0 0.837997 0.237915 0.208073 0.384881
0 0.968924 0.190175 0.0621528 0.343884
0 0.17952 0.749724 0.237477 0.380324
0 0.670737 0.924364 0.132391 0.151271
0 0.408072 0.687098 0.0869137 0.294487
0 0.568512 0.610096 0.077931 0.289896
0 0.908302 0.915471 0.182619 0.169059
0 0.961535 0.458494 0.076833 0.300972
0 0.500792 0.636597 0.0824217 0.292616
0 0.148298 0.442837 0.243252 0.423477
0 0.671353 0.281026 0.148353 0.367439
0 0.334182 0.710299 0.0953336 0.309377
0 0.821185 0.536323 0.193679 0.307377
0 0.663407 0.584986 0.137958 0.314211
0 0.312343 0.389423 0.0911664 0.373605
0 0.389204 0.368284 0.094073 0.374645
0 0.0363159 0.768388 0.0726318 0.426923
0 0.49748 0.331064 0.0898176 0.359876
0 0.569952 0.317651 0.0843427 0.352759
0 0.774076 0.904397 0.110607 0.191206
0 0.837997 0.237915 0.208073 0.384881
0 0.968924 0.190175 0.0621528 0.343884
0 0.17952 0.749724 0.237477 0.380324
0 0.670737 0.924364 0.132391 0.151271
0 0.408072 0.687098 0.0869137 0.294487
0 0.568512 0.610096 0.077931 0.289896
0 0.908302 0.915471 0.182619 0.169059
0 0.961535 0.458494 0.076833 0.300972
0 0.500792 0.636597 0.0824217 0.292616
0 0.148298 0.442837 0.243252 0.423477
0 0.177008 0.752641 0.2353 0.379273
0 0.154779 0.434367 0.247544 0.408771
