0 0.324707 0.717708 0.286836 0.329228
0 0.574162 0.745108 0.214594 0.277141
0 0.0914101 0.343101 0.18282 0.464586
0 0.785037 0.745945 0.200497 0.266584
0 0.570225 0.680532 0.204703 0.139123
0 0.78867 0.74726 0.206924 0.274431
0 0.324707 0.717708 0.286836 0.329228
0 0.574162 0.745108 0.214594 0.277141
0 0.0914101 0.343101 0.18282 0.464586
0 0.785037 0.745945 0.200497 0.266584
0 0.570225 0.680532 0.204703 0.139123
0 0.78867 0.74726 0.206924 0.274431
0 0.324707 0.717708 0.286836 0.329228
0 0.574162 0.745108 0.214594 0.277141
0 0.0914101 0.343101 0.18282 0.464586
0 0.785037 0.745945 0.200497 0.266584
0 0.570225 0.680532 0.204703 0.139123
0 0.78867 0.74726 0.206924 0.274431
0 0.0897656 0.343066 0.177336 0.442885
0 0.78486 0.759795 0.188522 0.235623
0 0.323817 0.725635 0.280253 0.309635
0 0.570524 0.682609 0.196485 0.115956
0 0.0897656 0.343066 0.177336 0.442885
0 0.78486 0.759795 0.188522 0.235623
0 0.323817 0.725635 0.280253 0.309635
0 0.570524 0.682609 0.196485 0.115956
0 0.572054 0.800325 0.193191 0.151599
0 0.570299 0.754312 0.207314 0.269425
0 0.57205 0.751489 0.201552 0.254681
