0 0.852349 0.189706 0.284163 0.323228
0 0.0424661 0.287975 0.0844405 0.575951
0 0.509955 0.566194 0.309858 0.409845
0 0.481224 0.0994026 0.0383235 0.15647
0 0.852349 0.189706 0.284163 0.323228
0 0.0424661 0.287975 0.0844405 0.575951
0 0.509955 0.566194 0.309858 0.409845
0 0.481224 0.0994026 0.0383235 0.15647
0 0.852349 0.189706 0.284163 0.323228
0 0.0424661 0.287975 0.0844405 0.575951
0 0.509955 0.566194 0.309858 0.409845
0 0.481224 0.0994026 0.0383235 0.15647
0 0.520284 0.641947 0.329666 0.606087
0 0.852836 0.19317 0.290599 0.357416
0 0.0441907 0.291745 0.0878745 0.58349
0 0.846481 0.39833 0.292086 0.14149
0 0.217749 0.284888 0.118864 0.569777
0 0.82682 0.781861 0.278269 0.17822
0 0.81832 0.899917 0.253559 0.143641
0 0.217214 0.284451 0.114551 0.562641
0 0.850009 0.486933 0.290265 0.125126
0 0.825563 0.78064 0.275245 0.18479
0 0.842078 0.59065 0.282965 0.153331
0 0.520284 0.641947 0.329666 0.606087
0 0.852836 0.19317 0.290599 0.357416
0 0.0441907 0.291745 0.0878745 0.58349
0 0.846481 0.39833 0.292086 0.14149
0 0.217749 0.284888 0.118864 0.569777
0 0.82682 0.781861 0.278269 0.17822
0 0.81832 0.899917 0.253559 0.143641
0 0.217214 0.284451 0.114551 0.562641
0 0.850009 0.486933 0.290265 0.125126
0 0.825563 0.78064 0.275245 0.18479
0 0.842078 0.59065 0.282965 0.153331
0 0.308475 0.280763 0.120384 0.561525
0 0.122689 0.286784 0.114003 0.573567
0 0.853822 0.272948 0.28949 0.188314
0 0.309629 0.276866 0.124143 0.553731
0 0.122956 0.288829 0.115065 0.573125
