0 0.518029 0.286655 0.0665352 0.460754
0 0.655987 0.274981 0.074332 0.473814
0 0.921892 0.710813 0.0756552 0.415051
0 0.451772 0.280679 0.0681424 0.455415
0 0.716269 0.708498 0.0673804 0.40789
0 0.585961 0.276454 0.0711939 0.466087
0 0.797695 0.264622 0.0752197 0.477374
0 0.851424 0.709706 0.0707346 0.414057
0 0.869936 0.248531 0.0722565 0.471468
0 0.726547 0.267478 0.0716536 0.462964
0 0.782518 0.713929 0.0689391 0.402538
0 0.582719 0.714432 0.0667255 0.40153
0 0.94171 0.244654 0.0820467 0.477659
0 0.269769 0.329917 0.10272 0.467918
0 0.451895 0.713675 0.0673119 0.41738
0 0.64756 0.715008 0.0676792 0.398485
0 0.980372 0.702871 0.039016 0.436302
0 0.117983 0.508336 0.222062 0.868924
0 0.517606 0.712334 0.0631762 0.407321
0 0.351086 0.757545 0.0719687 0.345865
0 0.3352 0.384693 0.0526981 0.351411
0 0.275712 0.743944 0.0824114 0.357154
0 0.518029 0.286655 0.0665352 0.460754
0 0.655987 0.274981 0.074332 0.473814
0 0.921892 0.710813 0.0756552 0.415051
0 0.451772 0.280679 0.0681424 0.455415
0 0.716269 0.708498 0.0673804 0.40789
0 0.585961 0.276454 0.0711939 0.466087
0 0.797695 0.264622 0.0752197 0.477374
0 0.851424 0.709706 0.0707346 0.414057
0 0.869936 0.248531 0.0722565 0.471468
0 0.726547 0.267478 0.0716536 0.462964
0 0.782518 0.713929 0.0689391 0.402538
0 0.582719 0.714432 0.0667255 0.40153
0 0.94171 0.244654 0.0820467 0.477659
0 0.269769 0.329917 0.10272 0.467918
0 0.451895 0.713675 0.0673119 0.41738
0 0.64756 0.715008 0.0676792 0.398485
0 0.980372 0.702871 0.039016 0.436302
0 0.117983 0.508336 0.222062 0.868924
0 0.517606 0.712334 0.0631762 0.407321
0 0.351086 0.757545 0.0719687 0.345865
0 0.3352 0.384693 0.0526981 0.351411
0 0.275712 0.743944 0.0824114 0.357154
0 0.518029 0.286655 0.0665352 0.460754
0 0.655987 0.274981 0.074332 0.473814
0 0.921892 0.710813 0.0756552 0.415051
0 0.451772 0.280679 0.0681424 0.455415
0 0.716269 0.708498 0.0673804 0.40789
0 0.585961 0.276454 0.0711939 0.466087
0 0.797695 0.264622 0.0752197 0.477374
0 0.851424 0.709706 0.0707346 0.414057
0 0.869936 0.248531 0.0722565 0.471468
0 0.726547 0.267478 0.0716536 0.462964
0 0.782518 0.713929 0.0689391 0.402538
0 0.582719 0.714432 0.0667255 0.40153
0 0.94171 0.244654 0.0820467 0.477659
0 0.269769 0.329917 0.10272 0.467918
0 0.451895 0.713675 0.0673119 0.41738
0 0.64756 0.715008 0.0676792 0.398485
0 0.980372 0.702871 0.039016 0.436302
0 0.117983 0.508336 0.222062 0.868924
0 0.517606 0.712334 0.0631762 0.407321
0 0.351086 0.757545 0.0719687 0.345865
0 0.3352 0.384693 0.0526981 0.351411
0 0.275712 0.743944 0.0824114 0.357154
0 0.727434 0.264447 0.0698294 0.471056
0 0.45221 0.285535 0.0656924 0.444352
0 0.581822 0.721433 0.0671343 0.402463
0 0.798274 0.256099 0.0704473 0.468114
0 0.86887 0.250817 0.06957 0.47917
0 0.585192 0.275228 0.0708775 0.459879
0 0.647348 0.719258 0.0656944 0.392833
0 0.71559 0.710424 0.0678291 0.410169
0 0.517462 0.71412 0.0624548 0.403445
0 0.517181 0.281621 0.0655993 0.454899
0 0.942262 0.252275 0.0808323 0.485342
0 0.781773 0.711928 0.0684315 0.404939
0 0.922658 0.701872 0.0729707 0.411293
0 0.851671 0.703951 0.0696535 0.415679
0 0.451671 0.729068 0.0681692 0.38879
0 0.131568 0.746401 0.192462 0.389199
0 0.315953 0.328194 0.199512 0.48683
0 0.111601 0.331416 0.202606 0.477756
0 0.655623 0.274704 0.073033 0.474991
0 0.320848 0.738008 0.182999 0.378075
0 0.982154 0.712881 0.0356727 0.424508
0 0.727434 0.264447 0.0698294 0.471056
0 0.45221 0.285535 0.0656924 0.444352
0 0.581822 0.721433 0.0671343 0.402463
0 0.798274 0.256099 0.0704473 0.468114
0 0.86887 0.250817 0.06957 0.47917
0 0.585192 0.275228 0.0708775 0.459879
0 0.647348 0.719258 0.0656944 0.392833
0 0.71559 0.710424 0.0678291 0.410169
0 0.517462 0.71412 0.0624548 0.403445
0 0.517181 0.281621 0.0655993 0.454899
0 0.942262 0.252275 0.0808323 0.485342
0 0.781773 0.711928 0.0684315 0.404939
0 0.922658 0.701872 0.0729707 0.411293
0 0.851671 0.703951 0.0696535 0.415679
0 0.451671 0.729068 0.0681692 0.38879
0 0.131568 0.746401 0.192462 0.389199
0 0.315953 0.328194 0.199512 0.48683
0 0.111601 0.331416 0.202606 0.477756
0 0.655623 0.274704 0.073033 0.474991
0 0.320848 0.738008 0.182999 0.378075
0 0.982154 0.712881 0.0356727 0.424508
