0 0.277434 0.488507 0.0756239 0.874462
0 0.12043 0.516317 0.0900724 0.822987
0 0.204811 0.492739 0.0769051 0.887663
0 0.499752 0.489184 0.078444 0.94877
0 0.348315 0.499936 0.0803458 0.886617
0 0.806364 0.38683 0.0869165 0.67732
0 0.427118 0.479887 0.0810058 0.929411
0 0.0353693 0.444224 0.0705157 0.884285
0 0.927781 0.498752 0.0862422 0.672798
0 0.983527 0.652373 0.0329449 0.695254
0 0.925988 0.565942 0.0867106 0.822824
0 0.571962 0.507174 0.0730098 0.910128
0 0.572355 0.508484 0.0746052 0.924238
0 0.277434 0.488507 0.0756239 0.874462
0 0.12043 0.516317 0.0900724 0.822987
0 0.204811 0.492739 0.0769051 0.887663
0 0.499752 0.489184 0.078444 0.94877
0 0.348315 0.499936 0.0803458 0.886617
0 0.806364 0.38683 0.0869165 0.67732
0 0.427118 0.479887 0.0810058 0.929411
0 0.0353693 0.444224 0.0705157 0.884285
0 0.927781 0.498752 0.0862422 0.672798
0 0.983527 0.652373 0.0329449 0.695254
0 0.925988 0.565942 0.0867106 0.822824
0 0.571962 0.507174 0.0730098 0.910128
0 0.572355 0.508484 0.0746052 0.924238
0 0.277434 0.488507 0.0756239 0.874462
0 0.12043 0.516317 0.0900724 0.822987
0 0.204811 0.492739 0.0769051 0.887663
0 0.499752 0.489184 0.078444 0.94877
0 0.348315 0.499936 0.0803458 0.886617
0 0.806364 0.38683 0.0869165 0.67732
0 0.427118 0.479887 0.0810058 0.929411
0 0.0353693 0.444224 0.0705157 0.884285
0 0.927781 0.498752 0.0862422 0.672798
0 0.983527 0.652373 0.0329449 0.695254
0 0.925988 0.565942 0.0867106 0.822824
0 0.571962 0.507174 0.0730098 0.910128
0 0.572355 0.508484 0.0746052 0.924238
0 0.424579 0.486881 0.0799022 0.912829
0 0.11959 0.459631 0.0926364 0.919263
0 0.276625 0.462382 0.0739931 0.908819
0 0.498622 0.485622 0.075904 0.950112
0 0.20491 0.471277 0.0756684 0.929732
0 0.571637 0.493734 0.0738645 0.9336
0 0.805026 0.521547 0.082844 0.928001
0 0.927375 0.530177 0.0882713 0.907421
0 0.647967 0.517485 0.0745289 0.96503
0 0.723276 0.523521 0.0819272 0.926889
0 0.347922 0.486839 0.0773526 0.925144
0 0.985141 0.562008 0.0297187 0.823332
0 0.347541 0.483134 0.0767297 0.919448
0 0.0386425 0.461812 0.0772201 0.87968
0 0.985051 0.534817 0.0298985 0.868787
0 0.424579 0.486881 0.0799022 0.912829
0 0.11959 0.459631 0.0926364 0.919263
0 0.276625 0.462382 0.0739931 0.908819
0 0.498622 0.485622 0.075904 0.950112
0 0.20491 0.471277 0.0756684 0.929732
0 0.571637 0.493734 0.0738645 0.9336
0 0.805026 0.521547 0.082844 0.928001
0 0.927375 0.530177 0.0882713 0.907421
0 0.647967 0.517485 0.0745289 0.96503
0 0.723276 0.523521 0.0819272 0.926889
0 0.347922 0.486839 0.0773526 0.925144
0 0.985141 0.562008 0.0297187 0.823332
0 0.347541 0.483134 0.0767297 0.919448
0 0.0386425 0.461812 0.0772201 0.87968
0 0.985051 0.534817 0.0298985 0.868787
0 0.0385993 0.46375 0.0771986 0.878756
