0 0.510387 0.480924 0.23862 0.811916
0 0.255752 0.461019 0.111436 0.747886
0 0.154319 0.609432 0.115763 0.464665
0 0.353872 0.472464 0.129738 0.740557
0 0.929188 0.693665 0.133471 0.549151
0 0.0649218 0.588098 0.123644 0.447062
0 0.25226 0.603733 0.104203 0.451118
0 0.805749 0.656282 0.382796 0.604359
0 0.746584 0.646397 0.262056 0.580791
0 0.510387 0.480924 0.23862 0.811916
0 0.255752 0.461019 0.111436 0.747886
0 0.154319 0.609432 0.115763 0.464665
0 0.353872 0.472464 0.129738 0.740557
0 0.929188 0.693665 0.133471 0.549151
0 0.0649218 0.588098 0.123644 0.447062
0 0.25226 0.603733 0.104203 0.451118
0 0.805749 0.656282 0.382796 0.604359
0 0.746584 0.646397 0.262056 0.580791
0 0.510387 0.480924 0.23862 0.811916
0 0.255752 0.461019 0.111436 0.747886
0 0.154319 0.609432 0.115763 0.464665
0 0.353872 0.472464 0.129738 0.740557
0 0.929188 0.693665 0.133471 0.549151
0 0.0649218 0.588098 0.123644 0.447062
0 0.25226 0.603733 0.104203 0.451118
0 0.805749 0.656282 0.382796 0.604359
0 0.746584 0.646397 0.262056 0.580791
0 0.803066 0.641761 0.374229 0.634325
0 0.463569 0.471667 0.343639 0.867339
0 0.161937 0.461378 0.323874 0.801769
0 0.256805 0.453498 0.111774 0.734487
0 0.356963 0.619898 0.129629 0.437676
0 0.803066 0.641761 0.374229 0.634325
0 0.463569 0.471667 0.343639 0.867339
0 0.161937 0.461378 0.323874 0.801769
0 0.256805 0.453498 0.111774 0.734487
0 0.356963 0.619898 0.129629 0.437676
0 0.0178097 0.421178 0.0356195 0.668366
0 0.514141 0.652472 0.205416 0.46424
0 0.144355 0.590865 0.123593 0.400455
0 0.252861 0.613102 0.0981973 0.389254
0 0.107163 0.453743 0.214224 0.76194
0 0.0477391 0.572039 0.0902478 0.368455
