0 0.17544 0.553387 0.123 0.557422
0 0.629094 0.663019 0.0886617 0.541423
0 0.29263 0.59979 0.116858 0.506602
0 0.74599 0.825429 0.0830286 0.310317
0 0.528414 0.619661 0.116051 0.521742
0 0.0566523 0.591667 0.109708 0.444924
0 0.846933 0.807584 0.12102 0.380474
0 0.41484 0.595899 0.118341 0.536012
0 0.972521 0.717474 0.054957 0.509331
0 0.415021 0.599192 0.116574 0.527454
0 0.810877 0.605687 0.347578 0.784629
0 0.480484 0.224639 0.224266 0.283847
0 0.17544 0.553387 0.123 0.557422
0 0.629094 0.663019 0.0886617 0.541423
0 0.29263 0.59979 0.116858 0.506602
0 0.74599 0.825429 0.0830286 0.310317
0 0.528414 0.619661 0.116051 0.521742
0 0.0566523 0.591667 0.109708 0.444924
0 0.846933 0.807584 0.12102 0.380474
0 0.41484 0.595899 0.118341 0.536012
0 0.972521 0.717474 0.054957 0.509331
0 0.415021 0.599192 0.116574 0.527454
0 0.810877 0.605687 0.347578 0.784629
0 0.480484 0.224639 0.224266 0.283847
0 0.17544 0.553387 0.123 0.557422
0 0.629094 0.663019 0.0886617 0.541423
0 0.29263 0.59979 0.116858 0.506602
0 0.74599 0.825429 0.0830286 0.310317
0 0.528414 0.619661 0.116051 0.521742
0 0.0566523 0.591667 0.109708 0.444924
0 0.846933 0.807584 0.12102 0.380474
0 0.41484 0.595899 0.118341 0.536012
0 0.972521 0.717474 0.054957 0.509331
0 0.415021 0.599192 0.116574 0.527454
0 0.810877 0.605687 0.347578 0.784629
0 0.480484 0.224639 0.224266 0.283847
0 0.529145 0.612735 0.116426 0.538589
0 0.173039 0.544536 0.122843 0.574352
0 0.29174 0.577619 0.122778 0.546372
0 0.414935 0.598592 0.116918 0.543201
0 0.631489 0.586033 0.0932645 0.701651
0 0.0572551 0.474432 0.11451 0.688422
0 0.851345 0.795918 0.128768 0.387268
0 0.529145 0.612735 0.116426 0.538589
0 0.173039 0.544536 0.122843 0.574352
0 0.29174 0.577619 0.122778 0.546372
0 0.414935 0.598592 0.116918 0.543201
0 0.631489 0.586033 0.0932645 0.701651
0 0.0572551 0.474432 0.11451 0.688422
0 0.851345 0.795918 0.128768 0.387268
0 0.735836 0.643651 0.14807 0.678204
0 0.056239 0.593226 0.112407 0.44354
0 0.0579156 0.469939 0.115831 0.710326
