0 0.146086 0.116315 0.247715 0.215782
0 0.1405 0.703972 0.217498 0.357576
0 0.146086 0.116315 0.247715 0.215782
0 0.1405 0.703972 0.217498 0.357576
0 0.146086 0.116315 0.247715 0.215782
0 0.1405 0.703972 0.217498 0.357576
0 0.139445 0.737861 0.23914 0.439937
0 0.520809 0.370476 0.620829 0.331742
0 0.143185 0.272948 0.278234 0.530606
0 0.139445 0.737861 0.23914 0.439937
0 0.520809 0.370476 0.620829 0.331742
0 0.143185 0.272948 0.278234 0.530606
0 0.148826 0.133608 0.257095 0.235822
0 0.378941 0.115464 0.264504 0.230928
