0 0.578545 0.537927 0.131643 0.62974
0 0.983863 0.519023 0.0322748 0.621559
0 0.870833 0.514715 0.166441 0.640064
0 0.030865 0.647495 0.0611056 0.6764
0 0.712244 0.535633 0.136974 0.632365
0 0.281123 0.586499 0.120854 0.608325
0 0.130881 0.619851 0.137315 0.586206
0 0.132074 0.620708 0.133096 0.576072
0 0.439173 0.586314 0.134664 0.650899
0 0.288449 0.587205 0.13589 0.613431
0 0.935361 0.523948 0.048755 0.671277
0 0.578545 0.537927 0.131643 0.62974
0 0.983863 0.519023 0.0322748 0.621559
0 0.870833 0.514715 0.166441 0.640064
0 0.030865 0.647495 0.0611056 0.6764
0 0.712244 0.535633 0.136974 0.632365
0 0.281123 0.586499 0.120854 0.608325
0 0.130881 0.619851 0.137315 0.586206
0 0.132074 0.620708 0.133096 0.576072
0 0.439173 0.586314 0.134664 0.650899
0 0.288449 0.587205 0.13589 0.613431
0 0.935361 0.523948 0.048755 0.671277
0 0.578545 0.537927 0.131643 0.62974
0 0.983863 0.519023 0.0322748 0.621559
0 0.870833 0.514715 0.166441 0.640064
0 0.030865 0.647495 0.0611056 0.6764
0 0.712244 0.535633 0.136974 0.632365
0 0.281123 0.586499 0.120854 0.608325
0 0.130881 0.619851 0.137315 0.586206
0 0.132074 0.620708 0.133096 0.576072
0 0.439173 0.586314 0.134664 0.650899
0 0.288449 0.587205 0.13589 0.613431
0 0.935361 0.523948 0.048755 0.671277
0 0.712937 0.55077 0.136402 0.637728
0 0.131514 0.625598 0.135373 0.583473
0 0.55548 0.566302 0.0850219 0.583772
0 0.0301086 0.651024 0.0602171 0.660808
0 0.291825 0.595154 0.140878 0.625826
0 0.984409 0.529028 0.0311537 0.635265
0 0.873342 0.528016 0.169548 0.656425
0 0.395849 0.606763 0.0568037 0.668743
0 0.620433 0.566695 0.0533613 0.556833
0 0.712937 0.55077 0.136402 0.637728
0 0.131514 0.625598 0.135373 0.583473
0 0.55548 0.566302 0.0850219 0.583772
0 0.0301086 0.651024 0.0602171 0.660808
0 0.291825 0.595154 0.140878 0.625826
0 0.984409 0.529028 0.0311537 0.635265
0 0.873342 0.528016 0.169548 0.656425
0 0.395849 0.606763 0.0568037 0.668743
0 0.620433 0.566695 0.0533613 0.556833
0 0.463476 0.618289 0.087443 0.67857
0 0.438401 0.605128 0.146318 0.731305
0 0.469146 0.617966 0.0765555 0.658953
0 0.437472 0.619654 0.13449 0.679208
0 0.923237 0.523809 0.0711255 0.647794
0 0.837844 0.529219 0.0950038 0.618683
