0 0.856509 0.596857 0.246426 0.655815
0 0.177812 0.610125 0.244852 0.611469
0 0.640637 0.592277 0.232673 0.673022
0 0.152995 0.134957 0.25193 0.269915
0 0.877353 0.131249 0.24174 0.262499
0 0.393937 0.130313 0.251089 0.260625
0 0.401735 0.615162 0.232768 0.611171
0 0.97994 0.596478 0.0401204 0.60027
0 0.856509 0.596857 0.246426 0.655815
0 0.177812 0.610125 0.244852 0.611469
0 0.640637 0.592277 0.232673 0.673022
0 0.152995 0.134957 0.25193 0.269915
0 0.877353 0.131249 0.24174 0.262499
0 0.393937 0.130313 0.251089 0.260625
0 0.401735 0.615162 0.232768 0.611171
0 0.97994 0.596478 0.0401204 0.60027
0 0.856509 0.596857 0.246426 0.655815
0 0.177812 0.610125 0.244852 0.611469
0 0.640637 0.592277 0.232673 0.673022
0 0.152995 0.134957 0.25193 0.269915
0 0.877353 0.131249 0.24174 0.262499
0 0.393937 0.130313 0.251089 0.260625
0 0.401735 0.615162 0.232768 0.611171
0 0.97994 0.596478 0.0401204 0.60027
0 0.638948 0.592627 0.240246 0.676963
0 0.861817 0.60144 0.247976 0.670468
0 0.395815 0.125018 0.24961 0.250035
0 0.40459 0.630262 0.22156 0.586947
0 0.638948 0.592627 0.240246 0.676963
0 0.861817 0.60144 0.247976 0.670468
0 0.395815 0.125018 0.24961 0.250035
0 0.40459 0.630262 0.22156 0.586947
0 0.150264 0.121693 0.25279 0.243386
