0 0.572162 0.4938 0.087631 0.95329
0 0.65462 0.481204 0.0834002 0.953551
0 0.810518 0.516235 0.0920074 0.878849
0 0.733178 0.509772 0.0900234 0.906514
0 0.215977 0.527307 0.100406 0.911417
0 0.490693 0.512813 0.0915194 0.938785
0 0.0534587 0.53196 0.104691 0.899519
0 0.962801 0.573889 0.0743974 0.714023
0 0.131338 0.514268 0.108173 0.93872
0 0.401542 0.542799 0.0883444 0.877014
0 0.0112061 0.571225 0.0224121 0.855695
0 0.572162 0.4938 0.087631 0.95329
0 0.65462 0.481204 0.0834002 0.953551
0 0.810518 0.516235 0.0920074 0.878849
0 0.733178 0.509772 0.0900234 0.906514
0 0.215977 0.527307 0.100406 0.911417
0 0.490693 0.512813 0.0915194 0.938785
0 0.0534587 0.53196 0.104691 0.899519
0 0.962801 0.573889 0.0743974 0.714023
0 0.131338 0.514268 0.108173 0.93872
0 0.401542 0.542799 0.0883444 0.877014
0 0.0112061 0.571225 0.0224121 0.855695
0 0.572162 0.4938 0.087631 0.95329
0 0.65462 0.481204 0.0834002 0.953551
0 0.810518 0.516235 0.0920074 0.878849
0 0.733178 0.509772 0.0900234 0.906514
0 0.215977 0.527307 0.100406 0.911417
0 0.490693 0.512813 0.0915194 0.938785
0 0.0534587 0.53196 0.104691 0.899519
0 0.962801 0.573889 0.0743974 0.714023
0 0.131338 0.514268 0.108173 0.93872
0 0.401542 0.542799 0.0883444 0.877014
0 0.0112061 0.571225 0.0224121 0.855695
0 0.21331 0.493666 0.10595 0.973961
0 0.400562 0.492769 0.0990644 0.967535
0 0.653887 0.47235 0.0910726 0.9447
0 0.811037 0.466886 0.0929058 0.933773
0 0.1284 0.499134 0.105766 0.974517
0 0.73306 0.475097 0.0913323 0.950194
0 0.573555 0.477973 0.0896878 0.955946
0 0.0530919 0.523542 0.102846 0.910518
0 0.489235 0.498459 0.0924336 0.956104
0 0.307373 0.509588 0.107356 0.940398
0 0.963426 0.482154 0.0731481 0.880748
0 0.011716 0.556155 0.023432 0.866564
0 0.21331 0.493666 0.10595 0.973961
0 0.400562 0.492769 0.0990644 0.967535
0 0.653887 0.47235 0.0910726 0.9447
0 0.811037 0.466886 0.0929058 0.933773
0 0.1284 0.499134 0.105766 0.974517
0 0.73306 0.475097 0.0913323 0.950194
0 0.573555 0.477973 0.0896878 0.955946
0 0.0530919 0.523542 0.102846 0.910518
0 0.489235 0.498459 0.0924336 0.956104
0 0.307373 0.509588 0.107356 0.940398
0 0.963426 0.482154 0.0731481 0.880748
0 0.011716 0.556155 0.023432 0.866564
0 0.0122333 0.547107 0.0244665 0.899364
