0 0.550488 0.686359 0.0919537 0.482026
0 0.164818 0.666721 0.100718 0.502056
0 0.64619 0.684531 0.102319 0.496539
0 0.261044 0.675673 0.100097 0.501767
0 0.922982 0.697512 0.0896799 0.476583
0 0.454499 0.681346 0.100043 0.50305
0 0.357935 0.678616 0.0990375 0.506796
0 0.830206 0.691155 0.100986 0.483048
0 0.730291 0.31659 0.0480017 0.258759
0 0.068052 0.666148 0.0995397 0.505821
0 0.681985 0.3127 0.0492122 0.263818
0 0.24231 0.300898 0.0573083 0.266489
0 0.979645 0.708702 0.0407108 0.470678
0 0.632613 0.312159 0.0488769 0.26225
0 0.486299 0.315257 0.0498884 0.309118
0 0.0119254 0.674318 0.0238508 0.509692
0 0.740321 0.687351 0.0895529 0.492909
0 0.922669 0.311254 0.0567922 0.308008
0 0.582638 0.311408 0.0529771 0.274086
0 0.534092 0.314507 0.0507402 0.298654
0 0.192149 0.295081 0.0460565 0.280512
0 0.385979 0.307474 0.0373787 0.254792
0 0.870754 0.315207 0.0536616 0.286425
0 0.74029 0.686929 0.0883855 0.487697
0 0.437564 0.305947 0.050009 0.263992
0 0.296528 0.30581 0.0532052 0.275365
0 0.778405 0.31907 0.0510449 0.273206
0 0.777665 0.31869 0.0508062 0.274787
0 0.974961 0.322771 0.0500779 0.311547
0 0.818794 0.31817 0.034811 0.259522
0 0.550488 0.686359 0.0919537 0.482026
0 0.164818 0.666721 0.100718 0.502056
0 0.64619 0.684531 0.102319 0.496539
0 0.261044 0.675673 0.100097 0.501767
0 0.922982 0.697512 0.0896799 0.476583
0 0.454499 0.681346 0.100043 0.50305
0 0.357935 0.678616 0.0990375 0.506796
0 0.830206 0.691155 0.100986 0.483048
0 0.730291 0.31659 0.0480017 0.258759
0 0.068052 0.666148 0.0995397 0.505821
0 0.681985 0.3127 0.0492122 0.263818
0 0.24231 0.300898 0.0573083 0.266489
0 0.979645 0.708702 0.0407108 0.470678
0 0.632613 0.312159 0.0488769 0.26225
0 0.486299 0.315257 0.0498884 0.309118
0 0.0119254 0.674318 0.0238508 0.509692
0 0.740321 0.687351 0.0895529 0.492909
0 0.922669 0.311254 0.0567922 0.308008
0 0.582638 0.311408 0.0529771 0.274086
0 0.534092 0.314507 0.0507402 0.298654
0 0.192149 0.295081 0.0460565 0.280512
0 0.385979 0.307474 0.0373787 0.254792
0 0.870754 0.315207 0.0536616 0.286425
0 0.74029 0.686929 0.0883855 0.487697
0 0.437564 0.305947 0.050009 0.263992
0 0.296528 0.30581 0.0532052 0.275365
0 0.778405 0.31907 0.0510449 0.273206
0 0.777665 0.31869 0.0508062 0.274787
0 0.974961 0.322771 0.0500779 0.311547
0 0.818794 0.31817 0.034811 0.259522
0 0.550488 0.686359 0.0919537 0.482026
0 0.164818 0.666721 0.100718 0.502056
0 0.64619 0.684531 0.102319 0.496539
0 0.261044 0.675673 0.100097 0.501767
0 0.922982 0.697512 0.0896799 0.476583
0 0.454499 0.681346 0.100043 0.50305
0 0.357935 0.678616 0.0990375 0.506796
0 0.830206 0.691155 0.100986 0.483048
0 0.730291 0.31659 0.0480017 0.258759
0 0.068052 0.666148 0.0995397 0.505821
0 0.681985 0.3127 0.0492122 0.263818
0 0.24231 0.300898 0.0573083 0.266489
0 0.979645 0.708702 0.0407108 0.470678
0 0.632613 0.312159 0.0488769 0.26225
0 0.486299 0.315257 0.0498884 0.309118
0 0.0119254 0.674318 0.0238508 0.509692
0 0.740321 0.687351 0.0895529 0.492909
0 0.922669 0.311254 0.0567922 0.308008
0 0.582638 0.311408 0.0529771 0.274086
0 0.534092 0.314507 0.0507402 0.298654
0 0.192149 0.295081 0.0460565 0.280512
0 0.385979 0.307474 0.0373787 0.254792
0 0.870754 0.315207 0.0536616 0.286425
0 0.74029 0.686929 0.0883855 0.487697
0 0.437564 0.305947 0.050009 0.263992
0 0.296528 0.30581 0.0532052 0.275365
0 0.778405 0.31907 0.0510449 0.273206
0 0.777665 0.31869 0.0508062 0.274787
0 0.974961 0.322771 0.0500779 0.311547
0 0.818794 0.31817 0.034811 0.259522
0 0.164838 0.669193 0.0978062 0.489126
0 0.261403 0.680033 0.0991109 0.492686
0 0.359177 0.6836 0.0962805 0.497461
0 0.646459 0.690445 0.101059 0.487111
0 0.0688701 0.669264 0.0970394 0.49567
0 0.45553 0.685514 0.0994886 0.493276
0 0.830501 0.695455 0.100254 0.479326
0 0.550726 0.686657 0.0907195 0.477331
0 0.740237 0.69054 0.088067 0.476391
0 0.922757 0.699696 0.0878685 0.474001
0 0.981028 0.707469 0.037943 0.460044
0 0.0122174 0.673947 0.0244349 0.496772
0 0.730485 0.316658 0.0491255 0.251871
0 0.681774 0.310715 0.0483747 0.252632
0 0.164838 0.669193 0.0978062 0.489126
0 0.261403 0.680033 0.0991109 0.492686
0 0.359177 0.6836 0.0962805 0.497461
0 0.646459 0.690445 0.101059 0.487111
0 0.0688701 0.669264 0.0970394 0.49567
0 0.45553 0.685514 0.0994886 0.493276
0 0.830501 0.695455 0.100254 0.479326
0 0.550726 0.686657 0.0907195 0.477331
0 0.740237 0.69054 0.088067 0.476391
0 0.922757 0.699696 0.0878685 0.474001
0 0.981028 0.707469 0.037943 0.460044
0 0.0122174 0.673947 0.0244349 0.496772
0 0.730485 0.316658 0.0491255 0.251871
0 0.681774 0.310715 0.0483747 0.252632
0 0.800521 0.321391 0.0659449 0.265977
