0 0.353326 0.531265 0.101823 0.733458
0 0.817606 0.420429 0.104271 0.779172
0 0.443899 0.509238 0.099964 0.741626
0 0.91776 0.405414 0.10667 0.774759
0 0.534918 0.488602 0.0988736 0.740728
0 0.6259 0.463378 0.0977147 0.739398
0 0.721428 0.441095 0.100311 0.765552
0 0.981015 0.4034 0.0379706 0.740214
0 0.0220468 0.732555 0.0437776 0.458964
0 0.0792969 0.718774 0.0962013 0.441805
0 0.26705 0.54327 0.0995 0.730382
0 0.174195 0.569321 0.101707 0.706446
0 0.174677 0.566486 0.10334 0.710003
0 0.353326 0.531265 0.101823 0.733458
0 0.817606 0.420429 0.104271 0.779172
0 0.443899 0.509238 0.099964 0.741626
0 0.91776 0.405414 0.10667 0.774759
0 0.534918 0.488602 0.0988736 0.740728
0 0.6259 0.463378 0.0977147 0.739398
0 0.721428 0.441095 0.100311 0.765552
0 0.981015 0.4034 0.0379706 0.740214
0 0.0220468 0.732555 0.0437776 0.458964
0 0.0792969 0.718774 0.0962013 0.441805
0 0.26705 0.54327 0.0995 0.730382
0 0.174195 0.569321 0.101707 0.706446
0 0.174677 0.566486 0.10334 0.710003
0 0.353326 0.531265 0.101823 0.733458
0 0.817606 0.420429 0.104271 0.779172
0 0.443899 0.509238 0.099964 0.741626
0 0.91776 0.405414 0.10667 0.774759
0 0.534918 0.488602 0.0988736 0.740728
0 0.6259 0.463378 0.0977147 0.739398
0 0.721428 0.441095 0.100311 0.765552
0 0.981015 0.4034 0.0379706 0.740214
0 0.0220468 0.732555 0.0437776 0.458964
0 0.0792969 0.718774 0.0962013 0.441805
0 0.26705 0.54327 0.0995 0.730382
0 0.174195 0.569321 0.101707 0.706446
0 0.174677 0.566486 0.10334 0.710003
0 0.5342 0.491835 0.0965729 0.728267
0 0.267168 0.548553 0.095984 0.715128
0 0.818593 0.422118 0.100256 0.754849
0 0.918513 0.402494 0.104957 0.760177
0 0.443697 0.511672 0.098185 0.728126
0 0.722353 0.443272 0.0991849 0.749023
0 0.353356 0.531612 0.0983324 0.719159
0 0.62686 0.463134 0.0971832 0.718316
0 0.174573 0.57003 0.102796 0.709736
0 0.984024 0.392464 0.0319511 0.715567
0 0.0214891 0.7414 0.0429783 0.446752
0 0.0808136 0.728481 0.0928361 0.423544
0 0.5342 0.491835 0.0965729 0.728267
0 0.267168 0.548553 0.095984 0.715128
0 0.818593 0.422118 0.100256 0.754849
0 0.918513 0.402494 0.104957 0.760177
0 0.443697 0.511672 0.098185 0.728126
0 0.722353 0.443272 0.0991849 0.749023
0 0.353356 0.531612 0.0983324 0.719159
0 0.62686 0.463134 0.0971832 0.718316
0 0.174573 0.57003 0.102796 0.709736
0 0.984024 0.392464 0.0319511 0.715567
0 0.0214891 0.7414 0.0429783 0.446752
0 0.0808136 0.728481 0.0928361 0.423544
0 0.983393 0.390776 0.0332132 0.721795
