0 0.823805 0.73576 0.0831191 0.438185
0 0.479255 0.725831 0.0870307 0.449415
0 0.831463 0.295429 0.0882672 0.499698
0 0.901907 0.737346 0.076835 0.432956
0 0.737646 0.735211 0.0913852 0.467511
0 0.746129 0.286622 0.0896727 0.490082
0 0.647215 0.722977 0.0879021 0.4502
0 0.483486 0.278008 0.0887796 0.511487
0 0.392857 0.739807 0.0863029 0.442111
0 0.65807 0.277879 0.090442 0.489523
0 0.912158 0.291183 0.0817809 0.495258
0 0.560824 0.724242 0.0784742 0.466413
0 0.396135 0.286011 0.0927134 0.498281
0 0.567291 0.262291 0.0845297 0.477557
0 0.969977 0.733778 0.0600456 0.446242
0 0.974338 0.295323 0.051323 0.493856
0 0.103268 0.261538 0.095491 0.484699
0 0.0287141 0.271371 0.0573229 0.511841
0 0.0968316 0.721361 0.0925738 0.442959
0 0.244326 0.619434 0.170668 0.688482
0 0.0251263 0.722617 0.0498078 0.444109
0 0.0960873 0.720407 0.0927828 0.446286
0 0.823805 0.73576 0.0831191 0.438185
0 0.479255 0.725831 0.0870307 0.449415
0 0.831463 0.295429 0.0882672 0.499698
0 0.901907 0.737346 0.076835 0.432956
0 0.737646 0.735211 0.0913852 0.467511
0 0.746129 0.286622 0.0896727 0.490082
0 0.647215 0.722977 0.0879021 0.4502
0 0.483486 0.278008 0.0887796 0.511487
0 0.392857 0.739807 0.0863029 0.442111
0 0.65807 0.277879 0.090442 0.489523
0 0.912158 0.291183 0.0817809 0.495258
0 0.560824 0.724242 0.0784742 0.466413
0 0.396135 0.286011 0.0927134 0.498281
0 0.567291 0.262291 0.0845297 0.477557
0 0.969977 0.733778 0.0600456 0.446242
0 0.974338 0.295323 0.051323 0.493856
0 0.103268 0.261538 0.095491 0.484699
0 0.0287141 0.271371 0.0573229 0.511841
0 0.0968316 0.721361 0.0925738 0.442959
0 0.244326 0.619434 0.170668 0.688482
0 0.0251263 0.722617 0.0498078 0.444109
0 0.0960873 0.720407 0.0927828 0.446286
0 0.823805 0.73576 0.0831191 0.438185
0 0.479255 0.725831 0.0870307 0.449415
0 0.831463 0.295429 0.0882672 0.499698
0 0.901907 0.737346 0.076835 0.432956
0 0.737646 0.735211 0.0913852 0.467511
0 0.746129 0.286622 0.0896727 0.490082
0 0.647215 0.722977 0.0879021 0.4502
0 0.483486 0.278008 0.0887796 0.511487
0 0.392857 0.739807 0.0863029 0.442111
0 0.65807 0.277879 0.090442 0.489523
0 0.912158 0.291183 0.0817809 0.495258
0 0.560824 0.724242 0.0784742 0.466413
0 0.396135 0.286011 0.0927134 0.498281
0 0.567291 0.262291 0.0845297 0.477557
0 0.969977 0.733778 0.0600456 0.446242
0 0.974338 0.295323 0.051323 0.493856
0 0.103268 0.261538 0.095491 0.484699
0 0.0287141 0.271371 0.0573229 0.511841
0 0.0968316 0.721361 0.0925738 0.442959
0 0.244326 0.619434 0.170668 0.688482
0 0.0251263 0.722617 0.0498078 0.444109
0 0.0960873 0.720407 0.0927828 0.446286
0 0.479364 0.731134 0.0867277 0.441312
0 0.657372 0.27764 0.0898349 0.479501
0 0.483944 0.27396 0.0874814 0.498928
0 0.831221 0.290761 0.085931 0.485462
0 0.824167 0.74131 0.0833622 0.441292
0 0.560353 0.718601 0.079354 0.46313
0 0.911925 0.287313 0.0820571 0.478443
0 0.974829 0.29001 0.0503428 0.483614
0 0.73772 0.733158 0.0925231 0.470249
0 0.567295 0.262463 0.0837 0.473171
0 0.247886 0.631133 0.175272 0.672753
0 0.0972924 0.721712 0.0945248 0.447053
0 0.392367 0.743777 0.087334 0.439635
0 0.102869 0.263399 0.0957583 0.484217
0 0.745813 0.283563 0.089711 0.477939
0 0.647535 0.725799 0.0887575 0.45072
0 0.397109 0.288455 0.0893126 0.493051
0 0.969963 0.730574 0.060074 0.448302
0 0.0283114 0.273707 0.0563524 0.504903
0 0.901764 0.736792 0.0785254 0.435451
0 0.0247829 0.721983 0.0492472 0.424217
0 0.479364 0.731134 0.0867277 0.441312
0 0.657372 0.27764 0.0898349 0.479501
0 0.483944 0.27396 0.0874814 0.498928
0 0.831221 0.290761 0.085931 0.485462
0 0.824167 0.74131 0.0833622 0.441292
0 0.560353 0.718601 0.079354 0.46313
0 0.911925 0.287313 0.0820571 0.478443
0 0.974829 0.29001 0.0503428 0.483614
0 0.73772 0.733158 0.0925231 0.470249
0 0.567295 0.262463 0.0837 0.473171
0 0.247886 0.631133 0.175272 0.672753
0 0.0972924 0.721712 0.0945248 0.447053
0 0.392367 0.743777 0.087334 0.439635
0 0.102869 0.263399 0.0957583 0.484217
0 0.745813 0.283563 0.089711 0.477939
0 0.647535 0.725799 0.0887575 0.45072
0 0.397109 0.288455 0.0893126 0.493051
0 0.969963 0.730574 0.060074 0.448302
0 0.0283114 0.273707 0.0563524 0.504903
0 0.901764 0.736792 0.0785254 0.435451
0 0.0247829 0.721983 0.0492472 0.424217
0 0.0253556 0.721422 0.049896 0.424806
