0 0.0225233 0.660071 0.0450466 0.276992
0 0.0583767 0.296454 0.113055 0.456443
0 0.0809333 0.657853 0.084457 0.26922
0 0.785971 0.593439 0.252945 0.781974
0 0.943563 0.67616 0.110888 0.639277
0 0.945315 0.68267 0.109369 0.634661
0 0.0225233 0.660071 0.0450466 0.276992
0 0.0583767 0.296454 0.113055 0.456443
0 0.0809333 0.657853 0.084457 0.26922
0 0.785971 0.593439 0.252945 0.781974
0 0.943563 0.67616 0.110888 0.639277
0 0.945315 0.68267 0.109369 0.634661
0 0.0225233 0.660071 0.0450466 0.276992
0 0.0583767 0.296454 0.113055 0.456443
0 0.0809333 0.657853 0.084457 0.26922
0 0.785971 0.593439 0.252945 0.781974
0 0.943563 0.67616 0.110888 0.639277
0 0.945315 0.68267 0.109369 0.634661
0 0.946749 0.67767 0.106502 0.628976
0 0.0616323 0.3016 0.116293 0.447598
0 0.282309 0.494243 0.325706 0.855399
0 0.529703 0.318673 0.157943 0.45213
0 0.788842 0.617963 0.243123 0.723688
0 0.0231849 0.670431 0.0454829 0.288748
0 0.842553 0.150675 0.0999859 0.250026
0 0.787234 0.619717 0.245636 0.723939
0 0.946749 0.67767 0.106502 0.628976
0 0.0616323 0.3016 0.116293 0.447598
0 0.282309 0.494243 0.325706 0.855399
0 0.529703 0.318673 0.157943 0.45213
0 0.788842 0.617963 0.243123 0.723688
0 0.0231849 0.670431 0.0454829 0.288748
0 0.842553 0.150675 0.0999859 0.250026
0 0.787234 0.619717 0.245636 0.723939
0 0.0768009 0.659818 0.0740794 0.266536
0 0.527296 0.753656 0.151695 0.369473
0 0.751512 0.146096 0.085601 0.24236
0 0.0666096 0.45663 0.133219 0.762841
