0 0.383807 0.693039 0.170413 0.5642
0 0.703804 0.312975 0.168065 0.567752
0 0.221109 0.700885 0.170848 0.565234
0 0.537268 0.493121 0.183633 0.933828
0 0.875817 0.320516 0.170786 0.572249
0 0.0708396 0.508192 0.141679 0.966009
0 0.708615 0.715201 0.15702 0.47021
0 0.864964 0.723904 0.155296 0.441476
0 0.383807 0.693039 0.170413 0.5642
0 0.703804 0.312975 0.168065 0.567752
0 0.221109 0.700885 0.170848 0.565234
0 0.537268 0.493121 0.183633 0.933828
0 0.875817 0.320516 0.170786 0.572249
0 0.0708396 0.508192 0.141679 0.966009
0 0.708615 0.715201 0.15702 0.47021
0 0.864964 0.723904 0.155296 0.441476
0 0.383807 0.693039 0.170413 0.5642
0 0.703804 0.312975 0.168065 0.567752
0 0.221109 0.700885 0.170848 0.565234
0 0.537268 0.493121 0.183633 0.933828
0 0.875817 0.320516 0.170786 0.572249
0 0.0708396 0.508192 0.141679 0.966009
0 0.708615 0.715201 0.15702 0.47021
0 0.864964 0.723904 0.155296 0.441476
0 0.383403 0.693866 0.16813 0.566739
0 0.222066 0.69227 0.169922 0.585214
0 0.538743 0.48255 0.183092 0.945514
0 0.0725049 0.503885 0.144772 0.959766
0 0.865846 0.71896 0.160618 0.447186
0 0.875031 0.326272 0.173356 0.571175
0 0.707888 0.724066 0.158812 0.447874
0 0.704637 0.481958 0.170838 0.950883
0 0.704921 0.278605 0.169565 0.49581
0 0.383403 0.693866 0.16813 0.566739
0 0.222066 0.69227 0.169922 0.585214
0 0.538743 0.48255 0.183092 0.945514
0 0.0725049 0.503885 0.144772 0.959766
0 0.865846 0.71896 0.160618 0.447186
0 0.875031 0.326272 0.173356 0.571175
0 0.707888 0.724066 0.158812 0.447874
0 0.704637 0.481958 0.170838 0.950883
0 0.704921 0.278605 0.169565 0.49581
0 0.536355 0.295392 0.175951 0.55626
0 0.705317 0.317523 0.169824 0.56929
