0 0.261884 0.513428 0.06654 0.842143
0 0.466043 0.516578 0.062448 0.764274
0 0.132265 0.514402 0.0758266 0.880752
0 0.862431 0.423181 0.0767624 0.820309
0 0.933938 0.436833 0.0844051 0.839211
0 0.330759 0.504376 0.0744846 0.850088
0 0.199525 0.522493 0.0677507 0.881327
0 0.400896 0.512054 0.0708733 0.82632
0 0.530498 0.49881 0.0699939 0.81232
0 0.736309 0.46542 0.064494 0.831333
0 0.988332 0.428745 0.0233356 0.824124
0 0.601327 0.478464 0.0762364 0.839654
0 0.671045 0.464897 0.0710787 0.836025
0 0.0587975 0.536113 0.0879326 0.903502
0 0.0122177 0.581163 0.0243085 0.837674
0 0.261884 0.513428 0.06654 0.842143
0 0.466043 0.516578 0.062448 0.764274
0 0.132265 0.514402 0.0758266 0.880752
0 0.862431 0.423181 0.0767624 0.820309
0 0.933938 0.436833 0.0844051 0.839211
0 0.330759 0.504376 0.0744846 0.850088
0 0.199525 0.522493 0.0677507 0.881327
0 0.400896 0.512054 0.0708733 0.82632
0 0.530498 0.49881 0.0699939 0.81232
0 0.736309 0.46542 0.064494 0.831333
0 0.988332 0.428745 0.0233356 0.824124
0 0.601327 0.478464 0.0762364 0.839654
0 0.671045 0.464897 0.0710787 0.836025
0 0.0587975 0.536113 0.0879326 0.903502
0 0.0122177 0.581163 0.0243085 0.837674
0 0.261884 0.513428 0.06654 0.842143
0 0.466043 0.516578 0.062448 0.764274
0 0.132265 0.514402 0.0758266 0.880752
0 0.862431 0.423181 0.0767624 0.820309
0 0.933938 0.436833 0.0844051 0.839211
0 0.330759 0.504376 0.0744846 0.850088
0 0.199525 0.522493 0.0677507 0.881327
0 0.400896 0.512054 0.0708733 0.82632
0 0.530498 0.49881 0.0699939 0.81232
0 0.736309 0.46542 0.064494 0.831333
0 0.988332 0.428745 0.0233356 0.824124
0 0.601327 0.478464 0.0762364 0.839654
0 0.671045 0.464897 0.0710787 0.836025
0 0.0587975 0.536113 0.0879326 0.903502
0 0.0122177 0.581163 0.0243085 0.837674
0 0.32972 0.489532 0.0731052 0.869493
0 0.131491 0.517144 0.0731234 0.855886
0 0.400603 0.478348 0.0707408 0.864374
0 0.53028 0.46441 0.0692678 0.861991
0 0.670575 0.48251 0.068895 0.868758
0 0.261061 0.499597 0.0671624 0.852465
0 0.0592232 0.530428 0.0829326 0.871786
0 0.198792 0.521546 0.06622 0.858262
0 0.600204 0.473604 0.0724839 0.8357
0 0.933682 0.428345 0.0831054 0.841874
0 0.86132 0.41635 0.0751499 0.818065
0 0.465142 0.483597 0.0614843 0.81452
0 0.0130466 0.542779 0.0260933 0.873069
0 0.98709 0.434237 0.0258206 0.835276
0 0.736155 0.473604 0.0656837 0.87769
0 0.32972 0.489532 0.0731052 0.869493
0 0.131491 0.517144 0.0731234 0.855886
0 0.400603 0.478348 0.0707408 0.864374
0 0.53028 0.46441 0.0692678 0.861991
0 0.670575 0.48251 0.068895 0.868758
0 0.261061 0.499597 0.0671624 0.852465
0 0.0592232 0.530428 0.0829326 0.871786
0 0.198792 0.521546 0.06622 0.858262
0 0.600204 0.473604 0.0724839 0.8357
0 0.933682 0.428345 0.0831054 0.841874
0 0.86132 0.41635 0.0751499 0.818065
0 0.465142 0.483597 0.0614843 0.81452
0 0.0130466 0.542779 0.0260933 0.873069
0 0.98709 0.434237 0.0258206 0.835276
0 0.736155 0.473604 0.0656837 0.87769
0 0.735777 0.476449 0.0647553 0.872688
0 0.790561 0.427308 0.0484118 0.808787
