0 0.810471 0.465006 0.0831991 0.930012
0 0.140533 0.457753 0.0780402 0.915505
0 0.969627 0.475539 0.0607466 0.900337
0 0.229193 0.462125 0.099108 0.92425
0 0.515724 0.438538 0.0698513 0.877077
0 0.429242 0.461062 0.101395 0.902631
0 0.895128 0.467728 0.0922744 0.91982
0 0.327183 0.459119 0.100917 0.918237
0 0.715549 0.48657 0.109735 0.97314
0 0.603735 0.466754 0.105817 0.933508
0 0.0483409 0.445917 0.0934953 0.891834
0 0.810471 0.465006 0.0831991 0.930012
0 0.140533 0.457753 0.0780402 0.915505
0 0.969627 0.475539 0.0607466 0.900337
0 0.229193 0.462125 0.099108 0.92425
0 0.515724 0.438538 0.0698513 0.877077
0 0.429242 0.461062 0.101395 0.902631
0 0.895128 0.467728 0.0922744 0.91982
0 0.327183 0.459119 0.100917 0.918237
0 0.715549 0.48657 0.109735 0.97314
0 0.603735 0.466754 0.105817 0.933508
0 0.0483409 0.445917 0.0934953 0.891834
0 0.810471 0.465006 0.0831991 0.930012
0 0.140533 0.457753 0.0780402 0.915505
0 0.969627 0.475539 0.0607466 0.900337
0 0.229193 0.462125 0.099108 0.92425
0 0.515724 0.438538 0.0698513 0.877077
0 0.429242 0.461062 0.101395 0.902631
0 0.895128 0.467728 0.0922744 0.91982
0 0.327183 0.459119 0.100917 0.918237
0 0.715549 0.48657 0.109735 0.97314
0 0.603735 0.466754 0.105817 0.933508
0 0.0483409 0.445917 0.0934953 0.891834
0 0.326006 0.463701 0.100202 0.927401
0 0.227536 0.463887 0.098517 0.927774
0 0.713938 0.486486 0.108802 0.972972
0 0.428508 0.464186 0.102356 0.928371
0 0.603975 0.474403 0.108471 0.948806
0 0.809451 0.467446 0.0814123 0.934892
0 0.138717 0.455873 0.0789811 0.911745
0 0.89558 0.478923 0.0925126 0.894029
0 0.515911 0.399644 0.0711061 0.799288
0 0.970108 0.492823 0.0596958 0.86336
0 0.0469785 0.445231 0.093631 0.890462
0 0.326006 0.463701 0.100202 0.927401
0 0.227536 0.463887 0.098517 0.927774
0 0.713938 0.486486 0.108802 0.972972
0 0.428508 0.464186 0.102356 0.928371
0 0.603975 0.474403 0.108471 0.948806
0 0.809451 0.467446 0.0814123 0.934892
0 0.138717 0.455873 0.0789811 0.911745
0 0.89558 0.478923 0.0925126 0.894029
0 0.515911 0.399644 0.0711061 0.799288
0 0.970108 0.492823 0.0596958 0.86336
0 0.0469785 0.445231 0.093631 0.890462
