0 0.914961 0.52438 0.167801 0.813827
0 0.605032 0.544553 0.169361 0.82
0 0.761873 0.599882 0.149339 0.669495
0 0.447098 0.543427 0.154933 0.776265
0 0.104009 0.576262 0.173989 0.774869
0 0.259742 0.51488 0.132528 0.86112
0 0.281077 0.535731 0.171437 0.895728
0 0.914961 0.52438 0.167801 0.813827
0 0.605032 0.544553 0.169361 0.82
0 0.761873 0.599882 0.149339 0.669495
0 0.447098 0.543427 0.154933 0.776265
0 0.104009 0.576262 0.173989 0.774869
0 0.259742 0.51488 0.132528 0.86112
0 0.281077 0.535731 0.171437 0.895728
0 0.914961 0.52438 0.167801 0.813827
0 0.605032 0.544553 0.169361 0.82
0 0.761873 0.599882 0.149339 0.669495
0 0.447098 0.543427 0.154933 0.776265
0 0.104009 0.576262 0.173989 0.774869
0 0.259742 0.51488 0.132528 0.86112
0 0.281077 0.535731 0.171437 0.895728
0 0.445803 0.5326 0.156012 0.816457
0 0.603706 0.561302 0.165994 0.781161
0 0.102794 0.581916 0.176346 0.766343
0 0.913827 0.535675 0.161318 0.797213
0 0.761001 0.620089 0.147041 0.639681
0 0.278107 0.51007 0.17185 0.890187
0 0.278333 0.511335 0.17109 0.887066
0 0.445803 0.5326 0.156012 0.816457
0 0.603706 0.561302 0.165994 0.781161
0 0.102794 0.581916 0.176346 0.766343
0 0.913827 0.535675 0.161318 0.797213
0 0.761001 0.620089 0.147041 0.639681
0 0.278107 0.51007 0.17185 0.890187
0 0.278333 0.511335 0.17109 0.887066
