0 0.551721 0.48206 0.137353 0.949665
0 0.835562 0.544543 0.138623 0.868261
0 0.418223 0.48782 0.138851 0.963932
0 0.295282 0.538129 0.123368 0.883253
0 0.173152 0.525467 0.123575 0.880003
0 0.0605488 0.509918 0.121098 0.890484
0 0.692119 0.499963 0.147395 0.967058
0 0.969409 0.539102 0.0611819 0.810013
0 0.551721 0.48206 0.137353 0.949665
0 0.835562 0.544543 0.138623 0.868261
0 0.418223 0.48782 0.138851 0.963932
0 0.295282 0.538129 0.123368 0.883253
0 0.173152 0.525467 0.123575 0.880003
0 0.0605488 0.509918 0.121098 0.890484
0 0.692119 0.499963 0.147395 0.967058
0 0.969409 0.539102 0.0611819 0.810013
0 0.551721 0.48206 0.137353 0.949665
0 0.835562 0.544543 0.138623 0.868261
0 0.418223 0.48782 0.138851 0.963932
0 0.295282 0.538129 0.123368 0.883253
0 0.173152 0.525467 0.123575 0.880003
0 0.0605488 0.509918 0.121098 0.890484
0 0.692119 0.499963 0.147395 0.967058
0 0.969409 0.539102 0.0611819 0.810013
0 0.552749 0.48009 0.136281 0.96018
0 0.294152 0.513152 0.12534 0.929268
0 0.174004 0.500129 0.129123 0.919123
0 0.418605 0.481396 0.138073 0.962791
0 0.693857 0.488206 0.14595 0.976412
0 0.0606296 0.503818 0.121259 0.913825
0 0.837051 0.53881 0.134482 0.881736
0 0.969142 0.530089 0.061715 0.810549
0 0.552749 0.48009 0.136281 0.96018
0 0.294152 0.513152 0.12534 0.929268
0 0.174004 0.500129 0.129123 0.919123
0 0.418605 0.481396 0.138073 0.962791
0 0.693857 0.488206 0.14595 0.976412
0 0.0606296 0.503818 0.121259 0.913825
0 0.837051 0.53881 0.134482 0.881736
0 0.969142 0.530089 0.061715 0.810549
