0 0.419179 0.693458 0.0683491 0.520022
0 0.687468 0.663077 0.0660942 0.499053
0 0.48719 0.676266 0.0683862 0.518
0 0.275496 0.695418 0.0745064 0.534713
0 0.348609 0.688115 0.0713653 0.517199
0 0.198241 0.700073 0.0774984 0.549801
0 0.118178 0.70102 0.0797653 0.553015
0 0.755036 0.658687 0.07138 0.499705
0 0.556304 0.672248 0.0692939 0.512339
0 0.62361 0.66326 0.0661071 0.526546
0 0.151955 0.208254 0.127904 0.366614
0 0.820995 0.648846 0.06418 0.508427
0 0.882705 0.645936 0.0614413 0.504571
0 0.944133 0.643116 0.0607085 0.501076
0 0.987774 0.664016 0.0244454 0.429068
0 0.944503 0.64726 0.060231 0.495776
0 0.419179 0.693458 0.0683491 0.520022
0 0.687468 0.663077 0.0660942 0.499053
0 0.48719 0.676266 0.0683862 0.518
0 0.275496 0.695418 0.0745064 0.534713
0 0.348609 0.688115 0.0713653 0.517199
0 0.198241 0.700073 0.0774984 0.549801
0 0.118178 0.70102 0.0797653 0.553015
0 0.755036 0.658687 0.07138 0.499705
0 0.556304 0.672248 0.0692939 0.512339
0 0.62361 0.66326 0.0661071 0.526546
0 0.151955 0.208254 0.127904 0.366614
0 0.820995 0.648846 0.06418 0.508427
0 0.882705 0.645936 0.0614413 0.504571
0 0.944133 0.643116 0.0607085 0.501076
0 0.987774 0.664016 0.0244454 0.429068
0 0.944503 0.64726 0.060231 0.495776
0 0.419179 0.693458 0.0683491 0.520022
0 0.687468 0.663077 0.0660942 0.499053
0 0.48719 0.676266 0.0683862 0.518
0 0.275496 0.695418 0.0745064 0.534713
0 0.348609 0.688115 0.0713653 0.517199
0 0.198241 0.700073 0.0774984 0.549801
0 0.118178 0.70102 0.0797653 0.553015
0 0.755036 0.658687 0.07138 0.499705
0 0.556304 0.672248 0.0692939 0.512339
0 0.62361 0.66326 0.0661071 0.526546
0 0.151955 0.208254 0.127904 0.366614
0 0.820995 0.648846 0.06418 0.508427
0 0.882705 0.645936 0.0614413 0.504571
0 0.944133 0.643116 0.0607085 0.501076
0 0.987774 0.664016 0.0244454 0.429068
0 0.944503 0.64726 0.060231 0.495776
0 0.62335 0.665644 0.063652 0.518071
0 0.754406 0.660658 0.0686197 0.496782
0 0.821215 0.653548 0.0624949 0.502988
0 0.197666 0.709979 0.0757229 0.527835
0 0.943493 0.648789 0.062715 0.49692
0 0.881605 0.646711 0.0595697 0.500179
0 0.485954 0.687475 0.0680792 0.497916
0 0.418744 0.702948 0.0671597 0.484251
0 0.116921 0.703121 0.079646 0.558948
0 0.348638 0.687791 0.0686272 0.514416
0 0.158579 0.217186 0.142546 0.384756
0 0.686959 0.663484 0.0659154 0.499023
0 0.349651 0.254966 0.0693609 0.333345
0 0.274607 0.259391 0.0717904 0.321041
0 0.555628 0.681377 0.0686143 0.493078
0 0.420328 0.23934 0.0632609 0.355718
0 0.275096 0.697036 0.0716667 0.523365
0 0.62335 0.665644 0.063652 0.518071
0 0.754406 0.660658 0.0686197 0.496782
0 0.821215 0.653548 0.0624949 0.502988
0 0.197666 0.709979 0.0757229 0.527835
0 0.943493 0.648789 0.062715 0.49692
0 0.881605 0.646711 0.0595697 0.500179
0 0.485954 0.687475 0.0680792 0.497916
0 0.418744 0.702948 0.0671597 0.484251
0 0.116921 0.703121 0.079646 0.558948
0 0.348638 0.687791 0.0686272 0.514416
0 0.158579 0.217186 0.142546 0.384756
0 0.686959 0.663484 0.0659154 0.499023
0 0.349651 0.254966 0.0693609 0.333345
0 0.274607 0.259391 0.0717904 0.321041
0 0.555628 0.681377 0.0686143 0.493078
0 0.420328 0.23934 0.0632609 0.355718
0 0.275096 0.697036 0.0716667 0.523365
0 0.0138862 0.618486 0.0277724 0.572768
0 0.486907 0.254173 0.0656798 0.322137
0 0.555972 0.260098 0.064842 0.308717
