0 0.814928 0.571514 0.169079 0.76247
0 0.669013 0.54823 0.137762 0.733356
0 0.131873 0.520205 0.167429 0.785656
0 0.465104 0.568201 0.155042 0.808588
0 0.299677 0.538334 0.174562 0.809317
0 0.933933 0.594983 0.116286 0.654536
0 0.570186 0.536824 0.0786514 0.726234
0 0.814928 0.571514 0.169079 0.76247
0 0.669013 0.54823 0.137762 0.733356
0 0.131873 0.520205 0.167429 0.785656
0 0.465104 0.568201 0.155042 0.808588
0 0.299677 0.538334 0.174562 0.809317
0 0.933933 0.594983 0.116286 0.654536
0 0.570186 0.536824 0.0786514 0.726234
0 0.814928 0.571514 0.169079 0.76247
0 0.669013 0.54823 0.137762 0.733356
0 0.131873 0.520205 0.167429 0.785656
0 0.465104 0.568201 0.155042 0.808588
0 0.299677 0.538334 0.174562 0.809317
0 0.933933 0.594983 0.116286 0.654536
0 0.570186 0.536824 0.0786514 0.726234
0 0.675672 0.510757 0.148015 0.797063
0 0.466623 0.548636 0.162643 0.863658
0 0.939184 0.547294 0.121633 0.761154
0 0.301771 0.53658 0.182218 0.874858
0 0.130228 0.486998 0.17348 0.927977
0 0.569904 0.544005 0.0798432 0.70877
0 0.819751 0.565478 0.175985 0.810986
0 0.0299962 0.449244 0.0577007 0.882187
0 0.810813 0.736562 0.156121 0.422987
0 0.675672 0.510757 0.148015 0.797063
0 0.466623 0.548636 0.162643 0.863658
0 0.939184 0.547294 0.121633 0.761154
0 0.301771 0.53658 0.182218 0.874858
0 0.130228 0.486998 0.17348 0.927977
0 0.569904 0.544005 0.0798432 0.70877
0 0.819751 0.565478 0.175985 0.810986
0 0.0299962 0.449244 0.0577007 0.882187
0 0.810813 0.736562 0.156121 0.422987
