0 0.442897 0.542667 0.108402 0.405805
0 0.655428 0.87033 0.0900714 0.194208
0 0.333612 0.54743 0.100761 0.39252
0 0.446538 0.869929 0.0938495 0.212571
0 0.542807 0.873316 0.0920742 0.195285
0 0.225042 0.504895 0.13513 0.482978
0 0.344881 0.871995 0.0893826 0.215644
0 0.344817 0.872307 0.0887149 0.214327
0 0.117373 0.570038 0.111335 0.386049
0 0.769739 0.591147 0.0680511 0.313524
0 0.225267 0.512613 0.132421 0.47515
0 0.659553 0.627636 0.0796217 0.247271
0 0.0361481 0.503079 0.0721433 0.53701
0 0.0364438 0.505584 0.0728877 0.521152
0 0.892623 0.883326 0.0966922 0.163604
0 0.0314928 0.408661 0.062953 0.356279
0 0.111283 0.384532 0.0957691 0.363951
0 0.244553 0.875803 0.0969377 0.218582
0 0.442897 0.542667 0.108402 0.405805
0 0.655428 0.87033 0.0900714 0.194208
0 0.333612 0.54743 0.100761 0.39252
0 0.446538 0.869929 0.0938495 0.212571
0 0.542807 0.873316 0.0920742 0.195285
0 0.225042 0.504895 0.13513 0.482978
0 0.344881 0.871995 0.0893826 0.215644
0 0.344817 0.872307 0.0887149 0.214327
0 0.117373 0.570038 0.111335 0.386049
0 0.769739 0.591147 0.0680511 0.313524
0 0.225267 0.512613 0.132421 0.47515
0 0.659553 0.627636 0.0796217 0.247271
0 0.0361481 0.503079 0.0721433 0.53701
0 0.0364438 0.505584 0.0728877 0.521152
0 0.892623 0.883326 0.0966922 0.163604
0 0.0314928 0.408661 0.062953 0.356279
0 0.111283 0.384532 0.0957691 0.363951
0 0.244553 0.875803 0.0969377 0.218582
0 0.442897 0.542667 0.108402 0.405805
0 0.655428 0.87033 0.0900714 0.194208
0 0.333612 0.54743 0.100761 0.39252
0 0.446538 0.869929 0.0938495 0.212571
0 0.542807 0.873316 0.0920742 0.195285
0 0.225042 0.504895 0.13513 0.482978
0 0.344881 0.871995 0.0893826 0.215644
0 0.344817 0.872307 0.0887149 0.214327
0 0.117373 0.570038 0.111335 0.386049
0 0.769739 0.591147 0.0680511 0.313524
0 0.225267 0.512613 0.132421 0.47515
0 0.659553 0.627636 0.0796217 0.247271
0 0.0361481 0.503079 0.0721433 0.53701
0 0.0364438 0.505584 0.0728877 0.521152
0 0.892623 0.883326 0.0966922 0.163604
0 0.0314928 0.408661 0.062953 0.356279
0 0.111283 0.384532 0.0957691 0.363951
0 0.244553 0.875803 0.0969377 0.218582
0 0.335833 0.560651 0.119208 0.836497
0 0.773343 0.626129 0.115297 0.700118
0 0.445488 0.566771 0.123599 0.825544
0 0.542527 0.876082 0.093094 0.187114
0 0.246339 0.873309 0.099944 0.218161
0 0.900276 0.623244 0.129078 0.696355
0 0.038061 0.49255 0.076122 0.558913
0 0.223835 0.474107 0.128691 0.597516
0 0.0493606 0.876609 0.0964067 0.223698
0 0.107522 0.389086 0.104001 0.358744
0 0.659924 0.731959 0.104057 0.461809
0 0.657193 0.569489 0.124149 0.789953
0 0.765201 0.898332 0.101504 0.142693
0 0.547113 0.584198 0.10166 0.806412
0 0.54341 0.728081 0.0942031 0.477324
0 0.342849 0.872962 0.0943996 0.204318
0 0.893227 0.896027 0.0958008 0.136144
0 0.0319355 0.396314 0.063871 0.352638
0 0.544666 0.4758 0.0897131 0.559055
0 0.335833 0.560651 0.119208 0.836497
0 0.773343 0.626129 0.115297 0.700118
0 0.445488 0.566771 0.123599 0.825544
0 0.542527 0.876082 0.093094 0.187114
0 0.246339 0.873309 0.099944 0.218161
0 0.900276 0.623244 0.129078 0.696355
0 0.038061 0.49255 0.076122 0.558913
0 0.223835 0.474107 0.128691 0.597516
0 0.0493606 0.876609 0.0964067 0.223698
0 0.107522 0.389086 0.104001 0.358744
0 0.659924 0.731959 0.104057 0.461809
0 0.657193 0.569489 0.124149 0.789953
0 0.765201 0.898332 0.101504 0.142693
0 0.547113 0.584198 0.10166 0.806412
0 0.54341 0.728081 0.0942031 0.477324
0 0.342849 0.872962 0.0943996 0.204318
0 0.893227 0.896027 0.0958008 0.136144
0 0.0319355 0.396314 0.063871 0.352638
0 0.544666 0.4758 0.0897131 0.559055
0 0.149203 0.872801 0.104239 0.223974
0 0.655786 0.875562 0.0928543 0.178845
0 0.223328 0.465262 0.128704 0.58525
0 0.115776 0.487184 0.119061 0.558936
0 0.225948 0.56101 0.128024 0.848935
