0 0.28576 0.521597 0.0650872 0.790156
0 0.404617 0.611055 0.0668198 0.661379
0 0.0471116 0.571296 0.0740308 0.622157
0 0.88415 0.569691 0.0674975 0.697069
0 0.168938 0.502046 0.0565986 0.584192
0 0.465835 0.545743 0.0604953 0.79042
0 0.588276 0.535577 0.0599985 0.803646
0 0.948876 0.589209 0.0756637 0.656047
0 0.226497 0.540016 0.0657037 0.732236
0 0.527989 0.50636 0.066109 0.852214
0 0.707154 0.512471 0.0754577 0.852976
0 0.641703 0.554736 0.0674319 0.774452
0 0.112292 0.554111 0.0744191 0.638575
0 0.822306 0.517714 0.0690749 0.797808
0 0.823231 0.466798 0.0712471 0.601649
0 0.34423 0.564223 0.0622139 0.652829
0 0.28576 0.521597 0.0650872 0.790156
0 0.404617 0.611055 0.0668198 0.661379
0 0.0471116 0.571296 0.0740308 0.622157
0 0.88415 0.569691 0.0674975 0.697069
0 0.168938 0.502046 0.0565986 0.584192
0 0.465835 0.545743 0.0604953 0.79042
0 0.588276 0.535577 0.0599985 0.803646
0 0.948876 0.589209 0.0756637 0.656047
0 0.226497 0.540016 0.0657037 0.732236
0 0.527989 0.50636 0.066109 0.852214
0 0.707154 0.512471 0.0754577 0.852976
0 0.641703 0.554736 0.0674319 0.774452
0 0.112292 0.554111 0.0744191 0.638575
0 0.822306 0.517714 0.0690749 0.797808
0 0.823231 0.466798 0.0712471 0.601649
0 0.34423 0.564223 0.0622139 0.652829
0 0.28576 0.521597 0.0650872 0.790156
0 0.404617 0.611055 0.0668198 0.661379
0 0.0471116 0.571296 0.0740308 0.622157
0 0.88415 0.569691 0.0674975 0.697069
0 0.168938 0.502046 0.0565986 0.584192
0 0.465835 0.545743 0.0604953 0.79042
0 0.588276 0.535577 0.0599985 0.803646
0 0.948876 0.589209 0.0756637 0.656047
0 0.226497 0.540016 0.0657037 0.732236
0 0.527989 0.50636 0.066109 0.852214
0 0.707154 0.512471 0.0754577 0.852976
0 0.641703 0.554736 0.0674319 0.774452
0 0.112292 0.554111 0.0744191 0.638575
0 0.822306 0.517714 0.0690749 0.797808
0 0.823231 0.466798 0.0712471 0.601649
0 0.34423 0.564223 0.0622139 0.652829
0 0.823467 0.478899 0.0674742 0.878064
0 0.883752 0.517326 0.0704604 0.798101
0 0.0486137 0.637682 0.0706411 0.707047
0 0.115833 0.623172 0.0709282 0.725278
0 0.526091 0.504732 0.0630536 0.860062
0 0.343653 0.523979 0.0624711 0.846959
0 0.286225 0.528037 0.0643742 0.856105
0 0.584237 0.487129 0.0578822 0.879511
0 0.227042 0.568468 0.0643531 0.780045
0 0.76952 0.462685 0.0557956 0.890445
0 0.171725 0.596432 0.0572486 0.735018
0 0.404898 0.590311 0.066203 0.720985
0 0.951072 0.543627 0.0751849 0.718208
0 0.466253 0.524898 0.0605319 0.839455
0 0.641625 0.48398 0.0671316 0.881502
0 0.706186 0.468086 0.0697874 0.902574
0 0.952125 0.515624 0.0777306 0.792667
0 0.46697 0.522581 0.0601518 0.842741
0 0.00866001 0.642081 0.0168326 0.691861
0 0.640576 0.4873 0.0651333 0.861845
0 0.823467 0.478899 0.0674742 0.878064
0 0.883752 0.517326 0.0704604 0.798101
0 0.0486137 0.637682 0.0706411 0.707047
0 0.115833 0.623172 0.0709282 0.725278
0 0.526091 0.504732 0.0630536 0.860062
0 0.343653 0.523979 0.0624711 0.846959
0 0.286225 0.528037 0.0643742 0.856105
0 0.584237 0.487129 0.0578822 0.879511
0 0.227042 0.568468 0.0643531 0.780045
0 0.76952 0.462685 0.0557956 0.890445
0 0.171725 0.596432 0.0572486 0.735018
0 0.404898 0.590311 0.066203 0.720985
0 0.951072 0.543627 0.0751849 0.718208
0 0.466253 0.524898 0.0605319 0.839455
0 0.641625 0.48398 0.0671316 0.881502
0 0.706186 0.468086 0.0697874 0.902574
0 0.952125 0.515624 0.0777306 0.792667
0 0.46697 0.522581 0.0601518 0.842741
0 0.00866001 0.642081 0.0168326 0.691861
0 0.640576 0.4873 0.0651333 0.861845
0 0.172035 0.598869 0.0572673 0.740034
