0 0.230609 0.347648 0.124017 0.656408
0 0.959229 0.580069 0.0814375 0.83679
0 0.654572 0.516074 0.0318497 0.691716
0 0.68811 0.525085 0.0351546 0.704618
0 0.357051 0.367118 0.12191 0.711159
0 0.867798 0.556501 0.103135 0.818262
0 0.587506 0.503927 0.0327255 0.659771
0 0.0691319 0.29957 0.117318 0.59914
0 0.764968 0.530241 0.0980518 0.802667
0 0.491922 0.448983 0.126615 0.687995
0 0.620677 0.509785 0.029421 0.65183
0 0.765352 0.52482 0.0969962 0.796075
0 0.588268 0.482829 0.0351315 0.701271
0 0.00813493 0.312554 0.016228 0.579748
0 0.230609 0.347648 0.124017 0.656408
0 0.959229 0.580069 0.0814375 0.83679
0 0.654572 0.516074 0.0318497 0.691716
0 0.68811 0.525085 0.0351546 0.704618
0 0.357051 0.367118 0.12191 0.711159
0 0.867798 0.556501 0.103135 0.818262
0 0.587506 0.503927 0.0327255 0.659771
0 0.0691319 0.29957 0.117318 0.59914
0 0.764968 0.530241 0.0980518 0.802667
0 0.491922 0.448983 0.126615 0.687995
0 0.620677 0.509785 0.029421 0.65183
0 0.765352 0.52482 0.0969962 0.796075
0 0.588268 0.482829 0.0351315 0.701271
0 0.00813493 0.312554 0.016228 0.579748
0 0.230609 0.347648 0.124017 0.656408
0 0.959229 0.580069 0.0814375 0.83679
0 0.654572 0.516074 0.0318497 0.691716
0 0.68811 0.525085 0.0351546 0.704618
0 0.357051 0.367118 0.12191 0.711159
0 0.867798 0.556501 0.103135 0.818262
0 0.587506 0.503927 0.0327255 0.659771
0 0.0691319 0.29957 0.117318 0.59914
0 0.764968 0.530241 0.0980518 0.802667
0 0.491922 0.448983 0.126615 0.687995
0 0.620677 0.509785 0.029421 0.65183
0 0.765352 0.52482 0.0969962 0.796075
0 0.588268 0.482829 0.0351315 0.701271
0 0.00813493 0.312554 0.016228 0.579748
0 0.959328 0.574516 0.080729 0.793438
0 0.763855 0.529754 0.0989053 0.79339
0 0.866878 0.547372 0.102787 0.806096
0 0.0698256 0.302876 0.123673 0.605751
0 0.229818 0.364964 0.126012 0.678559
0 0.358405 0.364222 0.128829 0.727296
0 0.65264 0.567218 0.0330856 0.597004
0 0.481557 0.438087 0.102248 0.708112
0 0.588558 0.568806 0.0361347 0.557978
0 0.688075 0.557206 0.0396382 0.644693
0 0.621005 0.583985 0.0328715 0.538942
0 0.54899 0.472345 0.0395072 0.707817
0 0.959328 0.574516 0.080729 0.793438
0 0.763855 0.529754 0.0989053 0.79339
0 0.866878 0.547372 0.102787 0.806096
0 0.0698256 0.302876 0.123673 0.605751
0 0.229818 0.364964 0.126012 0.678559
0 0.358405 0.364222 0.128829 0.727296
0 0.65264 0.567218 0.0330856 0.597004
0 0.481557 0.438087 0.102248 0.708112
0 0.588558 0.568806 0.0361347 0.557978
0 0.688075 0.557206 0.0396382 0.644693
0 0.621005 0.583985 0.0328715 0.538942
0 0.54899 0.472345 0.0395072 0.707817
