0 0.31086 0.525735 0.110914 0.726431
0 0.907545 0.394825 0.109415 0.747871
0 0.749458 0.425726 0.16406 0.757852
0 0.973017 0.412572 0.0539665 0.758031
0 0.137802 0.585497 0.208248 0.829006
0 0.0243343 0.585359 0.0486685 0.673486
0 0.441355 0.493105 0.157802 0.739374
0 0.59335 0.461263 0.15619 0.720436
0 0.31086 0.525735 0.110914 0.726431
0 0.907545 0.394825 0.109415 0.747871
0 0.749458 0.425726 0.16406 0.757852
0 0.973017 0.412572 0.0539665 0.758031
0 0.137802 0.585497 0.208248 0.829006
0 0.0243343 0.585359 0.0486685 0.673486
0 0.441355 0.493105 0.157802 0.739374
0 0.59335 0.461263 0.15619 0.720436
0 0.31086 0.525735 0.110914 0.726431
0 0.907545 0.394825 0.109415 0.747871
0 0.749458 0.425726 0.16406 0.757852
0 0.973017 0.412572 0.0539665 0.758031
0 0.137802 0.585497 0.208248 0.829006
0 0.0243343 0.585359 0.0486685 0.673486
0 0.441355 0.493105 0.157802 0.739374
0 0.59335 0.461263 0.15619 0.720436
0 0.750931 0.410505 0.163735 0.758919
0 0.441166 0.491983 0.151676 0.71312
0 0.592635 0.457279 0.151123 0.735575
0 0.310534 0.520805 0.106817 0.712528
0 0.976261 0.387297 0.0474789 0.731866
0 0.912347 0.380786 0.100089 0.750511
0 0.139161 0.577588 0.203487 0.801865
0 0.105742 0.587057 0.135864 0.792219
0 0.0257605 0.565216 0.0497561 0.721092
0 0.0260713 0.566265 0.0493611 0.723616
0 0.750931 0.410505 0.163735 0.758919
0 0.441166 0.491983 0.151676 0.71312
0 0.592635 0.457279 0.151123 0.735575
0 0.310534 0.520805 0.106817 0.712528
0 0.976261 0.387297 0.0474789 0.731866
0 0.912347 0.380786 0.100089 0.750511
0 0.139161 0.577588 0.203487 0.801865
0 0.105742 0.587057 0.135864 0.792219
0 0.0257605 0.565216 0.0497561 0.721092
0 0.0260713 0.566265 0.0493611 0.723616
0 0.024576 0.562991 0.0491519 0.717835
