0 0.506486 0.521486 0.071924 0.908063
0 0.738265 0.483672 0.0742088 0.9305
0 0.658287 0.526144 0.0760036 0.897772
0 0.194184 0.544446 0.0841193 0.870645
0 0.883581 0.493705 0.0805648 0.940865
0 0.581696 0.503689 0.0789341 0.937067
0 0.280323 0.512887 0.084272 0.856448
0 0.806038 0.49732 0.0773345 0.941884
0 0.105225 0.520142 0.0932043 0.903531
0 0.43379 0.544787 0.0782187 0.842568
0 0.358935 0.54722 0.0764015 0.851598
0 0.0330845 0.532288 0.0657362 0.935425
0 0.953536 0.51624 0.0774578 0.842801
0 0.506486 0.521486 0.071924 0.908063
0 0.738265 0.483672 0.0742088 0.9305
0 0.658287 0.526144 0.0760036 0.897772
0 0.194184 0.544446 0.0841193 0.870645
0 0.883581 0.493705 0.0805648 0.940865
0 0.581696 0.503689 0.0789341 0.937067
0 0.280323 0.512887 0.084272 0.856448
0 0.806038 0.49732 0.0773345 0.941884
0 0.105225 0.520142 0.0932043 0.903531
0 0.43379 0.544787 0.0782187 0.842568
0 0.358935 0.54722 0.0764015 0.851598
0 0.0330845 0.532288 0.0657362 0.935425
0 0.953536 0.51624 0.0774578 0.842801
0 0.506486 0.521486 0.071924 0.908063
0 0.738265 0.483672 0.0742088 0.9305
0 0.658287 0.526144 0.0760036 0.897772
0 0.194184 0.544446 0.0841193 0.870645
0 0.883581 0.493705 0.0805648 0.940865
0 0.581696 0.503689 0.0789341 0.937067
0 0.280323 0.512887 0.084272 0.856448
0 0.806038 0.49732 0.0773345 0.941884
0 0.105225 0.520142 0.0932043 0.903531
0 0.43379 0.544787 0.0782187 0.842568
0 0.358935 0.54722 0.0764015 0.851598
0 0.0330845 0.532288 0.0657362 0.935425
0 0.953536 0.51624 0.0774578 0.842801
0 0.506422 0.493393 0.0739137 0.956266
0 0.73517 0.482277 0.081869 0.93978
0 0.279264 0.49012 0.0916999 0.974864
0 0.80636 0.481068 0.080334 0.949614
0 0.882922 0.475661 0.0817577 0.947067
0 0.955033 0.480396 0.0846759 0.930783
0 0.357008 0.488793 0.0819564 0.959219
0 0.659467 0.481181 0.0819264 0.943603
0 0.192927 0.509391 0.0847006 0.944607
0 0.582152 0.482699 0.0830925 0.950501
0 0.0332876 0.52015 0.0658532 0.959701
0 0.433069 0.486311 0.0824508 0.947479
0 0.103805 0.541901 0.10166 0.914584
0 0.433174 0.485022 0.0828575 0.950038
0 0.506422 0.493393 0.0739137 0.956266
0 0.73517 0.482277 0.081869 0.93978
0 0.279264 0.49012 0.0916999 0.974864
0 0.80636 0.481068 0.080334 0.949614
0 0.882922 0.475661 0.0817577 0.947067
0 0.955033 0.480396 0.0846759 0.930783
0 0.357008 0.488793 0.0819564 0.959219
0 0.659467 0.481181 0.0819264 0.943603
0 0.192927 0.509391 0.0847006 0.944607
0 0.582152 0.482699 0.0830925 0.950501
0 0.0332876 0.52015 0.0658532 0.959701
0 0.433069 0.486311 0.0824508 0.947479
0 0.103805 0.541901 0.10166 0.914584
0 0.433174 0.485022 0.0828575 0.950038
0 0.102951 0.522164 0.104137 0.947254
0 0.581748 0.48553 0.0821967 0.94675
0 0.990425 0.551204 0.0191501 0.874047
