0 0.518326 0.476834 0.320297 0.718597
0 0.178294 0.615102 0.355099 0.762635
0 0.889932 0.378164 0.219851 0.68483
0 0.703399 0.397437 0.0783001 0.663623
0 0.518326 0.476834 0.320297 0.718597
0 0.178294 0.615102 0.355099 0.762635
0 0.889932 0.378164 0.219851 0.68483
0 0.703399 0.397437 0.0783001 0.663623
0 0.518326 0.476834 0.320297 0.718597
0 0.178294 0.615102 0.355099 0.762635
0 0.889932 0.378164 0.219851 0.68483
0 0.703399 0.397437 0.0783001 0.663623
0 0.888059 0.375056 0.222815 0.732568
0 0.184158 0.565135 0.365168 0.80526
0 0.523358 0.461723 0.331899 0.765137
0 0.888059 0.375056 0.222815 0.732568
0 0.184158 0.565135 0.365168 0.80526
0 0.523358 0.461723 0.331899 0.765137
