0 0.31 0.458113 0.198691 0.430481
0 0.71861 0.281167 0.228535 0.499859
0 0.508229 0.568423 0.209534 0.731761
0 0.727014 0.720313 0.227331 0.419505
0 0.915225 0.318936 0.169002 0.507115
0 0.913396 0.489731 0.17264 0.863851
0 0.104203 0.456745 0.208053 0.329013
0 0.31 0.458113 0.198691 0.430481
0 0.71861 0.281167 0.228535 0.499859
0 0.508229 0.568423 0.209534 0.731761
0 0.727014 0.720313 0.227331 0.419505
0 0.915225 0.318936 0.169002 0.507115
0 0.913396 0.489731 0.17264 0.863851
0 0.104203 0.456745 0.208053 0.329013
0 0.31 0.458113 0.198691 0.430481
0 0.71861 0.281167 0.228535 0.499859
0 0.508229 0.568423 0.209534 0.731761
0 0.727014 0.720313 0.227331 0.419505
0 0.915225 0.318936 0.169002 0.507115
0 0.913396 0.489731 0.17264 0.863851
0 0.104203 0.456745 0.208053 0.329013
0 0.103133 0.45213 0.200465 0.298894
0 0.310142 0.800291 0.183304 0.290625
0 0.718823 0.269785 0.213958 0.494529
0 0.505653 0.801931 0.181785 0.271825
0 0.72543 0.72004 0.217846 0.391553
0 0.511026 0.406301 0.191503 0.378588
0 0.310555 0.443183 0.190815 0.389775
0 0.108185 0.774984 0.213537 0.349567
0 0.915233 0.319234 0.169534 0.476432
0 0.511385 0.405487 0.188642 0.363377
0 0.103133 0.45213 0.200465 0.298894
0 0.310142 0.800291 0.183304 0.290625
0 0.718823 0.269785 0.213958 0.494529
0 0.505653 0.801931 0.181785 0.271825
0 0.72543 0.72004 0.217846 0.391553
0 0.511026 0.406301 0.191503 0.378588
0 0.310555 0.443183 0.190815 0.389775
0 0.108185 0.774984 0.213537 0.349567
0 0.915233 0.319234 0.169534 0.476432
0 0.511385 0.405487 0.188642 0.363377
0 0.509382 0.424305 0.194913 0.399259
0 0.921793 0.412656 0.153069 0.284529
