0 0.682478 0.432231 0.123263 0.80455
0 0.0910031 0.485851 0.168282 0.834022
0 0.534579 0.498467 0.179493 0.920921
0 0.3399 0.448678 0.192106 0.873422
0 0.944255 0.401959 0.11149 0.803917
0 0.090071 0.473506 0.174205 0.841836
0 0.817293 0.414264 0.177043 0.817511
0 0.532487 0.490027 0.180499 0.950817
0 0.682478 0.432231 0.123263 0.80455
0 0.0910031 0.485851 0.168282 0.834022
0 0.534579 0.498467 0.179493 0.920921
0 0.3399 0.448678 0.192106 0.873422
0 0.944255 0.401959 0.11149 0.803917
0 0.090071 0.473506 0.174205 0.841836
0 0.817293 0.414264 0.177043 0.817511
0 0.532487 0.490027 0.180499 0.950817
0 0.682478 0.432231 0.123263 0.80455
0 0.0910031 0.485851 0.168282 0.834022
0 0.534579 0.498467 0.179493 0.920921
0 0.3399 0.448678 0.192106 0.873422
0 0.944255 0.401959 0.11149 0.803917
0 0.090071 0.473506 0.174205 0.841836
0 0.817293 0.414264 0.177043 0.817511
0 0.532487 0.490027 0.180499 0.950817
0 0.533604 0.498386 0.185155 0.963225
0 0.682546 0.425108 0.123151 0.814597
0 0.944152 0.404249 0.111696 0.808498
0 0.343701 0.447905 0.190065 0.868922
0 0.0922696 0.475441 0.176175 0.853568
0 0.818001 0.417548 0.17522 0.835097
0 0.533604 0.498386 0.185155 0.963225
0 0.682546 0.425108 0.123151 0.814597
0 0.944152 0.404249 0.111696 0.808498
0 0.343701 0.447905 0.190065 0.868922
0 0.0922696 0.475441 0.176175 0.853568
0 0.818001 0.417548 0.17522 0.835097
0 0.342823 0.456008 0.194971 0.870538
0 0.00828775 0.511025 0.0165755 0.715083
0 0.815852 0.408848 0.181787 0.817696
