0 0.812073 0.626479 0.0838804 0.645577
0 0.581908 0.626784 0.0797715 0.632269
0 0.734442 0.622302 0.0800873 0.637403
0 0.657946 0.623502 0.0799422 0.629864
0 0.427002 0.59596 0.0823888 0.674735
0 0.345413 0.596214 0.086041 0.674684
0 0.505879 0.613138 0.080134 0.64847
0 0.186011 0.581863 0.0872778 0.686053
0 0.263973 0.596899 0.0745388 0.636476
0 0.103518 0.577094 0.0867564 0.694686
0 0.937308 0.795902 0.068527 0.293211
0 0.932126 0.351503 0.0434974 0.44729
0 0.0326393 0.571997 0.0651296 0.683572
0 0.987961 0.803173 0.0239425 0.277498
0 0.992159 0.345787 0.0156742 0.42641
0 0.966244 0.347175 0.0367937 0.391606
0 0.812073 0.626479 0.0838804 0.645577
0 0.581908 0.626784 0.0797715 0.632269
0 0.734442 0.622302 0.0800873 0.637403
0 0.657946 0.623502 0.0799422 0.629864
0 0.427002 0.59596 0.0823888 0.674735
0 0.345413 0.596214 0.086041 0.674684
0 0.505879 0.613138 0.080134 0.64847
0 0.186011 0.581863 0.0872778 0.686053
0 0.263973 0.596899 0.0745388 0.636476
0 0.103518 0.577094 0.0867564 0.694686
0 0.937308 0.795902 0.068527 0.293211
0 0.932126 0.351503 0.0434974 0.44729
0 0.0326393 0.571997 0.0651296 0.683572
0 0.987961 0.803173 0.0239425 0.277498
0 0.992159 0.345787 0.0156742 0.42641
0 0.966244 0.347175 0.0367937 0.391606
0 0.812073 0.626479 0.0838804 0.645577
0 0.581908 0.626784 0.0797715 0.632269
0 0.734442 0.622302 0.0800873 0.637403
0 0.657946 0.623502 0.0799422 0.629864
0 0.427002 0.59596 0.0823888 0.674735
0 0.345413 0.596214 0.086041 0.674684
0 0.505879 0.613138 0.080134 0.64847
0 0.186011 0.581863 0.0872778 0.686053
0 0.263973 0.596899 0.0745388 0.636476
0 0.103518 0.577094 0.0867564 0.694686
0 0.937308 0.795902 0.068527 0.293211
0 0.932126 0.351503 0.0434974 0.44729
0 0.0326393 0.571997 0.0651296 0.683572
0 0.987961 0.803173 0.0239425 0.277498
0 0.992159 0.345787 0.0156742 0.42641
0 0.966244 0.347175 0.0367937 0.391606
0 0.427488 0.603449 0.0808332 0.659195
0 0.657357 0.623874 0.0776516 0.619079
0 0.58172 0.625564 0.0768751 0.615615
0 0.505921 0.617709 0.0774071 0.636589
0 0.734269 0.623683 0.0780724 0.62383
0 0.185236 0.582234 0.0852132 0.66857
0 0.0325663 0.577332 0.0647831 0.683896
0 0.812352 0.629652 0.0819679 0.622324
0 0.261929 0.601692 0.0704859 0.631311
0 0.345552 0.60058 0.0836358 0.664197
0 0.104003 0.580806 0.0831679 0.681168
0 0.948359 0.533307 0.0745433 0.820473
0 0.943273 0.534655 0.0858063 0.825234
0 0.886818 0.572448 0.0495977 0.751539
0 0.427488 0.603449 0.0808332 0.659195
0 0.657357 0.623874 0.0776516 0.619079
0 0.58172 0.625564 0.0768751 0.615615
0 0.505921 0.617709 0.0774071 0.636589
0 0.734269 0.623683 0.0780724 0.62383
0 0.185236 0.582234 0.0852132 0.66857
0 0.0325663 0.577332 0.0647831 0.683896
0 0.812352 0.629652 0.0819679 0.622324
0 0.261929 0.601692 0.0704859 0.631311
0 0.345552 0.60058 0.0836358 0.664197
0 0.104003 0.580806 0.0831679 0.681168
0 0.948359 0.533307 0.0745433 0.820473
0 0.943273 0.534655 0.0858063 0.825234
0 0.886818 0.572448 0.0495977 0.751539
0 0.990398 0.528117 0.0192033 0.839422
0 0.931291 0.550053 0.133363 0.800436
0 0.886182 0.570609 0.0489491 0.740137
0 0.990411 0.529751 0.0191778 0.826073
0 0.919188 0.551852 0.11169 0.810618
0 0.946523 0.536232 0.0783182 0.84268
