0 0.439295 0.569873 0.117668 0.564571
0 0.641949 0.548433 0.123085 0.463084
0 0.556802 0.593155 0.0783462 0.418164
0 0.0309549 0.633406 0.0619097 0.622222
0 0.72845 0.395267 0.124201 0.713906
0 0.202034 0.684189 0.163488 0.4109
0 0.728895 0.392152 0.121534 0.703186
0 0.986159 0.443275 0.0276812 0.455797
0 0.901515 0.438517 0.106919 0.511169
0 0.821158 0.400295 0.108754 0.651531
0 0.586127 0.136629 0.0774147 0.265888
0 0.985219 0.427627 0.0295622 0.486197
0 0.816458 0.517052 0.0967337 0.402778
0 0.455113 0.180036 0.150288 0.351569
0 0.829482 0.392603 0.12227 0.644573
0 0.439295 0.569873 0.117668 0.564571
0 0.641949 0.548433 0.123085 0.463084
0 0.556802 0.593155 0.0783462 0.418164
0 0.0309549 0.633406 0.0619097 0.622222
0 0.72845 0.395267 0.124201 0.713906
0 0.202034 0.684189 0.163488 0.4109
0 0.728895 0.392152 0.121534 0.703186
0 0.986159 0.443275 0.0276812 0.455797
0 0.901515 0.438517 0.106919 0.511169
0 0.821158 0.400295 0.108754 0.651531
0 0.586127 0.136629 0.0774147 0.265888
0 0.985219 0.427627 0.0295622 0.486197
0 0.816458 0.517052 0.0967337 0.402778
0 0.455113 0.180036 0.150288 0.351569
0 0.829482 0.392603 0.12227 0.644573
0 0.439295 0.569873 0.117668 0.564571
0 0.641949 0.548433 0.123085 0.463084
0 0.556802 0.593155 0.0783462 0.418164
0 0.0309549 0.633406 0.0619097 0.622222
0 0.72845 0.395267 0.124201 0.713906
0 0.202034 0.684189 0.163488 0.4109
0 0.728895 0.392152 0.121534 0.703186
0 0.986159 0.443275 0.0276812 0.455797
0 0.901515 0.438517 0.106919 0.511169
0 0.821158 0.400295 0.108754 0.651531
0 0.586127 0.136629 0.0774147 0.265888
0 0.985219 0.427627 0.0295622 0.486197
0 0.816458 0.517052 0.0967337 0.402778
0 0.455113 0.180036 0.150288 0.351569
0 0.829482 0.392603 0.12227 0.644573
0 0.639853 0.535512 0.133509 0.501049
0 0.203659 0.635438 0.163111 0.492321
0 0.817863 0.400903 0.0983872 0.642128
0 0.586851 0.143208 0.0768213 0.275069
0 0.72653 0.406991 0.11773 0.722583
0 0.726059 0.41536 0.124362 0.709196
0 0.987292 0.424026 0.0254168 0.49924
0 0.333973 0.599499 0.107528 0.494493
0 0.0310063 0.709887 0.0612525 0.459229
0 0.726319 0.268726 0.117656 0.418725
0 0.909167 0.407881 0.104182 0.584731
0 0.639853 0.535512 0.133509 0.501049
0 0.203659 0.635438 0.163111 0.492321
0 0.817863 0.400903 0.0983872 0.642128
0 0.586851 0.143208 0.0768213 0.275069
0 0.72653 0.406991 0.11773 0.722583
0 0.726059 0.41536 0.124362 0.709196
0 0.987292 0.424026 0.0254168 0.49924
0 0.333973 0.599499 0.107528 0.494493
0 0.0310063 0.709887 0.0612525 0.459229
0 0.726319 0.268726 0.117656 0.418725
0 0.909167 0.407881 0.104182 0.584731
0 0.871391 0.421022 0.195154 0.587307
0 0.0311017 0.672391 0.0612382 0.533252
0 0.890468 0.415704 0.0737439 0.572484
0 0.940178 0.41702 0.0584543 0.536962
0 0.82403 0.401916 0.104067 0.639762
0 0.940547 0.442489 0.0555032 0.483468
0 0.554628 0.58634 0.069033 0.426187
0 0.638278 0.531297 0.135861 0.50831
