0 0.319858 0.652286 0.0930653 0.555538
0 0.638837 0.584796 0.0986375 0.607059
0 0.53506 0.576995 0.107916 0.705257
0 0.419163 0.588849 0.106976 0.665243
0 0.108276 0.634767 0.129837 0.661299
0 0.901983 0.520231 0.117714 0.653325
0 0.767968 0.552558 0.11281 0.683878
0 0.0207022 0.633157 0.0414044 0.733687
0 0.988275 0.498358 0.0233704 0.65447
0 0.319858 0.652286 0.0930653 0.555538
0 0.638837 0.584796 0.0986375 0.607059
0 0.53506 0.576995 0.107916 0.705257
0 0.419163 0.588849 0.106976 0.665243
0 0.108276 0.634767 0.129837 0.661299
0 0.901983 0.520231 0.117714 0.653325
0 0.767968 0.552558 0.11281 0.683878
0 0.0207022 0.633157 0.0414044 0.733687
0 0.988275 0.498358 0.0233704 0.65447
0 0.319858 0.652286 0.0930653 0.555538
0 0.638837 0.584796 0.0986375 0.607059
0 0.53506 0.576995 0.107916 0.705257
0 0.419163 0.588849 0.106976 0.665243
0 0.108276 0.634767 0.129837 0.661299
0 0.901983 0.520231 0.117714 0.653325
0 0.767968 0.552558 0.11281 0.683878
0 0.0207022 0.633157 0.0414044 0.733687
0 0.988275 0.498358 0.0233704 0.65447
0 0.638915 0.59392 0.0994429 0.603673
0 0.418643 0.600352 0.105679 0.666848
0 0.767317 0.556521 0.107747 0.676382
0 0.901619 0.521336 0.114931 0.641102
0 0.535574 0.573469 0.105373 0.677561
0 0.320611 0.654952 0.0915784 0.55086
0 0.108063 0.640469 0.12595 0.653206
0 0.257082 0.664969 0.0475734 0.529192
0 0.0209049 0.634247 0.0418097 0.720143
0 0.0205774 0.626741 0.0411548 0.727138
0 0.638915 0.59392 0.0994429 0.603673
0 0.418643 0.600352 0.105679 0.666848
0 0.767317 0.556521 0.107747 0.676382
0 0.901619 0.521336 0.114931 0.641102
0 0.535574 0.573469 0.105373 0.677561
0 0.320611 0.654952 0.0915784 0.55086
0 0.108063 0.640469 0.12595 0.653206
0 0.257082 0.664969 0.0475734 0.529192
0 0.0209049 0.634247 0.0418097 0.720143
0 0.0205774 0.626741 0.0411548 0.727138
0 0.98897 0.528681 0.0220408 0.663013
