0 0.701018 0.343508 0.16498 0.488455
0 0.827394 0.712358 0.150175 0.279593
0 0.562276 0.353876 0.158029 0.475325
0 0.313488 0.710873 0.134739 0.262583
0 0.435289 0.712323 0.131353 0.267626
0 0.947862 0.715334 0.104266 0.282996
0 0.687739 0.710119 0.143814 0.271928
0 0.558983 0.714542 0.13874 0.270333
0 0.0718361 0.702817 0.11406 0.239255
0 0.17334 0.363563 0.135838 0.43449
0 0.302133 0.361769 0.148398 0.45938
0 0.18859 0.706365 0.132317 0.249751
0 0.430207 0.361457 0.148766 0.46232
0 0.0612208 0.368791 0.122442 0.439707
0 0.839398 0.337981 0.173371 0.493151
0 0.0113607 0.706769 0.022644 0.230898
0 0.95082 0.328687 0.0983598 0.505543
0 0.949999 0.333374 0.100002 0.508194
0 0.950452 0.335975 0.0990958 0.506273
0 0.701018 0.343508 0.16498 0.488455
0 0.827394 0.712358 0.150175 0.279593
0 0.562276 0.353876 0.158029 0.475325
0 0.313488 0.710873 0.134739 0.262583
0 0.435289 0.712323 0.131353 0.267626
0 0.947862 0.715334 0.104266 0.282996
0 0.687739 0.710119 0.143814 0.271928
0 0.558983 0.714542 0.13874 0.270333
0 0.0718361 0.702817 0.11406 0.239255
0 0.17334 0.363563 0.135838 0.43449
0 0.302133 0.361769 0.148398 0.45938
0 0.18859 0.706365 0.132317 0.249751
0 0.430207 0.361457 0.148766 0.46232
0 0.0612208 0.368791 0.122442 0.439707
0 0.839398 0.337981 0.173371 0.493151
0 0.0113607 0.706769 0.022644 0.230898
0 0.95082 0.328687 0.0983598 0.505543
0 0.949999 0.333374 0.100002 0.508194
0 0.950452 0.335975 0.0990958 0.506273
0 0.701018 0.343508 0.16498 0.488455
0 0.827394 0.712358 0.150175 0.279593
0 0.562276 0.353876 0.158029 0.475325
0 0.313488 0.710873 0.134739 0.262583
0 0.435289 0.712323 0.131353 0.267626
0 0.947862 0.715334 0.104266 0.282996
0 0.687739 0.710119 0.143814 0.271928
0 0.558983 0.714542 0.13874 0.270333
0 0.0718361 0.702817 0.11406 0.239255
0 0.17334 0.363563 0.135838 0.43449
0 0.302133 0.361769 0.148398 0.45938
0 0.18859 0.706365 0.132317 0.249751
0 0.430207 0.361457 0.148766 0.46232
0 0.0612208 0.368791 0.122442 0.439707
0 0.839398 0.337981 0.173371 0.493151
0 0.0113607 0.706769 0.022644 0.230898
0 0.95082 0.328687 0.0983598 0.505543
0 0.949999 0.333374 0.100002 0.508194
0 0.950452 0.335975 0.0990958 0.506273
0 0.827507 0.711496 0.152906 0.276063
0 0.43674 0.709509 0.131415 0.268626
0 0.300782 0.351171 0.158826 0.478646
0 0.688809 0.708117 0.143834 0.274604
0 0.314536 0.709678 0.134165 0.262132
0 0.432261 0.352916 0.151837 0.469562
0 0.561154 0.71084 0.136195 0.266359
0 0.70275 0.339208 0.167479 0.484605
0 0.562903 0.347775 0.159925 0.477861
0 0.0636253 0.372692 0.127251 0.430956
0 0.842331 0.334446 0.17486 0.500978
0 0.946497 0.713141 0.107006 0.282544
0 0.174789 0.360566 0.15169 0.451283
0 0.188931 0.70545 0.133307 0.251929
0 0.950906 0.333601 0.0981885 0.493145
0 0.0715679 0.703682 0.115183 0.242069
0 0.0123364 0.70009 0.0246508 0.237171
0 0.0719842 0.703844 0.116117 0.240825
0 0.827507 0.711496 0.152906 0.276063
0 0.43674 0.709509 0.131415 0.268626
0 0.300782 0.351171 0.158826 0.478646
0 0.688809 0.708117 0.143834 0.274604
0 0.314536 0.709678 0.134165 0.262132
0 0.432261 0.352916 0.151837 0.469562
0 0.561154 0.71084 0.136195 0.266359
0 0.70275 0.339208 0.167479 0.484605
0 0.562903 0.347775 0.159925 0.477861
0 0.0636253 0.372692 0.127251 0.430956
0 0.842331 0.334446 0.17486 0.500978
0 0.946497 0.713141 0.107006 0.282544
0 0.174789 0.360566 0.15169 0.451283
0 0.188931 0.70545 0.133307 0.251929
0 0.950906 0.333601 0.0981885 0.493145
0 0.0715679 0.703682 0.115183 0.242069
0 0.0123364 0.70009 0.0246508 0.237171
0 0.0719842 0.703844 0.116117 0.240825
0 0.950635 0.333883 0.09873 0.500581
