0 0.536835 0.570097 0.370602 0.846736
0 0.024004 0.547927 0.048008 0.850676
0 0.190099 0.494381 0.332419 0.918554
0 0.536835 0.570097 0.370602 0.846736
0 0.024004 0.547927 0.048008 0.850676
0 0.190099 0.494381 0.332419 0.918554
0 0.536835 0.570097 0.370602 0.846736
0 0.024004 0.547927 0.048008 0.850676
0 0.190099 0.494381 0.332419 0.918554
0 0.196231 0.689876 0.285238 0.507124
0 0.192844 0.481688 0.35519 0.933693
0 0.546239 0.503412 0.399268 0.941862
0 0.861887 0.556606 0.276225 0.868329
0 0.542049 0.628384 0.371936 0.688726
0 0.196231 0.689876 0.285238 0.507124
0 0.192844 0.481688 0.35519 0.933693
0 0.546239 0.503412 0.399268 0.941862
0 0.861887 0.556606 0.276225 0.868329
0 0.542049 0.628384 0.371936 0.688726
