0 0.467521 0.723634 0.0615228 0.361487
0 0.596835 0.734101 0.0652954 0.369093
0 0.472544 0.311999 0.0705947 0.475181
0 0.0544463 0.673791 0.0659543 0.366732
0 0.662373 0.748159 0.0646424 0.350902
0 0.6074 0.312557 0.074172 0.477137
0 0.53109 0.720805 0.0633126 0.378825
0 0.728121 0.75456 0.0671753 0.360351
0 0.677392 0.332006 0.0744727 0.478518
0 0.40366 0.294609 0.066691 0.462374
0 0.749404 0.339511 0.0776718 0.46173
0 0.267747 0.705838 0.0636549 0.351489
0 0.402506 0.710172 0.0639565 0.379799
0 0.33438 0.290334 0.0721982 0.480472
0 0.0386986 0.262539 0.0740967 0.472189
0 0.538213 0.281949 0.0579384 0.428588
0 0.831689 0.520719 0.0853505 0.854394
0 0.82451 0.754084 0.0703921 0.368987
0 0.932461 0.549747 0.134383 0.82416
0 0.262703 0.294094 0.0708216 0.486327
0 0.0101308 0.670797 0.0197926 0.370915
0 0.335333 0.70388 0.0647869 0.373869
0 0.190298 0.281874 0.0738985 0.486699
0 0.26254 0.439056 0.0736044 0.851193
0 0.124644 0.682316 0.0755388 0.372032
0 0.19265 0.433079 0.0795153 0.866159
0 0.113009 0.264981 0.0780635 0.474921
0 0.11197 0.264799 0.0780058 0.46602
0 0.467521 0.723634 0.0615228 0.361487
0 0.596835 0.734101 0.0652954 0.369093
0 0.472544 0.311999 0.0705947 0.475181
0 0.0544463 0.673791 0.0659543 0.366732
0 0.662373 0.748159 0.0646424 0.350902
0 0.6074 0.312557 0.074172 0.477137
0 0.53109 0.720805 0.0633126 0.378825
0 0.728121 0.75456 0.0671753 0.360351
0 0.677392 0.332006 0.0744727 0.478518
0 0.40366 0.294609 0.066691 0.462374
0 0.749404 0.339511 0.0776718 0.46173
0 0.267747 0.705838 0.0636549 0.351489
0 0.402506 0.710172 0.0639565 0.379799
0 0.33438 0.290334 0.0721982 0.480472
0 0.0386986 0.262539 0.0740967 0.472189
0 0.538213 0.281949 0.0579384 0.428588
0 0.831689 0.520719 0.0853505 0.854394
0 0.82451 0.754084 0.0703921 0.368987
0 0.932461 0.549747 0.134383 0.82416
0 0.262703 0.294094 0.0708216 0.486327
0 0.0101308 0.670797 0.0197926 0.370915
0 0.335333 0.70388 0.0647869 0.373869
0 0.190298 0.281874 0.0738985 0.486699
0 0.26254 0.439056 0.0736044 0.851193
0 0.124644 0.682316 0.0755388 0.372032
0 0.19265 0.433079 0.0795153 0.866159
0 0.113009 0.264981 0.0780635 0.474921
0 0.11197 0.264799 0.0780058 0.46602
0 0.467521 0.723634 0.0615228 0.361487
0 0.596835 0.734101 0.0652954 0.369093
0 0.472544 0.311999 0.0705947 0.475181
0 0.0544463 0.673791 0.0659543 0.366732
0 0.662373 0.748159 0.0646424 0.350902
0 0.6074 0.312557 0.074172 0.477137
0 0.53109 0.720805 0.0633126 0.378825
0 0.728121 0.75456 0.0671753 0.360351
0 0.677392 0.332006 0.0744727 0.478518
0 0.40366 0.294609 0.066691 0.462374
0 0.749404 0.339511 0.0776718 0.46173
0 0.267747 0.705838 0.0636549 0.351489
0 0.402506 0.710172 0.0639565 0.379799
0 0.33438 0.290334 0.0721982 0.480472
0 0.0386986 0.262539 0.0740967 0.472189
0 0.538213 0.281949 0.0579384 0.428588
0 0.831689 0.520719 0.0853505 0.854394
0 0.82451 0.754084 0.0703921 0.368987
0 0.932461 0.549747 0.134383 0.82416
0 0.262703 0.294094 0.0708216 0.486327
0 0.0101308 0.670797 0.0197926 0.370915
0 0.335333 0.70388 0.0647869 0.373869
0 0.190298 0.281874 0.0738985 0.486699
0 0.26254 0.439056 0.0736044 0.851193
0 0.124644 0.682316 0.0755388 0.372032
0 0.19265 0.433079 0.0795153 0.866159
0 0.113009 0.264981 0.0780635 0.474921
0 0.11197 0.264799 0.0780058 0.46602
0 0.4024 0.297467 0.0680276 0.465326
0 0.334387 0.710735 0.0683256 0.363572
0 0.401619 0.715379 0.0646748 0.376181
0 0.0390249 0.267477 0.0765051 0.467854
0 0.538009 0.273032 0.0640111 0.430511
0 0.606485 0.315452 0.0766876 0.478225
0 0.112137 0.269918 0.0800813 0.471355
0 0.19853 0.69152 0.0684123 0.368238
0 0.261961 0.284498 0.0739126 0.484098
0 0.188713 0.275957 0.0767966 0.479324
0 0.333688 0.291303 0.074198 0.472124
0 0.124975 0.683324 0.0767845 0.37913
0 0.0535995 0.679718 0.0696771 0.368847
0 0.661096 0.74367 0.0683267 0.370996
0 0.266591 0.703389 0.0693148 0.374527
0 0.728976 0.75062 0.0724039 0.374612
0 0.597238 0.73497 0.0672135 0.376869
0 0.676591 0.332501 0.0754659 0.479169
0 0.0103337 0.673645 0.0206675 0.365409
0 0.471695 0.303325 0.0726979 0.465463
0 0.749285 0.339662 0.0809268 0.47221
0 0.830878 0.525343 0.0858116 0.840567
0 0.823299 0.759622 0.074478 0.360309
0 0.466085 0.724907 0.0678806 0.373717
0 0.930993 0.560987 0.137412 0.814845
0 0.530428 0.723308 0.065397 0.3918
0 0.4024 0.297467 0.0680276 0.465326
0 0.334387 0.710735 0.0683256 0.363572
0 0.401619 0.715379 0.0646748 0.376181
0 0.0390249 0.267477 0.0765051 0.467854
0 0.538009 0.273032 0.0640111 0.430511
0 0.606485 0.315452 0.0766876 0.478225
0 0.112137 0.269918 0.0800813 0.471355
0 0.19853 0.69152 0.0684123 0.368238
0 0.261961 0.284498 0.0739126 0.484098
0 0.188713 0.275957 0.0767966 0.479324
0 0.333688 0.291303 0.074198 0.472124
0 0.124975 0.683324 0.0767845 0.37913
0 0.0535995 0.679718 0.0696771 0.368847
0 0.661096 0.74367 0.0683267 0.370996
0 0.266591 0.703389 0.0693148 0.374527
0 0.728976 0.75062 0.0724039 0.374612
0 0.597238 0.73497 0.0672135 0.376869
0 0.676591 0.332501 0.0754659 0.479169
0 0.0103337 0.673645 0.0206675 0.365409
0 0.471695 0.303325 0.0726979 0.465463
0 0.749285 0.339662 0.0809268 0.47221
0 0.830878 0.525343 0.0858116 0.840567
0 0.823299 0.759622 0.074478 0.360309
0 0.466085 0.724907 0.0678806 0.373717
0 0.930993 0.560987 0.137412 0.814845
0 0.530428 0.723308 0.065397 0.3918
0 0.833928 0.351037 0.0823452 0.462383
0 0.93937 0.390242 0.120481 0.462144
0 0.00279993 0.259213 0.00559986 0.518427
0 0.00448671 0.251406 0.00878933 0.502811
0 0.465819 0.724428 0.066862 0.37147
