0 0.598448 0.502337 0.123413 0.595598
0 0.475363 0.493044 0.123945 0.762783
0 0.260062 0.367405 0.0679858 0.42522
0 0.379843 0.504423 0.0686071 0.720502
0 0.0613558 0.384104 0.0631331 0.347495
0 0.122974 0.370117 0.0587026 0.349792
0 0.828526 0.554196 0.126794 0.470954
0 0.706814 0.560741 0.109973 0.470332
0 0.186348 0.37181 0.0627871 0.376168
0 0.319502 0.363731 0.0589827 0.438465
0 0.0168377 0.580282 0.0336755 0.748614
0 0.598448 0.502337 0.123413 0.595598
0 0.475363 0.493044 0.123945 0.762783
0 0.260062 0.367405 0.0679858 0.42522
0 0.379843 0.504423 0.0686071 0.720502
0 0.0613558 0.384104 0.0631331 0.347495
0 0.122974 0.370117 0.0587026 0.349792
0 0.828526 0.554196 0.126794 0.470954
0 0.706814 0.560741 0.109973 0.470332
0 0.186348 0.37181 0.0627871 0.376168
0 0.319502 0.363731 0.0589827 0.438465
0 0.0168377 0.580282 0.0336755 0.748614
0 0.598448 0.502337 0.123413 0.595598
0 0.475363 0.493044 0.123945 0.762783
0 0.260062 0.367405 0.0679858 0.42522
0 0.379843 0.504423 0.0686071 0.720502
0 0.0613558 0.384104 0.0631331 0.347495
0 0.122974 0.370117 0.0587026 0.349792
0 0.828526 0.554196 0.126794 0.470954
0 0.706814 0.560741 0.109973 0.470332
0 0.186348 0.37181 0.0627871 0.376168
0 0.319502 0.363731 0.0589827 0.438465
0 0.0168377 0.580282 0.0336755 0.748614
0 0.473515 0.62821 0.120229 0.520716
0 0.71143 0.576649 0.110643 0.465016
0 0.599682 0.521485 0.118843 0.591527
0 0.18344 0.360967 0.0636503 0.384141
0 0.938689 0.546213 0.118012 0.450315
0 0.121424 0.369437 0.0630246 0.355226
0 0.480558 0.258875 0.110757 0.296328
0 0.827182 0.545927 0.122765 0.476497
0 0.321079 0.359442 0.0636525 0.409671
0 0.828974 0.542372 0.124536 0.485099
0 0.0585818 0.382081 0.0675119 0.351708
0 0.60063 0.524637 0.121056 0.597234
0 0.473515 0.62821 0.120229 0.520716
0 0.71143 0.576649 0.110643 0.465016
0 0.599682 0.521485 0.118843 0.591527
0 0.18344 0.360967 0.0636503 0.384141
0 0.938689 0.546213 0.118012 0.450315
0 0.121424 0.369437 0.0630246 0.355226
0 0.480558 0.258875 0.110757 0.296328
0 0.827182 0.545927 0.122765 0.476497
0 0.321079 0.359442 0.0636525 0.409671
0 0.828974 0.542372 0.124536 0.485099
0 0.0585818 0.382081 0.0675119 0.351708
0 0.60063 0.524637 0.121056 0.597234
0 0.382211 0.348256 0.0634723 0.411312
0 0.85588 0.184469 0.111278 0.347516
0 0.961699 0.255351 0.0766023 0.231875
0 0.480265 0.246169 0.111355 0.328542
0 0.260873 0.375316 0.0587804 0.424247
