0 0.631081 0.508687 0.134653 0.927602
0 0.966622 0.828049 0.0667557 0.279589
0 0.730996 0.836233 0.106963 0.258926
0 0.153503 0.829592 0.0986022 0.238921
0 0.843452 0.828995 0.096126 0.270513
0 0.274289 0.832256 0.114135 0.250907
0 0.394821 0.831651 0.113937 0.252795
0 0.759596 0.351705 0.140609 0.70341
0 0.389528 0.35484 0.133669 0.706898
0 0.0346039 0.825995 0.0690623 0.235325
0 0.506635 0.836859 0.110074 0.247469
0 0.132717 0.361316 0.143689 0.66344
0 0.621572 0.838413 0.113734 0.25041
0 0.878974 0.348634 0.144427 0.693119
0 0.513568 0.495916 0.138349 0.951609
0 0.514129 0.498414 0.135204 0.942227
0 0.264965 0.498959 0.125919 0.939131
0 0.263404 0.384646 0.127558 0.729317
0 0.631081 0.508687 0.134653 0.927602
0 0.966622 0.828049 0.0667557 0.279589
0 0.730996 0.836233 0.106963 0.258926
0 0.153503 0.829592 0.0986022 0.238921
0 0.843452 0.828995 0.096126 0.270513
0 0.274289 0.832256 0.114135 0.250907
0 0.394821 0.831651 0.113937 0.252795
0 0.759596 0.351705 0.140609 0.70341
0 0.389528 0.35484 0.133669 0.706898
0 0.0346039 0.825995 0.0690623 0.235325
0 0.506635 0.836859 0.110074 0.247469
0 0.132717 0.361316 0.143689 0.66344
0 0.621572 0.838413 0.113734 0.25041
0 0.878974 0.348634 0.144427 0.693119
0 0.513568 0.495916 0.138349 0.951609
0 0.514129 0.498414 0.135204 0.942227
0 0.264965 0.498959 0.125919 0.939131
0 0.263404 0.384646 0.127558 0.729317
0 0.631081 0.508687 0.134653 0.927602
0 0.966622 0.828049 0.0667557 0.279589
0 0.730996 0.836233 0.106963 0.258926
0 0.153503 0.829592 0.0986022 0.238921
0 0.843452 0.828995 0.096126 0.270513
0 0.274289 0.832256 0.114135 0.250907
0 0.394821 0.831651 0.113937 0.252795
0 0.759596 0.351705 0.140609 0.70341
0 0.389528 0.35484 0.133669 0.706898
0 0.0346039 0.825995 0.0690623 0.235325
0 0.506635 0.836859 0.110074 0.247469
0 0.132717 0.361316 0.143689 0.66344
0 0.621572 0.838413 0.113734 0.25041
0 0.878974 0.348634 0.144427 0.693119
0 0.513568 0.495916 0.138349 0.951609
0 0.514129 0.498414 0.135204 0.942227
0 0.264965 0.498959 0.125919 0.939131
0 0.263404 0.384646 0.127558 0.729317
0 0.513341 0.484417 0.133135 0.968834
0 0.264318 0.482016 0.137777 0.964032
0 0.392406 0.479687 0.141518 0.959374
0 0.63506 0.484092 0.132901 0.968185
0 0.753372 0.484119 0.135981 0.968238
0 0.879381 0.483129 0.154858 0.966257
0 0.137542 0.490544 0.144757 0.937563
0 0.0338631 0.53112 0.0650051 0.833795
0 0.513341 0.484417 0.133135 0.968834
0 0.264318 0.482016 0.137777 0.964032
0 0.392406 0.479687 0.141518 0.959374
0 0.63506 0.484092 0.132901 0.968185
0 0.753372 0.484119 0.135981 0.968238
0 0.879381 0.483129 0.154858 0.966257
0 0.137542 0.490544 0.144757 0.937563
0 0.0338631 0.53112 0.0650051 0.833795
0 0.0324538 0.518424 0.0638983 0.890601
0 0.142703 0.690488 0.120196 0.528864
0 0.976374 0.987604 0.0456447 0.0247921
0 0.97472 0.526199 0.0505603 0.731938
0 0.147697 0.838775 0.105817 0.226853
