0 0.238601 0.487965 0.198581 0.893074
0 0.692282 0.598269 0.164896 0.669177
0 0.861138 0.671763 0.167874 0.491457
0 0.479778 0.262725 0.255138 0.525449
0 0.238601 0.487965 0.198581 0.893074
0 0.692282 0.598269 0.164896 0.669177
0 0.861138 0.671763 0.167874 0.491457
0 0.479778 0.262725 0.255138 0.525449
0 0.238601 0.487965 0.198581 0.893074
0 0.692282 0.598269 0.164896 0.669177
0 0.861138 0.671763 0.167874 0.491457
0 0.479778 0.262725 0.255138 0.525449
0 0.694697 0.476528 0.178153 0.914315
0 0.23944 0.502624 0.211885 0.916307
0 0.0750019 0.67197 0.14786 0.609133
0 0.478873 0.465795 0.270957 0.931591
0 0.863444 0.471633 0.18231 0.922475
0 0.485484 0.688162 0.24827 0.490888
0 0.694697 0.476528 0.178153 0.914315
0 0.23944 0.502624 0.211885 0.916307
0 0.0750019 0.67197 0.14786 0.609133
0 0.478873 0.465795 0.270957 0.931591
0 0.863444 0.471633 0.18231 0.922475
0 0.485484 0.688162 0.24827 0.490888
