0 0.491843 0.702301 0.0711615 0.436797
0 0.109299 0.745313 0.0776391 0.449187
0 0.560236 0.692013 0.069442 0.444636
0 0.924575 0.647739 0.112394 0.39354
0 0.227687 0.322381 0.144506 0.471255
0 0.379981 0.266537 0.142742 0.496855
0 0.0344279 0.735327 0.0684508 0.391539
0 0.703496 0.588941 0.0659312 0.625852
0 0.76889 0.579767 0.0702438 0.630311
0 0.180045 0.7672 0.0578942 0.389307
0 0.252169 0.762135 0.0947982 0.401461
0 0.63541 0.583515 0.077536 0.650434
0 0.342744 0.729207 0.0743282 0.437293
0 0.416408 0.719014 0.0680057 0.428008
0 0.0355753 0.73528 0.0700834 0.384923
0 0.989564 0.633704 0.0207022 0.370542
0 0.383217 0.72526 0.135053 0.436196
0 0.702862 0.585888 0.0665592 0.623169
0 0.491843 0.702301 0.0711615 0.436797
0 0.109299 0.745313 0.0776391 0.449187
0 0.560236 0.692013 0.069442 0.444636
0 0.924575 0.647739 0.112394 0.39354
0 0.227687 0.322381 0.144506 0.471255
0 0.379981 0.266537 0.142742 0.496855
0 0.0344279 0.735327 0.0684508 0.391539
0 0.703496 0.588941 0.0659312 0.625852
0 0.76889 0.579767 0.0702438 0.630311
0 0.180045 0.7672 0.0578942 0.389307
0 0.252169 0.762135 0.0947982 0.401461
0 0.63541 0.583515 0.077536 0.650434
0 0.342744 0.729207 0.0743282 0.437293
0 0.416408 0.719014 0.0680057 0.428008
0 0.0355753 0.73528 0.0700834 0.384923
0 0.989564 0.633704 0.0207022 0.370542
0 0.383217 0.72526 0.135053 0.436196
0 0.702862 0.585888 0.0665592 0.623169
0 0.491843 0.702301 0.0711615 0.436797
0 0.109299 0.745313 0.0776391 0.449187
0 0.560236 0.692013 0.069442 0.444636
0 0.924575 0.647739 0.112394 0.39354
0 0.227687 0.322381 0.144506 0.471255
0 0.379981 0.266537 0.142742 0.496855
0 0.0344279 0.735327 0.0684508 0.391539
0 0.703496 0.588941 0.0659312 0.625852
0 0.76889 0.579767 0.0702438 0.630311
0 0.180045 0.7672 0.0578942 0.389307
0 0.252169 0.762135 0.0947982 0.401461
0 0.63541 0.583515 0.077536 0.650434
0 0.342744 0.729207 0.0743282 0.437293
0 0.416408 0.719014 0.0680057 0.428008
0 0.0355753 0.73528 0.0700834 0.384923
0 0.989564 0.633704 0.0207022 0.370542
0 0.383217 0.72526 0.135053 0.436196
0 0.702862 0.585888 0.0665592 0.623169
0 0.834576 0.567077 0.0704057 0.586741
0 0.7682 0.581937 0.0687185 0.60687
0 0.560274 0.687049 0.0709357 0.449663
0 0.703227 0.589248 0.0641116 0.598242
0 0.636866 0.586535 0.0712667 0.628828
0 0.344781 0.262577 0.0690797 0.487232
0 0.035388 0.771283 0.070776 0.448276
0 0.109441 0.754888 0.0766115 0.47095
0 0.415461 0.259736 0.0738131 0.483829
0 0.228777 0.318526 0.137635 0.491328
0 0.224897 0.763308 0.14196 0.405932
0 0.926236 0.651816 0.112614 0.383213
0 0.94931 0.236055 0.0952007 0.4057
0 0.990892 0.638511 0.018216 0.397485
0 0.377422 0.728476 0.143585 0.437133
0 0.3437 0.726152 0.0723504 0.432341
0 0.834576 0.567077 0.0704057 0.586741
0 0.7682 0.581937 0.0687185 0.60687
0 0.560274 0.687049 0.0709357 0.449663
0 0.703227 0.589248 0.0641116 0.598242
0 0.636866 0.586535 0.0712667 0.628828
0 0.344781 0.262577 0.0690797 0.487232
0 0.035388 0.771283 0.070776 0.448276
0 0.109441 0.754888 0.0766115 0.47095
0 0.415461 0.259736 0.0738131 0.483829
0 0.228777 0.318526 0.137635 0.491328
0 0.224897 0.763308 0.14196 0.405932
0 0.926236 0.651816 0.112614 0.383213
0 0.94931 0.236055 0.0952007 0.4057
0 0.990892 0.638511 0.018216 0.397485
0 0.377422 0.728476 0.143585 0.437133
0 0.3437 0.726152 0.0723504 0.432341
0 0.491894 0.69617 0.0686018 0.443947
0 0.491445 0.697844 0.0692624 0.446561
0 0.415224 0.722066 0.069407 0.429167
0 0.379168 0.476654 0.152095 0.953308
