0 0.45178 0.609275 0.145286 0.678785
0 0.332643 0.587435 0.11843 0.572895
0 0.100188 0.503409 0.124484 0.54307
0 0.576109 0.626375 0.135019 0.695971
0 0.219822 0.54086 0.122368 0.552793
0 0.0266108 0.463446 0.0531314 0.562534
0 0.45178 0.609275 0.145286 0.678785
0 0.332643 0.587435 0.11843 0.572895
0 0.100188 0.503409 0.124484 0.54307
0 0.576109 0.626375 0.135019 0.695971
0 0.219822 0.54086 0.122368 0.552793
0 0.0266108 0.463446 0.0531314 0.562534
0 0.45178 0.609275 0.145286 0.678785
0 0.332643 0.587435 0.11843 0.572895
0 0.100188 0.503409 0.124484 0.54307
0 0.576109 0.626375 0.135019 0.695971
0 0.219822 0.54086 0.122368 0.552793
0 0.0266108 0.463446 0.0531314 0.562534
0 0.451996 0.604626 0.137166 0.643574
0 0.330937 0.576479 0.119654 0.575351
0 0.221461 0.519137 0.120017 0.585306
0 0.024732 0.469205 0.0494641 0.539644
0 0.576519 0.627493 0.127774 0.663972
0 0.0983935 0.509498 0.116484 0.524044
0 0.451996 0.604626 0.137166 0.643574
0 0.330937 0.576479 0.119654 0.575351
0 0.221461 0.519137 0.120017 0.585306
0 0.024732 0.469205 0.0494641 0.539644
0 0.576519 0.627493 0.127774 0.663972
0 0.0983935 0.509498 0.116484 0.524044
0 0.757025 0.663222 0.255492 0.673555
