0 0.225074 0.796206 0.43154 0.303753
0 0.264243 0.398389 0.492293 0.544136
0 0.725314 0.510215 0.549371 0.942144
0 0.727991 0.446545 0.544019 0.840489
0 0.225074 0.796206 0.43154 0.303753
0 0.264243 0.398389 0.492293 0.544136
0 0.725314 0.510215 0.549371 0.942144
0 0.727991 0.446545 0.544019 0.840489
0 0.225074 0.796206 0.43154 0.303753
0 0.264243 0.398389 0.492293 0.544136
0 0.725314 0.510215 0.549371 0.942144
0 0.727991 0.446545 0.544019 0.840489
0 0.257256 0.554286 0.480217 0.772822
0 0.257256 0.554286 0.480217 0.772822
0 0.742512 0.524161 0.514975 0.840524
0 0.729107 0.542454 0.541786 0.866963
0 0.234222 0.79016 0.438537 0.328207
0 0.739126 0.785672 0.521748 0.389407
