0 0.913727 0.482571 0.171996 0.884872
0 0.436881 0.417918 0.267036 0.710358
0 0.701491 0.424956 0.26124 0.742973
0 0.192864 0.494096 0.225284 0.89286
0 0.913727 0.482571 0.171996 0.884872
0 0.436881 0.417918 0.267036 0.710358
0 0.701491 0.424956 0.26124 0.742973
0 0.192864 0.494096 0.225284 0.89286
0 0.913727 0.482571 0.171996 0.884872
0 0.436881 0.417918 0.267036 0.710358
0 0.701491 0.424956 0.26124 0.742973
0 0.192864 0.494096 0.225284 0.89286
0 0.916797 0.499086 0.165608 0.876972
0 0.70279 0.409874 0.257795 0.769766
0 0.196305 0.488862 0.214601 0.898725
0 0.439623 0.484781 0.259526 0.879713
0 0.0467995 0.600775 0.0933647 0.719581
0 0.701122 0.164667 0.256994 0.253627
0 0.916797 0.499086 0.165608 0.876972
0 0.70279 0.409874 0.257795 0.769766
0 0.196305 0.488862 0.214601 0.898725
0 0.439623 0.484781 0.259526 0.879713
0 0.0467995 0.600775 0.0933647 0.719581
0 0.701122 0.164667 0.256994 0.253627
