0 0.85482 0.315552 0.151108 0.494114
0 0.493517 0.492835 0.153622 0.583068
0 0.33359 0.582274 0.193239 0.621914
0 0.620623 0.420219 0.135912 0.55756
0 0.157295 0.657036 0.219071 0.660048
0 0.85482 0.315552 0.151108 0.494114
0 0.493517 0.492835 0.153622 0.583068
0 0.33359 0.582274 0.193239 0.621914
0 0.620623 0.420219 0.135912 0.55756
0 0.157295 0.657036 0.219071 0.660048
0 0.85482 0.315552 0.151108 0.494114
0 0.493517 0.492835 0.153622 0.583068
0 0.33359 0.582274 0.193239 0.621914
0 0.620623 0.420219 0.135912 0.55756
0 0.157295 0.657036 0.219071 0.660048
0 0.496976 0.501698 0.156629 0.567739
0 0.33685 0.584361 0.190352 0.613343
0 0.627926 0.418443 0.149965 0.543493
0 0.854834 0.317546 0.168785 0.496023
0 0.159132 0.663998 0.215731 0.649884
0 0.496976 0.501698 0.156629 0.567739
0 0.33685 0.584361 0.190352 0.613343
0 0.627926 0.418443 0.149965 0.543493
0 0.854834 0.317546 0.168785 0.496023
0 0.159132 0.663998 0.215731 0.649884
0 0.766028 0.252302 0.0760035 0.316681
0 0.034129 0.731431 0.068258 0.51319
