0 0.121054 0.547191 0.165186 0.825327
0 0.423137 0.482297 0.143038 0.834003
0 0.588096 0.478289 0.144039 0.827929
0 0.749958 0.446619 0.147377 0.82619
0 0.278366 0.549185 0.127179 0.769422
0 0.922649 0.471131 0.150514 0.865149
0 0.923308 0.468484 0.152983 0.874928
0 0.121054 0.547191 0.165186 0.825327
0 0.423137 0.482297 0.143038 0.834003
0 0.588096 0.478289 0.144039 0.827929
0 0.749958 0.446619 0.147377 0.82619
0 0.278366 0.549185 0.127179 0.769422
0 0.922649 0.471131 0.150514 0.865149
0 0.923308 0.468484 0.152983 0.874928
0 0.121054 0.547191 0.165186 0.825327
0 0.423137 0.482297 0.143038 0.834003
0 0.588096 0.478289 0.144039 0.827929
0 0.749958 0.446619 0.147377 0.82619
0 0.278366 0.549185 0.127179 0.769422
0 0.922649 0.471131 0.150514 0.865149
0 0.923308 0.468484 0.152983 0.874928
0 0.92212 0.463688 0.153908 0.89381
0 0.119709 0.554917 0.165075 0.819183
0 0.588617 0.491747 0.142927 0.800565
0 0.750579 0.44265 0.148422 0.826632
0 0.277113 0.546148 0.128932 0.786026
0 0.424159 0.484194 0.146581 0.828076
0 0.0194472 0.560189 0.0388944 0.824064
0 0.92212 0.463688 0.153908 0.89381
0 0.119709 0.554917 0.165075 0.819183
0 0.588617 0.491747 0.142927 0.800565
0 0.750579 0.44265 0.148422 0.826632
0 0.277113 0.546148 0.128932 0.786026
0 0.424159 0.484194 0.146581 0.828076
0 0.0194472 0.560189 0.0388944 0.824064
