0 0.461079 0.690998 0.287567 0.424016
0 0.760633 0.235656 0.307603 0.471312
0 0.745683 0.701914 0.283546 0.432532
0 0.458723 0.231325 0.311165 0.46265
0 0.250449 0.668447 0.148152 0.395258
0 0.148237 0.666837 0.0870489 0.389021
0 0.0539709 0.665637 0.107942 0.412025
0 0.0438299 0.22726 0.0876598 0.45452
0 0.124015 0.253304 0.0964995 0.375026
0 0.238624 0.255095 0.157586 0.388713
0 0.938949 0.70132 0.117789 0.415686
0 0.0543096 0.66542 0.108531 0.41319
0 0.461079 0.690998 0.287567 0.424016
0 0.760633 0.235656 0.307603 0.471312
0 0.745683 0.701914 0.283546 0.432532
0 0.458723 0.231325 0.311165 0.46265
0 0.250449 0.668447 0.148152 0.395258
0 0.148237 0.666837 0.0870489 0.389021
0 0.0539709 0.665637 0.107942 0.412025
0 0.0438299 0.22726 0.0876598 0.45452
0 0.124015 0.253304 0.0964995 0.375026
0 0.238624 0.255095 0.157586 0.388713
0 0.938949 0.70132 0.117789 0.415686
0 0.0543096 0.66542 0.108531 0.41319
0 0.461079 0.690998 0.287567 0.424016
0 0.760633 0.235656 0.307603 0.471312
0 0.745683 0.701914 0.283546 0.432532
0 0.458723 0.231325 0.311165 0.46265
0 0.250449 0.668447 0.148152 0.395258
0 0.148237 0.666837 0.0870489 0.389021
0 0.0539709 0.665637 0.107942 0.412025
0 0.0438299 0.22726 0.0876598 0.45452
0 0.124015 0.253304 0.0964995 0.375026
0 0.238624 0.255095 0.157586 0.388713
0 0.938949 0.70132 0.117789 0.415686
0 0.0543096 0.66542 0.108531 0.41319
0 0.762739 0.235912 0.297252 0.471824
0 0.463729 0.23335 0.303932 0.4667
0 0.742564 0.700691 0.277217 0.431453
0 0.239555 0.246173 0.150169 0.407621
0 0.464761 0.697995 0.273215 0.415911
0 0.0539834 0.674676 0.107341 0.3974
0 0.250729 0.676835 0.136689 0.383566
0 0.15096 0.667768 0.0729952 0.381488
0 0.240841 0.944769 0.158573 0.10724
0 0.954448 0.238004 0.0900193 0.455496
0 0.124554 0.280498 0.0866427 0.312643
0 0.762739 0.235912 0.297252 0.471824
0 0.463729 0.23335 0.303932 0.4667
0 0.742564 0.700691 0.277217 0.431453
0 0.239555 0.246173 0.150169 0.407621
0 0.464761 0.697995 0.273215 0.415911
0 0.0539834 0.674676 0.107341 0.3974
0 0.250729 0.676835 0.136689 0.383566
0 0.15096 0.667768 0.0729952 0.381488
0 0.240841 0.944769 0.158573 0.10724
0 0.954448 0.238004 0.0900193 0.455496
0 0.124554 0.280498 0.0866427 0.312643
0 0.0420634 0.2275 0.0826771 0.434491
0 0.942983 0.701335 0.110618 0.399926
0 0.0112078 0.236209 0.0224155 0.410592
0 0.0433524 0.228992 0.0866945 0.445475
