0 0.399599 0.739217 0.0762561 0.37275
0 0.32329 0.731838 0.078294 0.380657
0 0.475775 0.743488 0.0752107 0.369401
0 0.247064 0.723507 0.0753488 0.381056
0 0.551615 0.747231 0.0789319 0.37129
0 0.887789 0.351783 0.103323 0.487924
0 0.481218 0.318605 0.0808347 0.468199
0 0.401265 0.308043 0.0829569 0.472785
0 0.629547 0.753863 0.0793335 0.374866
0 0.856425 0.770576 0.0915316 0.362029
0 0.168124 0.713835 0.0809853 0.370051
0 0.239869 0.295517 0.0818637 0.474502
0 0.0244538 0.703387 0.0485914 0.373918
0 0.158161 0.283503 0.0855739 0.475682
0 0.954646 0.777914 0.0878104 0.37462
0 0.319594 0.296309 0.082463 0.476994
0 0.78085 0.761554 0.0746325 0.362988
0 0.79519 0.346376 0.100341 0.459164
0 0.70712 0.758084 0.0794421 0.370366
0 0.0760202 0.272579 0.0854087 0.473978
0 0.963276 0.35743 0.0734478 0.475814
0 0.0891843 0.707893 0.0804673 0.379422
0 0.0185839 0.287828 0.0369624 0.470466
0 0.562754 0.325761 0.0886957 0.475241
0 0.0894136 0.706679 0.0808555 0.374914
0 0.399599 0.739217 0.0762561 0.37275
0 0.32329 0.731838 0.078294 0.380657
0 0.475775 0.743488 0.0752107 0.369401
0 0.247064 0.723507 0.0753488 0.381056
0 0.551615 0.747231 0.0789319 0.37129
0 0.887789 0.351783 0.103323 0.487924
0 0.481218 0.318605 0.0808347 0.468199
0 0.401265 0.308043 0.0829569 0.472785
0 0.629547 0.753863 0.0793335 0.374866
0 0.856425 0.770576 0.0915316 0.362029
0 0.168124 0.713835 0.0809853 0.370051
0 0.239869 0.295517 0.0818637 0.474502
0 0.0244538 0.703387 0.0485914 0.373918
0 0.158161 0.283503 0.0855739 0.475682
0 0.954646 0.777914 0.0878104 0.37462
0 0.319594 0.296309 0.082463 0.476994
0 0.78085 0.761554 0.0746325 0.362988
0 0.79519 0.346376 0.100341 0.459164
0 0.70712 0.758084 0.0794421 0.370366
0 0.0760202 0.272579 0.0854087 0.473978
0 0.963276 0.35743 0.0734478 0.475814
0 0.0891843 0.707893 0.0804673 0.379422
0 0.0185839 0.287828 0.0369624 0.470466
0 0.562754 0.325761 0.0886957 0.475241
0 0.0894136 0.706679 0.0808555 0.374914
0 0.399599 0.739217 0.0762561 0.37275
0 0.32329 0.731838 0.078294 0.380657
0 0.475775 0.743488 0.0752107 0.369401
0 0.247064 0.723507 0.0753488 0.381056
0 0.551615 0.747231 0.0789319 0.37129
0 0.887789 0.351783 0.103323 0.487924
0 0.481218 0.318605 0.0808347 0.468199
0 0.401265 0.308043 0.0829569 0.472785
0 0.629547 0.753863 0.0793335 0.374866
0 0.856425 0.770576 0.0915316 0.362029
0 0.168124 0.713835 0.0809853 0.370051
0 0.239869 0.295517 0.0818637 0.474502
0 0.0244538 0.703387 0.0485914 0.373918
0 0.158161 0.283503 0.0855739 0.475682
0 0.954646 0.777914 0.0878104 0.37462
0 0.319594 0.296309 0.082463 0.476994
0 0.78085 0.761554 0.0746325 0.362988
0 0.79519 0.346376 0.100341 0.459164
0 0.70712 0.758084 0.0794421 0.370366
0 0.0760202 0.272579 0.0854087 0.473978
0 0.963276 0.35743 0.0734478 0.475814
0 0.0891843 0.707893 0.0804673 0.379422
0 0.0185839 0.287828 0.0369624 0.470466
0 0.562754 0.325761 0.0886957 0.475241
0 0.0894136 0.706679 0.0808555 0.374914
0 0.157795 0.28349 0.0850915 0.464467
0 0.780026 0.764708 0.0743334 0.362366
0 0.319512 0.29827 0.0834093 0.473139
0 0.887942 0.34584 0.0968733 0.473755
0 0.70751 0.759512 0.0785244 0.369913
0 0.629894 0.754196 0.079113 0.376381
0 0.0891856 0.711272 0.0813055 0.368742
0 0.855696 0.774582 0.0875699 0.357214
0 0.401721 0.312872 0.0823184 0.471961
0 0.481607 0.316464 0.0798523 0.461091
0 0.16841 0.720301 0.083229 0.365311
0 0.239871 0.295761 0.0817826 0.468055
0 0.55131 0.747382 0.0797914 0.372599
0 0.475919 0.748252 0.0748281 0.381444
0 0.248108 0.732533 0.07547 0.370581
0 0.56304 0.323791 0.0866093 0.473546
0 0.322909 0.740718 0.077087 0.365086
0 0.399373 0.746722 0.077232 0.366266
0 0.0175717 0.284311 0.0351434 0.470209
0 0.797758 0.346038 0.0925771 0.455875
0 0.0759059 0.278134 0.0835879 0.470742
0 0.964524 0.358326 0.0709519 0.457759
0 0.0244877 0.708302 0.0479452 0.359247
0 0.955204 0.787243 0.0877862 0.370659
0 0.157795 0.28349 0.0850915 0.464467
0 0.780026 0.764708 0.0743334 0.362366
0 0.319512 0.29827 0.0834093 0.473139
0 0.887942 0.34584 0.0968733 0.473755
0 0.70751 0.759512 0.0785244 0.369913
0 0.629894 0.754196 0.079113 0.376381
0 0.0891856 0.711272 0.0813055 0.368742
0 0.855696 0.774582 0.0875699 0.357214
0 0.401721 0.312872 0.0823184 0.471961
0 0.481607 0.316464 0.0798523 0.461091
0 0.16841 0.720301 0.083229 0.365311
0 0.239871 0.295761 0.0817826 0.468055
0 0.55131 0.747382 0.0797914 0.372599
0 0.475919 0.748252 0.0748281 0.381444
0 0.248108 0.732533 0.07547 0.370581
0 0.56304 0.323791 0.0866093 0.473546
0 0.322909 0.740718 0.077087 0.365086
0 0.399373 0.746722 0.077232 0.366266
0 0.0175717 0.284311 0.0351434 0.470209
0 0.797758 0.346038 0.0925771 0.455875
0 0.0759059 0.278134 0.0835879 0.470742
0 0.964524 0.358326 0.0709519 0.457759
0 0.0244877 0.708302 0.0479452 0.359247
0 0.955204 0.787243 0.0877862 0.370659
0 0.796925 0.348893 0.0939873 0.458314
