0 0.279281 0.678879 0.0834206 0.642241
0 0.0510281 0.66567 0.0903244 0.66866
0 0.193898 0.69127 0.0821884 0.617459
0 0.403917 0.370453 0.147322 0.6914
0 0.126561 0.673486 0.0645609 0.653028
0 0.279281 0.678879 0.0834206 0.642241
0 0.0510281 0.66567 0.0903244 0.66866
0 0.193898 0.69127 0.0821884 0.617459
0 0.403917 0.370453 0.147322 0.6914
0 0.126561 0.673486 0.0645609 0.653028
0 0.279281 0.678879 0.0834206 0.642241
0 0.0510281 0.66567 0.0903244 0.66866
0 0.193898 0.69127 0.0821884 0.617459
0 0.403917 0.370453 0.147322 0.6914
0 0.126561 0.673486 0.0645609 0.653028
0 0.0503356 0.668564 0.0892897 0.662872
0 0.125677 0.666466 0.0617188 0.667069
0 0.27943 0.679441 0.0795188 0.640904
0 0.193992 0.684416 0.0806983 0.631169
0 0.445742 0.357698 0.0723393 0.666515
0 0.372044 0.35331 0.0691033 0.674034
0 0.951055 0.403395 0.0978892 0.67522
0 0.40221 0.855199 0.15788 0.289603
0 0.401909 0.855684 0.156784 0.288632
0 0.0503356 0.668564 0.0892897 0.662872
0 0.125677 0.666466 0.0617188 0.667069
0 0.27943 0.679441 0.0795188 0.640904
0 0.193992 0.684416 0.0806983 0.631169
0 0.445742 0.357698 0.0723393 0.666515
0 0.372044 0.35331 0.0691033 0.674034
0 0.951055 0.403395 0.0978892 0.67522
0 0.40221 0.855199 0.15788 0.289603
0 0.401909 0.855684 0.156784 0.288632
