0 0.329105 0.464945 0.161858 0.836235
0 0.499954 0.509042 0.145167 0.794024
0 0.042545 0.438622 0.08509 0.824416
0 0.846593 0.534034 0.166562 0.832857
0 0.961818 0.58958 0.0760639 0.746207
0 0.692282 0.499983 0.141718 0.860913
0 0.598393 0.593448 0.0605672 0.60081
0 0.329105 0.464945 0.161858 0.836235
0 0.499954 0.509042 0.145167 0.794024
0 0.042545 0.438622 0.08509 0.824416
0 0.846593 0.534034 0.166562 0.832857
0 0.961818 0.58958 0.0760639 0.746207
0 0.692282 0.499983 0.141718 0.860913
0 0.598393 0.593448 0.0605672 0.60081
0 0.329105 0.464945 0.161858 0.836235
0 0.499954 0.509042 0.145167 0.794024
0 0.042545 0.438622 0.08509 0.824416
0 0.846593 0.534034 0.166562 0.832857
0 0.961818 0.58958 0.0760639 0.746207
0 0.692282 0.499983 0.141718 0.860913
0 0.598393 0.593448 0.0605672 0.60081
0 0.3284 0.466862 0.164775 0.865202
0 0.692397 0.481512 0.148765 0.909279
0 0.0444579 0.438087 0.0889159 0.850784
0 0.50055 0.4785 0.148255 0.860245
0 0.847878 0.538637 0.169377 0.833961
0 0.962165 0.576913 0.0756705 0.754545
0 0.121638 0.285862 0.0985533 0.559602
0 0.501075 0.485151 0.142302 0.817968
0 0.3284 0.466862 0.164775 0.865202
0 0.692397 0.481512 0.148765 0.909279
0 0.0444579 0.438087 0.0889159 0.850784
0 0.50055 0.4785 0.148255 0.860245
0 0.847878 0.538637 0.169377 0.833961
0 0.962165 0.576913 0.0756705 0.754545
0 0.121638 0.285862 0.0985533 0.559602
0 0.501075 0.485151 0.142302 0.817968
0 0.961893 0.577684 0.0762131 0.746961
0 0.503691 0.329203 0.144773 0.575032
