0 0.605245 0.843816 0.137987 0.16234
0 0.615285 0.544776 0.13772 0.446971
0 0.777774 0.52476 0.247931 0.510879
0 0.322847 0.78673 0.15476 0.146569
0 0.442361 0.429056 0.146075 0.19248
0 0.437276 0.628437 0.0826 0.203751
0 0.605245 0.843816 0.137987 0.16234
0 0.615285 0.544776 0.13772 0.446971
0 0.777774 0.52476 0.247931 0.510879
0 0.322847 0.78673 0.15476 0.146569
0 0.442361 0.429056 0.146075 0.19248
0 0.437276 0.628437 0.0826 0.203751
0 0.605245 0.843816 0.137987 0.16234
0 0.615285 0.544776 0.13772 0.446971
0 0.777774 0.52476 0.247931 0.510879
0 0.322847 0.78673 0.15476 0.146569
0 0.442361 0.429056 0.146075 0.19248
0 0.437276 0.628437 0.0826 0.203751
0 0.944504 0.60332 0.097874 0.205223
0 0.0871356 0.421559 0.170452 0.527663
0 0.323061 0.787812 0.150324 0.135427
0 0.323713 0.789496 0.151223 0.13491
0 0.215934 0.403389 0.122627 0.579668
0 0.944504 0.60332 0.097874 0.205223
0 0.0871356 0.421559 0.170452 0.527663
0 0.323061 0.787812 0.150324 0.135427
0 0.323713 0.789496 0.151223 0.13491
0 0.215934 0.403389 0.122627 0.579668
0 0.610643 0.753484 0.139024 0.325604
0 0.332134 0.450676 0.137958 0.538511
0 0.609403 0.68976 0.121089 0.146449
0 0.432579 0.810705 0.0729405 0.134152
