0 0.469649 0.337336 0.263899 0.479407
0 0.497607 0.85465 0.0983467 0.2907
0 0.40331 0.86388 0.107112 0.272239
0 0.301475 0.87256 0.102795 0.25488
0 0.202428 0.879821 0.107715 0.240359
0 0.173592 0.332784 0.292095 0.514615
0 0.587514 0.844436 0.0859681 0.311128
0 0.0181872 0.277824 0.0363744 0.40675
0 0.808759 0.587855 0.328986 0.824289
0 0.175045 0.329773 0.286158 0.507102
0 0.469649 0.337336 0.263899 0.479407
0 0.497607 0.85465 0.0983467 0.2907
0 0.40331 0.86388 0.107112 0.272239
0 0.301475 0.87256 0.102795 0.25488
0 0.202428 0.879821 0.107715 0.240359
0 0.173592 0.332784 0.292095 0.514615
0 0.587514 0.844436 0.0859681 0.311128
0 0.0181872 0.277824 0.0363744 0.40675
0 0.808759 0.587855 0.328986 0.824289
0 0.175045 0.329773 0.286158 0.507102
0 0.469649 0.337336 0.263899 0.479407
0 0.497607 0.85465 0.0983467 0.2907
0 0.40331 0.86388 0.107112 0.272239
0 0.301475 0.87256 0.102795 0.25488
0 0.202428 0.879821 0.107715 0.240359
0 0.173592 0.332784 0.292095 0.514615
0 0.587514 0.844436 0.0859681 0.311128
0 0.0181872 0.277824 0.0363744 0.40675
0 0.808759 0.587855 0.328986 0.824289
0 0.175045 0.329773 0.286158 0.507102
0 0.463974 0.345353 0.259751 0.474438
0 0.16641 0.322028 0.312207 0.505113
0 0.814272 0.608677 0.320305 0.782646
0 0.588135 0.848518 0.0885995 0.302965
0 0.297597 0.872591 0.0958693 0.254818
0 0.400363 0.865579 0.10303 0.268842
0 0.497518 0.85668 0.0982497 0.28664
0 0.1995 0.880186 0.100847 0.239628
0 0.199762 0.878644 0.102029 0.242711
0 0.463974 0.345353 0.259751 0.474438
0 0.16641 0.322028 0.312207 0.505113
0 0.814272 0.608677 0.320305 0.782646
0 0.588135 0.848518 0.0885995 0.302965
0 0.297597 0.872591 0.0958693 0.254818
0 0.400363 0.865579 0.10303 0.268842
0 0.497518 0.85668 0.0982497 0.28664
0 0.1995 0.880186 0.100847 0.239628
0 0.199762 0.878644 0.102029 0.242711
0 0.49739 0.857492 0.0973914 0.285016
