0 0.672602 0.792227 0.0993985 0.354356
0 0.410348 0.609116 0.230287 0.729838
0 0.187971 0.634025 0.228367 0.684437
0 0.572828 0.795657 0.0980891 0.353363
0 0.963963 0.784097 0.0720747 0.366914
0 0.0530311 0.803516 0.104204 0.337146
0 0.0489937 0.556971 0.0979874 0.852313
0 0.0372699 0.399734 0.074287 0.515493
0 0.672602 0.792227 0.0993985 0.354356
0 0.410348 0.609116 0.230287 0.729838
0 0.187971 0.634025 0.228367 0.684437
0 0.572828 0.795657 0.0980891 0.353363
0 0.963963 0.784097 0.0720747 0.366914
0 0.0530311 0.803516 0.104204 0.337146
0 0.0489937 0.556971 0.0979874 0.852313
0 0.0372699 0.399734 0.074287 0.515493
0 0.672602 0.792227 0.0993985 0.354356
0 0.410348 0.609116 0.230287 0.729838
0 0.187971 0.634025 0.228367 0.684437
0 0.572828 0.795657 0.0980891 0.353363
0 0.963963 0.784097 0.0720747 0.366914
0 0.0530311 0.803516 0.104204 0.337146
0 0.0489937 0.556971 0.0979874 0.852313
0 0.0372699 0.399734 0.074287 0.515493
0 0.572269 0.790674 0.101132 0.371909
0 0.189906 0.640041 0.228735 0.689329
0 0.674253 0.789167 0.107672 0.367238
0 0.0503732 0.575091 0.100103 0.833549
0 0.411435 0.633795 0.226459 0.69617
0 0.844941 0.625895 0.248028 0.691044
0 0.965307 0.721629 0.069386 0.495993
0 0.572269 0.790674 0.101132 0.371909
0 0.189906 0.640041 0.228735 0.689329
0 0.674253 0.789167 0.107672 0.367238
0 0.0503732 0.575091 0.100103 0.833549
0 0.411435 0.633795 0.226459 0.69617
0 0.844941 0.625895 0.248028 0.691044
0 0.965307 0.721629 0.069386 0.495993
0 0.845519 0.628228 0.248579 0.690278
