0 0.581851 0.512471 0.0852579 0.96772
0 0.50526 0.504745 0.0859018 0.960568
0 0.0615238 0.523655 0.0754775 0.917529
0 0.427166 0.511355 0.0792983 0.938526
0 0.785442 0.703873 0.070375 0.550881
0 0.28585 0.303491 0.0711015 0.51818
0 0.211699 0.780576 0.0680465 0.424887
0 0.658626 0.513254 0.0860394 0.973491
0 0.353199 0.774567 0.0654275 0.417544
0 0.283169 0.77186 0.0683535 0.438213
0 0.96246 0.272132 0.0729866 0.533377
0 0.134925 0.515165 0.0778 0.94046
0 0.934696 0.743823 0.076077 0.432848
0 0.356671 0.495889 0.0727507 0.918336
0 0.860075 0.743137 0.079323 0.447375
0 0.728936 0.502813 0.0801493 0.993634
0 0.21143 0.316484 0.071893 0.533886
0 0.581851 0.512471 0.0852579 0.96772
0 0.50526 0.504745 0.0859018 0.960568
0 0.0615238 0.523655 0.0754775 0.917529
0 0.427166 0.511355 0.0792983 0.938526
0 0.785442 0.703873 0.070375 0.550881
0 0.28585 0.303491 0.0711015 0.51818
0 0.211699 0.780576 0.0680465 0.424887
0 0.658626 0.513254 0.0860394 0.973491
0 0.353199 0.774567 0.0654275 0.417544
0 0.283169 0.77186 0.0683535 0.438213
0 0.96246 0.272132 0.0729866 0.533377
0 0.134925 0.515165 0.0778 0.94046
0 0.934696 0.743823 0.076077 0.432848
0 0.356671 0.495889 0.0727507 0.918336
0 0.860075 0.743137 0.079323 0.447375
0 0.728936 0.502813 0.0801493 0.993634
0 0.21143 0.316484 0.071893 0.533886
0 0.581851 0.512471 0.0852579 0.96772
0 0.50526 0.504745 0.0859018 0.960568
0 0.0615238 0.523655 0.0754775 0.917529
0 0.427166 0.511355 0.0792983 0.938526
0 0.785442 0.703873 0.070375 0.550881
0 0.28585 0.303491 0.0711015 0.51818
0 0.211699 0.780576 0.0680465 0.424887
0 0.658626 0.513254 0.0860394 0.973491
0 0.353199 0.774567 0.0654275 0.417544
0 0.283169 0.77186 0.0683535 0.438213
0 0.96246 0.272132 0.0729866 0.533377
0 0.134925 0.515165 0.0778 0.94046
0 0.934696 0.743823 0.076077 0.432848
0 0.356671 0.495889 0.0727507 0.918336
0 0.860075 0.743137 0.079323 0.447375
0 0.728936 0.502813 0.0801493 0.993634
0 0.21143 0.316484 0.071893 0.533886
0 0.581824 0.505741 0.0830876 0.955478
0 0.354649 0.504719 0.0728852 0.93182
0 0.427548 0.500818 0.0793287 0.923069
0 0.0618251 0.526392 0.0762604 0.915362
0 0.210853 0.513826 0.0767706 0.933927
0 0.134229 0.516756 0.0780089 0.923679
0 0.784974 0.689036 0.0709 0.563251
0 0.284569 0.515621 0.074352 0.943787
0 0.731122 0.494405 0.0790698 0.9672
0 0.878843 0.485314 0.0991714 0.957026
0 0.506829 0.502381 0.0834776 0.956535
0 0.659274 0.504708 0.0826846 0.948179
0 0.93797 0.750101 0.0717256 0.424945
0 0.986362 0.736382 0.0272766 0.471736
0 0.959934 0.283061 0.077391 0.551071
0 0.862462 0.744875 0.0798603 0.443178
0 0.957039 0.49041 0.0824369 0.98082
0 0.581824 0.505741 0.0830876 0.955478
0 0.354649 0.504719 0.0728852 0.93182
0 0.427548 0.500818 0.0793287 0.923069
0 0.0618251 0.526392 0.0762604 0.915362
0 0.210853 0.513826 0.0767706 0.933927
0 0.134229 0.516756 0.0780089 0.923679
0 0.784974 0.689036 0.0709 0.563251
0 0.284569 0.515621 0.074352 0.943787
0 0.731122 0.494405 0.0790698 0.9672
0 0.878843 0.485314 0.0991714 0.957026
0 0.506829 0.502381 0.0834776 0.956535
0 0.659274 0.504708 0.0826846 0.948179
0 0.93797 0.750101 0.0717256 0.424945
0 0.986362 0.736382 0.0272766 0.471736
0 0.959934 0.283061 0.077391 0.551071
0 0.862462 0.744875 0.0798603 0.443178
0 0.957039 0.49041 0.0824369 0.98082
0 0.282757 0.78463 0.0706761 0.41411
0 0.658322 0.506193 0.0821735 0.950055
