0 0.726489 0.453597 0.119427 0.795543
0 0.110242 0.4595 0.142433 0.763476
0 0.849099 0.424652 0.132693 0.685847
0 0.971324 0.571477 0.057352 0.50136
0 0.549854 0.473338 0.234226 0.828962
0 0.0186508 0.491679 0.0371326 0.706909
0 0.294691 0.423433 0.233894 0.846865
0 0.726489 0.453597 0.119427 0.795543
0 0.110242 0.4595 0.142433 0.763476
0 0.849099 0.424652 0.132693 0.685847
0 0.971324 0.571477 0.057352 0.50136
0 0.549854 0.473338 0.234226 0.828962
0 0.0186508 0.491679 0.0371326 0.706909
0 0.294691 0.423433 0.233894 0.846865
0 0.726489 0.453597 0.119427 0.795543
0 0.110242 0.4595 0.142433 0.763476
0 0.849099 0.424652 0.132693 0.685847
0 0.971324 0.571477 0.057352 0.50136
0 0.549854 0.473338 0.234226 0.828962
0 0.0186508 0.491679 0.0371326 0.706909
0 0.294691 0.423433 0.233894 0.846865
0 0.727675 0.441247 0.121174 0.79526
0 0.85221 0.423435 0.145666 0.698508
0 0.548769 0.456704 0.237828 0.868712
0 0.955897 0.448061 0.0882064 0.708819
0 0.29425 0.424901 0.234069 0.849803
0 0.0186737 0.46281 0.0373474 0.775564
0 0.111432 0.432362 0.14616 0.818437
0 0.727675 0.441247 0.121174 0.79526
0 0.85221 0.423435 0.145666 0.698508
0 0.548769 0.456704 0.237828 0.868712
0 0.955897 0.448061 0.0882064 0.708819
0 0.29425 0.424901 0.234069 0.849803
0 0.0186737 0.46281 0.0373474 0.775564
0 0.111432 0.432362 0.14616 0.818437
