0 0.197259 0.274099 0.367634 0.478539
0 0.530024 0.272646 0.29397 0.507153
0 0.824522 0.243617 0.289282 0.487235
0 0.0239371 0.280965 0.0478741 0.427763
0 0.197259 0.274099 0.367634 0.478539
0 0.530024 0.272646 0.29397 0.507153
0 0.824522 0.243617 0.289282 0.487235
0 0.0239371 0.280965 0.0478741 0.427763
0 0.197259 0.274099 0.367634 0.478539
0 0.530024 0.272646 0.29397 0.507153
0 0.824522 0.243617 0.289282 0.487235
0 0.0239371 0.280965 0.0478741 0.427763
0 0.305855 0.481258 0.197151 0.962515
0 0.826483 0.235999 0.296245 0.471998
0 0.0438698 0.717503 0.0877396 0.526826
0 0.821881 0.637831 0.276266 0.465292
0 0.518704 0.714646 0.249117 0.476278
0 0.531225 0.479118 0.315012 0.958235
0 0.0266178 0.270478 0.0522066 0.435748
0 0.160675 0.745946 0.177184 0.455819
0 0.82606 0.250069 0.301955 0.500137
0 0.305855 0.481258 0.197151 0.962515
0 0.826483 0.235999 0.296245 0.471998
0 0.0438698 0.717503 0.0877396 0.526826
0 0.821881 0.637831 0.276266 0.465292
0 0.518704 0.714646 0.249117 0.476278
0 0.531225 0.479118 0.315012 0.958235
0 0.0266178 0.270478 0.0522066 0.435748
0 0.160675 0.745946 0.177184 0.455819
0 0.82606 0.250069 0.301955 0.500137
