0 0.670877 0.590535 0.229734 0.578318
0 0.88905 0.523509 0.219748 0.828269
0 0.455846 0.545562 0.21068 0.550209
0 0.213781 0.438829 0.254065 0.725747
0 0.0529756 0.365176 0.105951 0.730353
0 0.670877 0.590535 0.229734 0.578318
0 0.88905 0.523509 0.219748 0.828269
0 0.455846 0.545562 0.21068 0.550209
0 0.213781 0.438829 0.254065 0.725747
0 0.0529756 0.365176 0.105951 0.730353
0 0.670877 0.590535 0.229734 0.578318
0 0.88905 0.523509 0.219748 0.828269
0 0.455846 0.545562 0.21068 0.550209
0 0.213781 0.438829 0.254065 0.725747
0 0.0529756 0.365176 0.105951 0.730353
0 0.888844 0.529991 0.220203 0.832078
0 0.676232 0.548977 0.232737 0.664286
0 0.458213 0.530668 0.214241 0.596214
0 0.218322 0.426456 0.267061 0.751042
0 0.0554625 0.36941 0.110883 0.73882
0 0.888844 0.529991 0.220203 0.832078
0 0.676232 0.548977 0.232737 0.664286
0 0.458213 0.530668 0.214241 0.596214
0 0.218322 0.426456 0.267061 0.751042
0 0.0554625 0.36941 0.110883 0.73882
