0 0.851796 0.756831 0.0887316 0.337851
0 0.19602 0.657587 0.136081 0.609791
0 0.949812 0.78725 0.0896212 0.263383
0 0.391913 0.71172 0.130228 0.477059
0 0.716311 0.782111 0.158457 0.3027
0 0.0704424 0.690238 0.140885 0.565962
0 0.571259 0.857033 0.112504 0.172148
0 0.392651 0.707659 0.130871 0.483089
0 0.851796 0.756831 0.0887316 0.337851
0 0.19602 0.657587 0.136081 0.609791
0 0.949812 0.78725 0.0896212 0.263383
0 0.391913 0.71172 0.130228 0.477059
0 0.716311 0.782111 0.158457 0.3027
0 0.0704424 0.690238 0.140885 0.565962
0 0.571259 0.857033 0.112504 0.172148
0 0.392651 0.707659 0.130871 0.483089
0 0.851796 0.756831 0.0887316 0.337851
0 0.19602 0.657587 0.136081 0.609791
0 0.949812 0.78725 0.0896212 0.263383
0 0.391913 0.71172 0.130228 0.477059
0 0.716311 0.782111 0.158457 0.3027
0 0.0704424 0.690238 0.140885 0.565962
0 0.571259 0.857033 0.112504 0.172148
0 0.392651 0.707659 0.130871 0.483089
0 0.394297 0.70985 0.134256 0.474786
0 0.849942 0.75768 0.0921264 0.344995
0 0.193788 0.661792 0.12695 0.598586
0 0.950078 0.801941 0.0949274 0.236835
0 0.568658 0.847935 0.113249 0.18111
0 0.716041 0.785903 0.156259 0.301437
0 0.0695836 0.701215 0.139167 0.556612
0 0.715825 0.783805 0.156921 0.304968
0 0.0681275 0.708517 0.136255 0.526276
0 0.394297 0.70985 0.134256 0.474786
0 0.849942 0.75768 0.0921264 0.344995
0 0.193788 0.661792 0.12695 0.598586
0 0.950078 0.801941 0.0949274 0.236835
0 0.568658 0.847935 0.113249 0.18111
0 0.716041 0.785903 0.156259 0.301437
0 0.0695836 0.701215 0.139167 0.556612
0 0.715825 0.783805 0.156921 0.304968
0 0.0681275 0.708517 0.136255 0.526276
