0 0.841313 0.392008 0.310861 0.577911
0 0.544379 0.519812 0.315356 0.54648
0 0.238223 0.500683 0.334913 0.765292
0 0.0358901 0.607571 0.0706221 0.707056
0 0.841313 0.392008 0.310861 0.577911
0 0.544379 0.519812 0.315356 0.54648
0 0.238223 0.500683 0.334913 0.765292
0 0.0358901 0.607571 0.0706221 0.707056
0 0.841313 0.392008 0.310861 0.577911
0 0.544379 0.519812 0.315356 0.54648
0 0.238223 0.500683 0.334913 0.765292
0 0.0358901 0.607571 0.0706221 0.707056
0 0.843031 0.394942 0.309214 0.571324
0 0.550621 0.515323 0.311158 0.542974
0 0.238451 0.517542 0.341397 0.703386
0 0.843031 0.394942 0.309214 0.571324
0 0.550621 0.515323 0.311158 0.542974
0 0.238451 0.517542 0.341397 0.703386
0 0.0368454 0.592518 0.0728718 0.757467
0 0.0341022 0.637167 0.0682043 0.676591
0 0.240377 0.515098 0.349903 0.70669
