0 0.655738 0.727435 0.107246 0.4388
0 0.836864 0.268112 0.107427 0.428392
0 0.762685 0.733155 0.109005 0.441836
0 0.97243 0.347952 0.05514 0.483657
0 0.226134 0.276812 0.106037 0.456976
0 0.232031 0.708472 0.101927 0.397613
0 0.92187 0.306817 0.0716882 0.405728
0 0.132421 0.700338 0.0915383 0.401904
0 0.0407318 0.27017 0.0814637 0.454098
0 0.12697 0.267601 0.0976621 0.457083
0 0.333061 0.28391 0.106257 0.459799
0 0.547436 0.628935 0.113361 0.622577
0 0.0411851 0.695653 0.0823702 0.393582
0 0.653232 0.235065 0.0865514 0.362509
0 0.439525 0.61984 0.109946 0.614805
0 0.334131 0.717562 0.102589 0.40436
0 0.972095 0.770848 0.0558098 0.41969
0 0.912638 0.797151 0.0873755 0.405698
0 0.655738 0.727435 0.107246 0.4388
0 0.836864 0.268112 0.107427 0.428392
0 0.762685 0.733155 0.109005 0.441836
0 0.97243 0.347952 0.05514 0.483657
0 0.226134 0.276812 0.106037 0.456976
0 0.232031 0.708472 0.101927 0.397613
0 0.92187 0.306817 0.0716882 0.405728
0 0.132421 0.700338 0.0915383 0.401904
0 0.0407318 0.27017 0.0814637 0.454098
0 0.12697 0.267601 0.0976621 0.457083
0 0.333061 0.28391 0.106257 0.459799
0 0.547436 0.628935 0.113361 0.622577
0 0.0411851 0.695653 0.0823702 0.393582
0 0.653232 0.235065 0.0865514 0.362509
0 0.439525 0.61984 0.109946 0.614805
0 0.334131 0.717562 0.102589 0.40436
0 0.972095 0.770848 0.0558098 0.41969
0 0.912638 0.797151 0.0873755 0.405698
0 0.655738 0.727435 0.107246 0.4388
0 0.836864 0.268112 0.107427 0.428392
0 0.762685 0.733155 0.109005 0.441836
0 0.97243 0.347952 0.05514 0.483657
0 0.226134 0.276812 0.106037 0.456976
0 0.232031 0.708472 0.101927 0.397613
0 0.92187 0.306817 0.0716882 0.405728
0 0.132421 0.700338 0.0915383 0.401904
0 0.0407318 0.27017 0.0814637 0.454098
0 0.12697 0.267601 0.0976621 0.457083
0 0.333061 0.28391 0.106257 0.459799
0 0.547436 0.628935 0.113361 0.622577
0 0.0411851 0.695653 0.0823702 0.393582
0 0.653232 0.235065 0.0865514 0.362509
0 0.439525 0.61984 0.109946 0.614805
0 0.334131 0.717562 0.102589 0.40436
0 0.972095 0.770848 0.0558098 0.41969
0 0.912638 0.797151 0.0873755 0.405698
0 0.762686 0.730252 0.108905 0.452077
0 0.127605 0.269394 0.100088 0.45752
0 0.547636 0.639108 0.110222 0.587837
0 0.654578 0.727454 0.108686 0.441414
0 0.0410649 0.273111 0.0821298 0.456108
0 0.332799 0.286992 0.10465 0.463216
0 0.333809 0.719738 0.101874 0.394295
0 0.438626 0.626617 0.1074 0.600217
0 0.131591 0.701931 0.0939755 0.398972
0 0.0410397 0.69363 0.0820794 0.399559
0 0.231265 0.709404 0.102503 0.397811
0 0.973138 0.772003 0.0537237 0.417957
0 0.883058 0.748967 0.129002 0.490175
0 0.654064 0.23197 0.0825347 0.370165
0 0.226831 0.279384 0.1064 0.463102
0 0.838806 0.265907 0.102755 0.41784
0 0.921122 0.314235 0.0654441 0.391479
0 0.946021 0.339583 0.107958 0.444073
0 0.762686 0.730252 0.108905 0.452077
0 0.127605 0.269394 0.100088 0.45752
0 0.547636 0.639108 0.110222 0.587837
0 0.654578 0.727454 0.108686 0.441414
0 0.0410649 0.273111 0.0821298 0.456108
0 0.332799 0.286992 0.10465 0.463216
0 0.333809 0.719738 0.101874 0.394295
0 0.438626 0.626617 0.1074 0.600217
0 0.131591 0.701931 0.0939755 0.398972
0 0.0410397 0.69363 0.0820794 0.399559
0 0.231265 0.709404 0.102503 0.397811
0 0.973138 0.772003 0.0537237 0.417957
0 0.883058 0.748967 0.129002 0.490175
0 0.654064 0.23197 0.0825347 0.370165
0 0.226831 0.279384 0.1064 0.463102
0 0.838806 0.265907 0.102755 0.41784
0 0.921122 0.314235 0.0654441 0.391479
0 0.946021 0.339583 0.107958 0.444073
0 0.226751 0.27998 0.106439 0.464926
