0 0.395651 0.561398 0.347211 0.390194
0 0.721973 0.437773 0.310782 0.870995
0 0.116861 0.724397 0.219645 0.514468
0 0.910815 0.466154 0.150865 0.801779
0 0.016267 0.741119 0.032108 0.510321
0 0.394063 0.56378 0.343982 0.387049
0 0.395651 0.561398 0.347211 0.390194
0 0.721973 0.437773 0.310782 0.870995
0 0.116861 0.724397 0.219645 0.514468
0 0.910815 0.466154 0.150865 0.801779
0 0.016267 0.741119 0.032108 0.510321
0 0.394063 0.56378 0.343982 0.387049
0 0.395651 0.561398 0.347211 0.390194
0 0.721973 0.437773 0.310782 0.870995
0 0.116861 0.724397 0.219645 0.514468
0 0.910815 0.466154 0.150865 0.801779
0 0.016267 0.741119 0.032108 0.510321
0 0.394063 0.56378 0.343982 0.387049
0 0.392994 0.567769 0.33922 0.392599
0 0.793368 0.438849 0.398997 0.877699
0 0.119159 0.733254 0.207251 0.491337
0 0.392994 0.567769 0.33922 0.392599
0 0.793368 0.438849 0.398997 0.877699
0 0.119159 0.733254 0.207251 0.491337
0 0.118786 0.732884 0.206746 0.490761
