0 0.846854 0.525382 0.110008 0.898131
0 0.560764 0.507189 0.0933036 0.873377
0 0.464491 0.500659 0.0907299 0.864181
0 0.941694 0.535882 0.104197 0.879023
0 0.751363 0.51832 0.103558 0.889366
0 0.654861 0.494714 0.0969873 0.914819
0 0.330687 0.527751 0.180021 0.825319
0 0.328892 0.522567 0.181539 0.823505
0 0.125784 0.573638 0.149769 0.692545
0 0.21884 0.556515 0.0452552 0.56995
0 0.846854 0.525382 0.110008 0.898131
0 0.560764 0.507189 0.0933036 0.873377
0 0.464491 0.500659 0.0907299 0.864181
0 0.941694 0.535882 0.104197 0.879023
0 0.751363 0.51832 0.103558 0.889366
0 0.654861 0.494714 0.0969873 0.914819
0 0.330687 0.527751 0.180021 0.825319
0 0.328892 0.522567 0.181539 0.823505
0 0.125784 0.573638 0.149769 0.692545
0 0.21884 0.556515 0.0452552 0.56995
0 0.846854 0.525382 0.110008 0.898131
0 0.560764 0.507189 0.0933036 0.873377
0 0.464491 0.500659 0.0907299 0.864181
0 0.941694 0.535882 0.104197 0.879023
0 0.751363 0.51832 0.103558 0.889366
0 0.654861 0.494714 0.0969873 0.914819
0 0.330687 0.527751 0.180021 0.825319
0 0.328892 0.522567 0.181539 0.823505
0 0.125784 0.573638 0.149769 0.692545
0 0.21884 0.556515 0.0452552 0.56995
0 0.656139 0.484673 0.0994875 0.931621
0 0.147461 0.573405 0.189191 0.725772
0 0.560134 0.476722 0.0977877 0.916435
0 0.75379 0.481162 0.102931 0.931621
0 0.465691 0.470245 0.0942852 0.916282
0 0.847944 0.490133 0.110095 0.940652
0 0.942791 0.520243 0.103887 0.897469
0 0.330441 0.523688 0.17663 0.868397
0 0.990118 0.56913 0.0197633 0.840586
0 0.33035 0.511869 0.177455 0.876836
0 0.656139 0.484673 0.0994875 0.931621
0 0.147461 0.573405 0.189191 0.725772
0 0.560134 0.476722 0.0977877 0.916435
0 0.75379 0.481162 0.102931 0.931621
0 0.465691 0.470245 0.0942852 0.916282
0 0.847944 0.490133 0.110095 0.940652
0 0.942791 0.520243 0.103887 0.897469
0 0.330441 0.523688 0.17663 0.868397
0 0.990118 0.56913 0.0197633 0.840586
0 0.33035 0.511869 0.177455 0.876836
