0 0.389827 0.525976 0.0449839 0.786612
0 0.105993 0.604096 0.0423555 0.694056
0 0.465206 0.597171 0.0396826 0.599349
0 0.429674 0.584177 0.031932 0.624684
0 0.31051 0.52301 0.0474224 0.797706
0 0.0656439 0.574808 0.0453032 0.790837
0 0.170204 0.617672 0.0438064 0.642858
0 0.504304 0.598542 0.0359847 0.586625
0 0.979097 0.438004 0.0418063 0.781426
0 0.351774 0.518693 0.0410038 0.780537
0 0.389827 0.525976 0.0449839 0.786612
0 0.105993 0.604096 0.0423555 0.694056
0 0.465206 0.597171 0.0396826 0.599349
0 0.429674 0.584177 0.031932 0.624684
0 0.31051 0.52301 0.0474224 0.797706
0 0.0656439 0.574808 0.0453032 0.790837
0 0.170204 0.617672 0.0438064 0.642858
0 0.504304 0.598542 0.0359847 0.586625
0 0.979097 0.438004 0.0418063 0.781426
0 0.351774 0.518693 0.0410038 0.780537
0 0.389827 0.525976 0.0449839 0.786612
0 0.105993 0.604096 0.0423555 0.694056
0 0.465206 0.597171 0.0396826 0.599349
0 0.429674 0.584177 0.031932 0.624684
0 0.31051 0.52301 0.0474224 0.797706
0 0.0656439 0.574808 0.0453032 0.790837
0 0.170204 0.617672 0.0438064 0.642858
0 0.504304 0.598542 0.0359847 0.586625
0 0.979097 0.438004 0.0418063 0.781426
0 0.351774 0.518693 0.0410038 0.780537
0 0.391136 0.514458 0.0470123 0.813889
0 0.464951 0.530407 0.0448847 0.742169
0 0.309741 0.507588 0.0469947 0.835793
0 0.350132 0.516078 0.0421921 0.800657
0 0.225099 0.539544 0.0466297 0.794908
0 0.172224 0.567419 0.0467092 0.733831
0 0.26731 0.531106 0.0422775 0.801003
0 0.0276512 0.595016 0.0455448 0.73854
0 0.0663885 0.579371 0.0419587 0.772349
0 0.504595 0.505223 0.0409335 0.78758
0 0.105656 0.582177 0.0448196 0.742653
0 0.978069 0.42051 0.0438628 0.820942
0 0.541789 0.466008 0.0389417 0.833782
0 0.391136 0.514458 0.0470123 0.813889
0 0.464951 0.530407 0.0448847 0.742169
0 0.309741 0.507588 0.0469947 0.835793
0 0.350132 0.516078 0.0421921 0.800657
0 0.225099 0.539544 0.0466297 0.794908
0 0.172224 0.567419 0.0467092 0.733831
0 0.26731 0.531106 0.0422775 0.801003
0 0.0276512 0.595016 0.0455448 0.73854
0 0.0663885 0.579371 0.0419587 0.772349
0 0.504595 0.505223 0.0409335 0.78758
0 0.105656 0.582177 0.0448196 0.742653
0 0.978069 0.42051 0.0438628 0.820942
0 0.541789 0.466008 0.0389417 0.833782
0 0.140439 0.574262 0.0321596 0.724848
0 0.43065 0.533062 0.0336229 0.750463
0 0.105427 0.581806 0.0432143 0.739028
