0 0.358045 0.640734 0.228908 0.61745
0 0.101055 0.704541 0.20211 0.45179
0 0.593408 0.630659 0.236086 0.618068
0 0.839778 0.473197 0.254335 0.347303
0 0.358045 0.640734 0.228908 0.61745
0 0.101055 0.704541 0.20211 0.45179
0 0.593408 0.630659 0.236086 0.618068
0 0.839778 0.473197 0.254335 0.347303
0 0.358045 0.640734 0.228908 0.61745
0 0.101055 0.704541 0.20211 0.45179
0 0.593408 0.630659 0.236086 0.618068
0 0.839778 0.473197 0.254335 0.347303
0 0.593935 0.81187 0.217388 0.251475
0 0.841303 0.4721 0.246594 0.343407
0 0.359056 0.639561 0.223143 0.625355
0 0.594393 0.503122 0.219099 0.360431
0 0.118862 0.706051 0.234649 0.459638
0 0.778039 0.783518 0.12831 0.293998
0 0.593935 0.81187 0.217388 0.251475
0 0.841303 0.4721 0.246594 0.343407
0 0.359056 0.639561 0.223143 0.625355
0 0.594393 0.503122 0.219099 0.360431
0 0.118862 0.706051 0.234649 0.459638
0 0.778039 0.783518 0.12831 0.293998
0 0.910795 0.780995 0.14104 0.29419
