0 0.89005 0.709014 0.163245 0.285475
0 0.0352193 0.398415 0.0702318 0.314716
0 0.930513 0.287255 0.138065 0.57451
0 0.720848 0.697545 0.178194 0.32248
0 0.518414 0.700012 0.230772 0.353222
0 0.44007 0.259766 0.0580243 0.163032
0 0.613287 0.264803 0.058401 0.164695
0 0.236589 0.537744 0.339272 0.780124
0 0.104962 0.734329 0.08559 0.360967
0 0.0341576 0.618846 0.0683152 0.62414
0 0.03387 0.73579 0.06774 0.387435
0 0.89005 0.709014 0.163245 0.285475
0 0.0352193 0.398415 0.0702318 0.314716
0 0.930513 0.287255 0.138065 0.57451
0 0.720848 0.697545 0.178194 0.32248
0 0.518414 0.700012 0.230772 0.353222
0 0.44007 0.259766 0.0580243 0.163032
0 0.613287 0.264803 0.058401 0.164695
0 0.236589 0.537744 0.339272 0.780124
0 0.104962 0.734329 0.08559 0.360967
0 0.0341576 0.618846 0.0683152 0.62414
0 0.03387 0.73579 0.06774 0.387435
0 0.89005 0.709014 0.163245 0.285475
0 0.0352193 0.398415 0.0702318 0.314716
0 0.930513 0.287255 0.138065 0.57451
0 0.720848 0.697545 0.178194 0.32248
0 0.518414 0.700012 0.230772 0.353222
0 0.44007 0.259766 0.0580243 0.163032
0 0.613287 0.264803 0.058401 0.164695
0 0.236589 0.537744 0.339272 0.780124
0 0.104962 0.734329 0.08559 0.360967
0 0.0341576 0.618846 0.0683152 0.62414
0 0.03387 0.73579 0.06774 0.387435
0 0.721192 0.706053 0.171372 0.312748
0 0.88815 0.710802 0.162229 0.269251
0 0.517547 0.692424 0.231485 0.368859
0 0.939736 0.432085 0.120528 0.852173
0 0.233818 0.525215 0.32939 0.789209
0 0.0361049 0.589763 0.0715149 0.69218
0 0.721192 0.706053 0.171372 0.312748
0 0.88815 0.710802 0.162229 0.269251
0 0.517547 0.692424 0.231485 0.368859
0 0.939736 0.432085 0.120528 0.852173
0 0.233818 0.525215 0.32939 0.789209
0 0.0361049 0.589763 0.0715149 0.69218
0 0.107482 0.714853 0.0874768 0.301911
0 0.202484 0.313485 0.0803344 0.333326
0 0.947427 0.430894 0.105147 0.849855
0 0.237441 0.340324 0.324029 0.422261
