0 0.473088 0.532465 0.105229 0.72822
0 0.370669 0.556006 0.103905 0.650706
0 0.933885 0.610052 0.112119 0.705465
0 0.575039 0.579853 0.10334 0.669966
0 0.67675 0.605032 0.108377 0.644012
0 0.237152 0.246961 0.0537117 0.443771
0 0.0338024 0.574689 0.0524931 0.504836
0 0.18268 0.241932 0.0566787 0.447604
0 0.237672 0.432205 0.0592287 0.836377
0 0.821458 0.578296 0.115906 0.744968
0 0.0805759 0.43988 0.0624922 0.800922
0 0.289038 0.2351 0.0515056 0.449395
0 0.0811683 0.433438 0.064261 0.805016
0 0.293366 0.604835 0.0524545 0.522712
0 0.0322423 0.512777 0.0576428 0.666119
0 0.473088 0.532465 0.105229 0.72822
0 0.370669 0.556006 0.103905 0.650706
0 0.933885 0.610052 0.112119 0.705465
0 0.575039 0.579853 0.10334 0.669966
0 0.67675 0.605032 0.108377 0.644012
0 0.237152 0.246961 0.0537117 0.443771
0 0.0338024 0.574689 0.0524931 0.504836
0 0.18268 0.241932 0.0566787 0.447604
0 0.237672 0.432205 0.0592287 0.836377
0 0.821458 0.578296 0.115906 0.744968
0 0.0805759 0.43988 0.0624922 0.800922
0 0.289038 0.2351 0.0515056 0.449395
0 0.0811683 0.433438 0.064261 0.805016
0 0.293366 0.604835 0.0524545 0.522712
0 0.0322423 0.512777 0.0576428 0.666119
0 0.473088 0.532465 0.105229 0.72822
0 0.370669 0.556006 0.103905 0.650706
0 0.933885 0.610052 0.112119 0.705465
0 0.575039 0.579853 0.10334 0.669966
0 0.67675 0.605032 0.108377 0.644012
0 0.237152 0.246961 0.0537117 0.443771
0 0.0338024 0.574689 0.0524931 0.504836
0 0.18268 0.241932 0.0566787 0.447604
0 0.237672 0.432205 0.0592287 0.836377
0 0.821458 0.578296 0.115906 0.744968
0 0.0805759 0.43988 0.0624922 0.800922
0 0.289038 0.2351 0.0515056 0.449395
0 0.0811683 0.433438 0.064261 0.805016
0 0.293366 0.604835 0.0524545 0.522712
0 0.0322423 0.512777 0.0576428 0.666119
0 0.47367 0.547203 0.10907 0.721986
0 0.575292 0.566898 0.106416 0.697472
0 0.935857 0.620383 0.11525 0.677562
0 0.678731 0.577983 0.114928 0.712374
0 0.370381 0.604528 0.103071 0.566295
0 0.824121 0.578167 0.122567 0.738643
0 0.235457 0.219697 0.0561824 0.409734
0 0.0799201 0.427918 0.0605111 0.826056
0 0.129766 0.408938 0.0602078 0.806278
0 0.181259 0.220119 0.055714 0.425718
0 0.241138 0.630771 0.0555284 0.450505
0 0.187068 0.620991 0.055764 0.44786
0 0.0340206 0.581056 0.0554516 0.482729
0 0.294173 0.623534 0.0562369 0.487467
0 0.240664 0.629009 0.0563858 0.449228
0 0.47367 0.547203 0.10907 0.721986
0 0.575292 0.566898 0.106416 0.697472
0 0.935857 0.620383 0.11525 0.677562
0 0.678731 0.577983 0.114928 0.712374
0 0.370381 0.604528 0.103071 0.566295
0 0.824121 0.578167 0.122567 0.738643
0 0.235457 0.219697 0.0561824 0.409734
0 0.0799201 0.427918 0.0605111 0.826056
0 0.129766 0.408938 0.0602078 0.806278
0 0.181259 0.220119 0.055714 0.425718
0 0.241138 0.630771 0.0555284 0.450505
0 0.187068 0.620991 0.055764 0.44786
0 0.0340206 0.581056 0.0554516 0.482729
0 0.294173 0.623534 0.0562369 0.487467
0 0.240664 0.629009 0.0563858 0.449228
0 0.00594377 0.58136 0.0118875 0.467975
0 0.031226 0.439648 0.0588643 0.785726
0 0.00468937 0.552201 0.00903256 0.494603
0 0.287811 0.215512 0.0557494 0.431024
0 0.00593656 0.52648 0.0115967 0.591338
0 0.185314 0.425764 0.0584168 0.851528
