0 0.291146 0.539116 0.398288 0.803367
0 0.903999 0.717451 0.190919 0.540751
0 0.903597 0.708336 0.190372 0.554642
0 0.658061 0.333059 0.313689 0.36293
0 0.0647801 0.544206 0.12956 0.903531
0 0.657731 0.607317 0.361815 0.739108
0 0.291146 0.539116 0.398288 0.803367
0 0.903999 0.717451 0.190919 0.540751
0 0.903597 0.708336 0.190372 0.554642
0 0.658061 0.333059 0.313689 0.36293
0 0.0647801 0.544206 0.12956 0.903531
0 0.657731 0.607317 0.361815 0.739108
0 0.291146 0.539116 0.398288 0.803367
0 0.903999 0.717451 0.190919 0.540751
0 0.903597 0.708336 0.190372 0.554642
0 0.658061 0.333059 0.313689 0.36293
0 0.0647801 0.544206 0.12956 0.903531
0 0.657731 0.607317 0.361815 0.739108
0 0.906481 0.708113 0.186165 0.580192
0 0.288089 0.52936 0.422677 0.833192
0 0.667516 0.562906 0.381209 0.82898
0 0.0654454 0.691723 0.130891 0.616554
0 0.906481 0.708113 0.186165 0.580192
0 0.288089 0.52936 0.422677 0.833192
0 0.667516 0.562906 0.381209 0.82898
0 0.0654454 0.691723 0.130891 0.616554
