0 0.662242 0.51457 0.163358 0.856892
0 0.315279 0.542576 0.163528 0.852729
0 0.840338 0.476563 0.156626 0.8753
0 0.100577 0.542834 0.176943 0.796404
0 0.493366 0.525423 0.158007 0.852705
0 0.0106773 0.572339 0.0213546 0.752369
0 0.962158 0.464373 0.075035 0.89469
0 0.493491 0.525959 0.15704 0.857916
0 0.662242 0.51457 0.163358 0.856892
0 0.315279 0.542576 0.163528 0.852729
0 0.840338 0.476563 0.156626 0.8753
0 0.100577 0.542834 0.176943 0.796404
0 0.493366 0.525423 0.158007 0.852705
0 0.0106773 0.572339 0.0213546 0.752369
0 0.962158 0.464373 0.075035 0.89469
0 0.493491 0.525959 0.15704 0.857916
0 0.662242 0.51457 0.163358 0.856892
0 0.315279 0.542576 0.163528 0.852729
0 0.840338 0.476563 0.156626 0.8753
0 0.100577 0.542834 0.176943 0.796404
0 0.493366 0.525423 0.158007 0.852705
0 0.0106773 0.572339 0.0213546 0.752369
0 0.962158 0.464373 0.075035 0.89469
0 0.493491 0.525959 0.15704 0.857916
0 0.666381 0.495255 0.164262 0.898733
0 0.31684 0.529086 0.166468 0.867013
0 0.495024 0.514457 0.160101 0.887499
0 0.841915 0.470673 0.164978 0.891703
0 0.0974553 0.53685 0.184397 0.845401
0 0.957687 0.450636 0.0846262 0.901272
0 0.666381 0.495255 0.164262 0.898733
0 0.31684 0.529086 0.166468 0.867013
0 0.495024 0.514457 0.160101 0.887499
0 0.841915 0.470673 0.164978 0.891703
0 0.0974553 0.53685 0.184397 0.845401
0 0.957687 0.450636 0.0846262 0.901272
