0 0.551225 0.45411 0.177779 0.777858
0 0.718927 0.512624 0.189681 0.755966
0 0.402158 0.418312 0.160583 0.731975
0 0.0916351 0.347579 0.18327 0.653426
0 0.249874 0.50206 0.183859 0.479429
0 0.894882 0.548515 0.201944 0.884698
0 0.896205 0.544503 0.201366 0.882535
0 0.988148 0.580977 0.0237048 0.83495
0 0.250228 0.389717 0.187819 0.71865
0 0.551225 0.45411 0.177779 0.777858
0 0.718927 0.512624 0.189681 0.755966
0 0.402158 0.418312 0.160583 0.731975
0 0.0916351 0.347579 0.18327 0.653426
0 0.249874 0.50206 0.183859 0.479429
0 0.894882 0.548515 0.201944 0.884698
0 0.896205 0.544503 0.201366 0.882535
0 0.988148 0.580977 0.0237048 0.83495
0 0.250228 0.389717 0.187819 0.71865
0 0.551225 0.45411 0.177779 0.777858
0 0.718927 0.512624 0.189681 0.755966
0 0.402158 0.418312 0.160583 0.731975
0 0.0916351 0.347579 0.18327 0.653426
0 0.249874 0.50206 0.183859 0.479429
0 0.894882 0.548515 0.201944 0.884698
0 0.896205 0.544503 0.201366 0.882535
0 0.988148 0.580977 0.0237048 0.83495
0 0.250228 0.389717 0.187819 0.71865
0 0.251156 0.395157 0.177007 0.707489
0 0.720146 0.516427 0.172035 0.747102
0 0.893817 0.548653 0.182019 0.848997
0 0.55306 0.445033 0.159241 0.763822
0 0.402217 0.407735 0.145529 0.681476
0 0.0874071 0.355612 0.168203 0.680876
0 0.086113 0.426474 0.162586 0.508453
0 0.99037 0.559035 0.0191623 0.822116
0 0.251156 0.395157 0.177007 0.707489
0 0.720146 0.516427 0.172035 0.747102
0 0.893817 0.548653 0.182019 0.848997
0 0.55306 0.445033 0.159241 0.763822
0 0.402217 0.407735 0.145529 0.681476
0 0.0874071 0.355612 0.168203 0.680876
0 0.086113 0.426474 0.162586 0.508453
0 0.99037 0.559035 0.0191623 0.822116
0 0.990006 0.537985 0.0199731 0.835148
