0 0.882819 0.643599 0.0825726 0.582196
0 0.248862 0.532424 0.0908579 0.797668
0 0.60914 0.628949 0.0896519 0.605986
0 0.158884 0.525939 0.0975849 0.797568
0 0.429105 0.601612 0.082904 0.637197
0 0.519059 0.625958 0.0885331 0.611936
0 0.793193 0.633467 0.0918731 0.594574
0 0.342489 0.609422 0.0883718 0.628777
0 0.0363498 0.625085 0.0726996 0.603266
0 0.702363 0.63326 0.0909018 0.593231
0 0.961966 0.64456 0.0760671 0.558166
0 0.962173 0.643282 0.0756538 0.561137
0 0.34254 0.610993 0.0907535 0.643814
0 0.882819 0.643599 0.0825726 0.582196
0 0.248862 0.532424 0.0908579 0.797668
0 0.60914 0.628949 0.0896519 0.605986
0 0.158884 0.525939 0.0975849 0.797568
0 0.429105 0.601612 0.082904 0.637197
0 0.519059 0.625958 0.0885331 0.611936
0 0.793193 0.633467 0.0918731 0.594574
0 0.342489 0.609422 0.0883718 0.628777
0 0.0363498 0.625085 0.0726996 0.603266
0 0.702363 0.63326 0.0909018 0.593231
0 0.961966 0.64456 0.0760671 0.558166
0 0.962173 0.643282 0.0756538 0.561137
0 0.34254 0.610993 0.0907535 0.643814
0 0.882819 0.643599 0.0825726 0.582196
0 0.248862 0.532424 0.0908579 0.797668
0 0.60914 0.628949 0.0896519 0.605986
0 0.158884 0.525939 0.0975849 0.797568
0 0.429105 0.601612 0.082904 0.637197
0 0.519059 0.625958 0.0885331 0.611936
0 0.793193 0.633467 0.0918731 0.594574
0 0.342489 0.609422 0.0883718 0.628777
0 0.0363498 0.625085 0.0726996 0.603266
0 0.702363 0.63326 0.0909018 0.593231
0 0.961966 0.64456 0.0760671 0.558166
0 0.962173 0.643282 0.0756538 0.561137
0 0.34254 0.610993 0.0907535 0.643814
0 0.88205 0.654482 0.0821415 0.573146
0 0.793245 0.638833 0.0921534 0.596708
0 0.609605 0.634209 0.0912592 0.594545
0 0.428569 0.605146 0.0836008 0.625408
0 0.159825 0.530598 0.0972683 0.789311
0 0.961907 0.652374 0.0758058 0.576757
0 0.702282 0.626449 0.0911796 0.616912
0 0.250317 0.528951 0.0923261 0.785819
0 0.518121 0.622051 0.0907608 0.614214
0 0.0552523 0.6177 0.110505 0.63607
0 0.342508 0.61076 0.0892005 0.620614
0 0.88205 0.654482 0.0821415 0.573146
0 0.793245 0.638833 0.0921534 0.596708
0 0.609605 0.634209 0.0912592 0.594545
0 0.428569 0.605146 0.0836008 0.625408
0 0.159825 0.530598 0.0972683 0.789311
0 0.961907 0.652374 0.0758058 0.576757
0 0.702282 0.626449 0.0911796 0.616912
0 0.250317 0.528951 0.0923261 0.785819
0 0.518121 0.622051 0.0907608 0.614214
0 0.0552523 0.6177 0.110505 0.63607
0 0.342508 0.61076 0.0892005 0.620614
