0 0.458686 0.488816 0.218598 0.878962
0 0.912943 0.801607 0.160918 0.293279
0 0.68724 0.642807 0.213866 0.601243
0 0.458686 0.488816 0.218598 0.878962
0 0.912943 0.801607 0.160918 0.293279
0 0.68724 0.642807 0.213866 0.601243
0 0.458686 0.488816 0.218598 0.878962
0 0.912943 0.801607 0.160918 0.293279
0 0.68724 0.642807 0.213866 0.601243
0 0.16921 0.493922 0.328182 0.944117
0 0.705082 0.497839 0.26041 0.911323
0 0.459889 0.48237 0.234351 0.907758
0 0.909245 0.54942 0.180111 0.814185
0 0.16921 0.493922 0.328182 0.944117
0 0.705082 0.497839 0.26041 0.911323
0 0.459889 0.48237 0.234351 0.907758
0 0.909245 0.54942 0.180111 0.814185
