0 0.479374 0.477539 0.261706 0.936699
0 0.198966 0.45727 0.306947 0.912073
0 0.048717 0.620331 0.0972508 0.570634
0 0.834051 0.689514 0.329641 0.602808
0 0.711327 0.66166 0.0853581 0.594095
0 0.479374 0.477539 0.261706 0.936699
0 0.198966 0.45727 0.306947 0.912073
0 0.048717 0.620331 0.0972508 0.570634
0 0.834051 0.689514 0.329641 0.602808
0 0.711327 0.66166 0.0853581 0.594095
0 0.479374 0.477539 0.261706 0.936699
0 0.198966 0.45727 0.306947 0.912073
0 0.048717 0.620331 0.0972508 0.570634
0 0.834051 0.689514 0.329641 0.602808
0 0.711327 0.66166 0.0853581 0.594095
0 0.833321 0.688706 0.333358 0.610216
0 0.199654 0.468158 0.316711 0.936316
0 0.833321 0.688706 0.333358 0.610216
0 0.199654 0.468158 0.316711 0.936316
0 0.834189 0.198336 0.328201 0.396671
