0 0.377433 0.434501 0.121155 0.869002
0 0.819892 0.341036 0.0984821 0.665241
0 0.487328 0.431494 0.1034 0.862989
0 0.611585 0.424045 0.120517 0.846554
0 0.932195 0.506786 0.12048 0.975854
0 0.720585 0.337683 0.100845 0.664665
0 0.377433 0.434501 0.121155 0.869002
0 0.819892 0.341036 0.0984821 0.665241
0 0.487328 0.431494 0.1034 0.862989
0 0.611585 0.424045 0.120517 0.846554
0 0.932195 0.506786 0.12048 0.975854
0 0.720585 0.337683 0.100845 0.664665
0 0.377433 0.434501 0.121155 0.869002
0 0.819892 0.341036 0.0984821 0.665241
0 0.487328 0.431494 0.1034 0.862989
0 0.611585 0.424045 0.120517 0.846554
0 0.932195 0.506786 0.12048 0.975854
0 0.720585 0.337683 0.100845 0.664665
0 0.932939 0.496263 0.123146 0.962694
0 0.611472 0.409337 0.117255 0.81513
0 0.719164 0.341483 0.10198 0.677195
0 0.376681 0.429498 0.118818 0.858996
0 0.489703 0.432343 0.108539 0.860522
0 0.81976 0.347711 0.100981 0.687368
0 0.0284494 0.403975 0.0568989 0.801238
0 0.0303212 0.403555 0.060032 0.804534
0 0.932939 0.496263 0.123146 0.962694
0 0.611472 0.409337 0.117255 0.81513
0 0.719164 0.341483 0.10198 0.677195
0 0.376681 0.429498 0.118818 0.858996
0 0.489703 0.432343 0.108539 0.860522
0 0.81976 0.347711 0.100981 0.687368
0 0.0284494 0.403975 0.0568989 0.801238
0 0.0303212 0.403555 0.060032 0.804534
