0 0.714543 0.508702 0.186391 0.872286
0 0.945139 0.477552 0.107366 0.940108
0 0.856163 0.371371 0.0887809 0.654099
0 0.111015 0.519472 0.184428 0.838568
0 0.495013 0.555054 0.148469 0.785627
0 0.0136523 0.524977 0.0273046 0.811136
0 0.714543 0.508702 0.186391 0.872286
0 0.945139 0.477552 0.107366 0.940108
0 0.856163 0.371371 0.0887809 0.654099
0 0.111015 0.519472 0.184428 0.838568
0 0.495013 0.555054 0.148469 0.785627
0 0.0136523 0.524977 0.0273046 0.811136
0 0.714543 0.508702 0.186391 0.872286
0 0.945139 0.477552 0.107366 0.940108
0 0.856163 0.371371 0.0887809 0.654099
0 0.111015 0.519472 0.184428 0.838568
0 0.495013 0.555054 0.148469 0.785627
0 0.0136523 0.524977 0.0273046 0.811136
0 0.944361 0.472309 0.110545 0.944618
0 0.495022 0.568086 0.155138 0.786773
0 0.714 0.500483 0.196242 0.912135
0 0.289697 0.516952 0.180437 0.878226
0 0.855605 0.369317 0.0954087 0.690883
0 0.0155385 0.511862 0.031077 0.830422
0 0.289852 0.516547 0.182416 0.878687
0 0.110547 0.526102 0.194878 0.864629
0 0.944361 0.472309 0.110545 0.944618
0 0.495022 0.568086 0.155138 0.786773
0 0.714 0.500483 0.196242 0.912135
0 0.289697 0.516952 0.180437 0.878226
0 0.855605 0.369317 0.0954087 0.690883
0 0.0155385 0.511862 0.031077 0.830422
0 0.289852 0.516547 0.182416 0.878687
0 0.110547 0.526102 0.194878 0.864629
0 0.111107 0.524809 0.194658 0.853777
