0 0.479843 0.482862 0.151991 0.900693
0 0.326786 0.525776 0.152351 0.901102
0 0.0501288 0.396551 0.100258 0.69545
0 0.178261 0.489637 0.147494 0.932801
0 0.78492 0.506606 0.152417 0.976409
0 0.92945 0.457562 0.138458 0.87578
0 0.479843 0.482862 0.151991 0.900693
0 0.326786 0.525776 0.152351 0.901102
0 0.0501288 0.396551 0.100258 0.69545
0 0.178261 0.489637 0.147494 0.932801
0 0.78492 0.506606 0.152417 0.976409
0 0.92945 0.457562 0.138458 0.87578
0 0.479843 0.482862 0.151991 0.900693
0 0.326786 0.525776 0.152351 0.901102
0 0.0501288 0.396551 0.100258 0.69545
0 0.178261 0.489637 0.147494 0.932801
0 0.78492 0.506606 0.152417 0.976409
0 0.92945 0.457562 0.138458 0.87578
0 0.0495529 0.411044 0.0991057 0.662526
0 0.634353 0.425746 0.148593 0.78458
0 0.481734 0.492212 0.159879 0.933231
0 0.173079 0.502881 0.163205 0.956646
0 0.930175 0.676903 0.137718 0.483601
0 0.324825 0.505524 0.160969 0.936121
0 0.325478 0.512287 0.163089 0.939049
0 0.790918 0.343678 0.145814 0.628697
0 0.933267 0.247346 0.133279 0.488247
0 0.173081 0.486866 0.161021 0.940105
0 0.0495529 0.411044 0.0991057 0.662526
0 0.634353 0.425746 0.148593 0.78458
0 0.481734 0.492212 0.159879 0.933231
0 0.173079 0.502881 0.163205 0.956646
0 0.930175 0.676903 0.137718 0.483601
0 0.324825 0.505524 0.160969 0.936121
0 0.325478 0.512287 0.163089 0.939049
0 0.790918 0.343678 0.145814 0.628697
0 0.933267 0.247346 0.133279 0.488247
0 0.173081 0.486866 0.161021 0.940105
0 0.482278 0.705755 0.147704 0.481697
