0 0.343127 0.469747 0.140268 0.937966
0 0.596091 0.494796 0.117999 0.812473
0 0.162754 0.485809 0.142047 0.92379
0 0.943489 0.498231 0.111298 0.820811
0 0.480058 0.464817 0.124714 0.867805
0 0.833368 0.472012 0.12491 0.887636
0 0.157764 0.400586 0.135011 0.670617
0 0.832425 0.467323 0.119471 0.874015
0 0.0486292 0.482749 0.0972584 0.939737
0 0.713597 0.493322 0.119796 0.813471
0 0.343127 0.469747 0.140268 0.937966
0 0.596091 0.494796 0.117999 0.812473
0 0.162754 0.485809 0.142047 0.92379
0 0.943489 0.498231 0.111298 0.820811
0 0.480058 0.464817 0.124714 0.867805
0 0.833368 0.472012 0.12491 0.887636
0 0.157764 0.400586 0.135011 0.670617
0 0.832425 0.467323 0.119471 0.874015
0 0.0486292 0.482749 0.0972584 0.939737
0 0.713597 0.493322 0.119796 0.813471
0 0.343127 0.469747 0.140268 0.937966
0 0.596091 0.494796 0.117999 0.812473
0 0.162754 0.485809 0.142047 0.92379
0 0.943489 0.498231 0.111298 0.820811
0 0.480058 0.464817 0.124714 0.867805
0 0.833368 0.472012 0.12491 0.887636
0 0.157764 0.400586 0.135011 0.670617
0 0.832425 0.467323 0.119471 0.874015
0 0.0486292 0.482749 0.0972584 0.939737
0 0.713597 0.493322 0.119796 0.813471
0 0.168018 0.474564 0.153352 0.949129
0 0.0519748 0.477137 0.103195 0.943988
0 0.48098 0.462445 0.133257 0.895415
0 0.34887 0.48991 0.137914 0.969805
0 0.945583 0.472244 0.107613 0.858863
0 0.595261 0.545989 0.117666 0.712718
0 0.833837 0.464221 0.131942 0.88501
0 0.832904 0.457656 0.129413 0.880662
0 0.714993 0.453113 0.122946 0.897036
0 0.168018 0.474564 0.153352 0.949129
0 0.0519748 0.477137 0.103195 0.943988
0 0.48098 0.462445 0.133257 0.895415
0 0.34887 0.48991 0.137914 0.969805
0 0.945583 0.472244 0.107613 0.858863
0 0.595261 0.545989 0.117666 0.712718
0 0.833837 0.464221 0.131942 0.88501
0 0.832904 0.457656 0.129413 0.880662
0 0.714993 0.453113 0.122946 0.897036
0 0.480614 0.46398 0.132426 0.897351
