0 0.53533 0.351167 0.230411 0.495443
0 0.753743 0.335403 0.232871 0.511491
0 0.337953 0.742822 0.17646 0.150355
0 0.925475 0.717338 0.14905 0.402512
0 0.161135 0.767902 0.164979 0.175567
0 0.334413 0.450842 0.192737 0.429727
0 0.15871 0.487069 0.180486 0.414331
0 0.923907 0.469577 0.150529 0.902747
0 0.340098 0.872353 0.167979 0.156496
0 0.927736 0.292852 0.141696 0.527462
0 0.53533 0.351167 0.230411 0.495443
0 0.753743 0.335403 0.232871 0.511491
0 0.337953 0.742822 0.17646 0.150355
0 0.925475 0.717338 0.14905 0.402512
0 0.161135 0.767902 0.164979 0.175567
0 0.334413 0.450842 0.192737 0.429727
0 0.15871 0.487069 0.180486 0.414331
0 0.923907 0.469577 0.150529 0.902747
0 0.340098 0.872353 0.167979 0.156496
0 0.927736 0.292852 0.141696 0.527462
0 0.53533 0.351167 0.230411 0.495443
0 0.753743 0.335403 0.232871 0.511491
0 0.337953 0.742822 0.17646 0.150355
0 0.925475 0.717338 0.14905 0.402512
0 0.161135 0.767902 0.164979 0.175567
0 0.334413 0.450842 0.192737 0.429727
0 0.15871 0.487069 0.180486 0.414331
0 0.923907 0.469577 0.150529 0.902747
0 0.340098 0.872353 0.167979 0.156496
0 0.927736 0.292852 0.141696 0.527462
0 0.753593 0.331062 0.226297 0.516859
0 0.33842 0.811748 0.177089 0.282509
0 0.535524 0.344282 0.224311 0.488674
0 0.162386 0.823095 0.170092 0.269231
0 0.533736 0.77027 0.20741 0.351469
0 0.925863 0.479115 0.148275 0.889605
0 0.158977 0.621423 0.184525 0.698999
0 0.333011 0.438016 0.183924 0.379695
0 0.753593 0.331062 0.226297 0.516859
0 0.33842 0.811748 0.177089 0.282509
0 0.535524 0.344282 0.224311 0.488674
0 0.162386 0.823095 0.170092 0.269231
0 0.533736 0.77027 0.20741 0.351469
0 0.925863 0.479115 0.148275 0.889605
0 0.158977 0.621423 0.184525 0.698999
0 0.333011 0.438016 0.183924 0.379695
0 0.928188 0.727973 0.14333 0.372623
0 0.158552 0.473187 0.173321 0.381961
0 0.751985 0.489806 0.234309 0.883568
0 0.533154 0.51844 0.229527 0.868837
0 0.743264 0.75611 0.218495 0.368672
