0 0.315031 0.548833 0.229916 0.902335
0 0.509676 0.510647 0.164868 0.905978
0 0.103738 0.571471 0.207355 0.857059
0 0.315031 0.548833 0.229916 0.902335
0 0.509676 0.510647 0.164868 0.905978
0 0.103738 0.571471 0.207355 0.857059
0 0.315031 0.548833 0.229916 0.902335
0 0.509676 0.510647 0.164868 0.905978
0 0.103738 0.571471 0.207355 0.857059
0 0.315456 0.551059 0.225294 0.894756
0 0.508445 0.531853 0.185084 0.920574
0 0.906654 0.486519 0.185708 0.973037
0 0.315456 0.551059 0.225294 0.894756
0 0.508445 0.531853 0.185084 0.920574
0 0.906654 0.486519 0.185708 0.973037
0 0.104843 0.579289 0.208311 0.841422
