0 0.49046 0.511662 0.113474 0.773554
0 0.100183 0.414526 0.0666339 0.754149
0 0.038304 0.407616 0.0663385 0.76059
0 0.736148 0.531073 0.138815 0.787167
0 0.213245 0.452288 0.0656518 0.744774
0 0.605475 0.521749 0.116961 0.742491
0 0.37418 0.505513 0.115502 0.761232
0 0.281431 0.462189 0.0670209 0.765023
0 0.155549 0.433071 0.0543291 0.73408
0 0.49046 0.511662 0.113474 0.773554
0 0.100183 0.414526 0.0666339 0.754149
0 0.038304 0.407616 0.0663385 0.76059
0 0.736148 0.531073 0.138815 0.787167
0 0.213245 0.452288 0.0656518 0.744774
0 0.605475 0.521749 0.116961 0.742491
0 0.37418 0.505513 0.115502 0.761232
0 0.281431 0.462189 0.0670209 0.765023
0 0.155549 0.433071 0.0543291 0.73408
0 0.49046 0.511662 0.113474 0.773554
0 0.100183 0.414526 0.0666339 0.754149
0 0.038304 0.407616 0.0663385 0.76059
0 0.736148 0.531073 0.138815 0.787167
0 0.213245 0.452288 0.0656518 0.744774
0 0.605475 0.521749 0.116961 0.742491
0 0.37418 0.505513 0.115502 0.761232
0 0.281431 0.462189 0.0670209 0.765023
0 0.155549 0.433071 0.0543291 0.73408
0 0.279809 0.467004 0.0651323 0.750342
0 0.0369761 0.408646 0.0648534 0.750478
0 0.373983 0.524677 0.11617 0.758082
0 0.0992804 0.41534 0.0641395 0.745768
0 0.155514 0.42959 0.0537068 0.727007
0 0.736093 0.531285 0.137994 0.795549
0 0.211604 0.441725 0.0656734 0.75671
0 0.491105 0.525392 0.115066 0.78904
0 0.605347 0.528798 0.115023 0.735039
0 0.899567 0.585598 0.186709 0.787823
0 0.279809 0.467004 0.0651323 0.750342
0 0.0369761 0.408646 0.0648534 0.750478
0 0.373983 0.524677 0.11617 0.758082
0 0.0992804 0.41534 0.0641395 0.745768
0 0.155514 0.42959 0.0537068 0.727007
0 0.736093 0.531285 0.137994 0.795549
0 0.211604 0.441725 0.0656734 0.75671
0 0.491105 0.525392 0.115066 0.78904
0 0.605347 0.528798 0.115023 0.735039
0 0.899567 0.585598 0.186709 0.787823
0 0.00619281 0.410646 0.0123856 0.733017
