0 0.308089 0.510243 0.19434 0.750743
0 0.119184 0.575529 0.231344 0.808155
0 0.942389 0.282904 0.115222 0.520082
0 0.819673 0.351496 0.182605 0.642043
0 0.489819 0.466347 0.19896 0.72471
0 0.946847 0.914397 0.106305 0.171205
0 0.308089 0.510243 0.19434 0.750743
0 0.119184 0.575529 0.231344 0.808155
0 0.942389 0.282904 0.115222 0.520082
0 0.819673 0.351496 0.182605 0.642043
0 0.489819 0.466347 0.19896 0.72471
0 0.946847 0.914397 0.106305 0.171205
0 0.308089 0.510243 0.19434 0.750743
0 0.119184 0.575529 0.231344 0.808155
0 0.942389 0.282904 0.115222 0.520082
0 0.819673 0.351496 0.182605 0.642043
0 0.489819 0.466347 0.19896 0.72471
0 0.946847 0.914397 0.106305 0.171205
0 0.120054 0.579484 0.22437 0.794679
0 0.489914 0.464917 0.201574 0.746332
0 0.94069 0.401521 0.11862 0.554132
0 0.647023 0.437595 0.141619 0.314129
0 0.306735 0.50623 0.194556 0.776747
0 0.94669 0.908394 0.106619 0.183213
0 0.311872 0.672143 0.180187 0.412778
0 0.640663 0.650423 0.131851 0.203385
0 0.815387 0.435034 0.170429 0.392751
0 0.816374 0.357579 0.176505 0.63216
0 0.120054 0.579484 0.22437 0.794679
0 0.489914 0.464917 0.201574 0.746332
0 0.94069 0.401521 0.11862 0.554132
0 0.647023 0.437595 0.141619 0.314129
0 0.306735 0.50623 0.194556 0.776747
0 0.94669 0.908394 0.106619 0.183213
0 0.311872 0.672143 0.180187 0.412778
0 0.640663 0.650423 0.131851 0.203385
0 0.815387 0.435034 0.170429 0.392751
0 0.816374 0.357579 0.176505 0.63216
0 0.649384 0.203365 0.141232 0.241913
