0 0.206562 0.791976 0.0922519 0.328393
0 0.407904 0.754163 0.0912104 0.314783
0 0.591076 0.714092 0.0808635 0.302252
0 0.780442 0.69013 0.10078 0.281018
0 0.104202 0.800625 0.0881093 0.346461
0 0.308455 0.778653 0.0852435 0.317204
0 0.19274 0.300425 0.107117 0.60085
0 0.406754 0.290345 0.0854047 0.575085
0 0.601424 0.2649 0.0882588 0.499493
0 0.494894 0.284857 0.0862433 0.569713
0 0.018986 0.414767 0.037972 0.403647
0 0.304318 0.295115 0.101416 0.57835
0 0.68721 0.700956 0.0827725 0.281941
0 0.710427 0.283867 0.0702724 0.467445
0 0.923671 0.469318 0.0973762 0.703751
0 0.766962 0.279427 0.0506946 0.457948
0 0.811893 0.325784 0.0589541 0.404955
0 0.811657 0.326195 0.0583952 0.403199
0 0.49813 0.747195 0.0745019 0.286095
0 0.206562 0.791976 0.0922519 0.328393
0 0.407904 0.754163 0.0912104 0.314783
0 0.591076 0.714092 0.0808635 0.302252
0 0.780442 0.69013 0.10078 0.281018
0 0.104202 0.800625 0.0881093 0.346461
0 0.308455 0.778653 0.0852435 0.317204
0 0.19274 0.300425 0.107117 0.60085
0 0.406754 0.290345 0.0854047 0.575085
0 0.601424 0.2649 0.0882588 0.499493
0 0.494894 0.284857 0.0862433 0.569713
0 0.018986 0.414767 0.037972 0.403647
0 0.304318 0.295115 0.101416 0.57835
0 0.68721 0.700956 0.0827725 0.281941
0 0.710427 0.283867 0.0702724 0.467445
0 0.923671 0.469318 0.0973762 0.703751
0 0.766962 0.279427 0.0506946 0.457948
0 0.811893 0.325784 0.0589541 0.404955
0 0.811657 0.326195 0.0583952 0.403199
0 0.49813 0.747195 0.0745019 0.286095
0 0.206562 0.791976 0.0922519 0.328393
0 0.407904 0.754163 0.0912104 0.314783
0 0.591076 0.714092 0.0808635 0.302252
0 0.780442 0.69013 0.10078 0.281018
0 0.104202 0.800625 0.0881093 0.346461
0 0.308455 0.778653 0.0852435 0.317204
0 0.19274 0.300425 0.107117 0.60085
0 0.406754 0.290345 0.0854047 0.575085
0 0.601424 0.2649 0.0882588 0.499493
0 0.494894 0.284857 0.0862433 0.569713
0 0.018986 0.414767 0.037972 0.403647
0 0.304318 0.295115 0.101416 0.57835
0 0.68721 0.700956 0.0827725 0.281941
0 0.710427 0.283867 0.0702724 0.467445
0 0.923671 0.469318 0.0973762 0.703751
0 0.766962 0.279427 0.0506946 0.457948
0 0.811893 0.325784 0.0589541 0.404955
0 0.811657 0.326195 0.0583952 0.403199
0 0.49813 0.747195 0.0745019 0.286095
0 0.598321 0.441798 0.0959697 0.840642
0 0.699384 0.438675 0.0964192 0.808448
0 0.30248 0.292728 0.0953798 0.585456
0 0.194373 0.298869 0.105899 0.597739
0 0.789637 0.465752 0.0962704 0.736983
0 0.198979 0.489085 0.109982 0.976087
0 0.405722 0.301789 0.0877619 0.568433
0 0.024596 0.589183 0.0491919 0.807271
0 0.0872619 0.311427 0.102149 0.585952
0 0.933855 0.433855 0.0874362 0.753102
0 0.306623 0.776345 0.0823096 0.327269
0 0.983428 0.474625 0.0331446 0.668005
0 0.0255086 0.589789 0.0487553 0.818643
0 0.407506 0.760086 0.0896555 0.309691
0 0.204441 0.792979 0.0896414 0.331743
0 0.792679 0.463541 0.0910614 0.748701
0 0.493953 0.432412 0.0883379 0.864824
0 0.0919807 0.528008 0.110099 0.930242
0 0.203819 0.790375 0.0919271 0.337103
0 0.598321 0.441798 0.0959697 0.840642
0 0.699384 0.438675 0.0964192 0.808448
0 0.30248 0.292728 0.0953798 0.585456
0 0.194373 0.298869 0.105899 0.597739
0 0.789637 0.465752 0.0962704 0.736983
0 0.198979 0.489085 0.109982 0.976087
0 0.405722 0.301789 0.0877619 0.568433
0 0.024596 0.589183 0.0491919 0.807271
0 0.0872619 0.311427 0.102149 0.585952
0 0.933855 0.433855 0.0874362 0.753102
0 0.306623 0.776345 0.0823096 0.327269
0 0.983428 0.474625 0.0331446 0.668005
0 0.0255086 0.589789 0.0487553 0.818643
0 0.407506 0.760086 0.0896555 0.309691
0 0.204441 0.792979 0.0896414 0.331743
0 0.792679 0.463541 0.0910614 0.748701
0 0.493953 0.432412 0.0883379 0.864824
0 0.0919807 0.528008 0.110099 0.930242
0 0.203819 0.790375 0.0919271 0.337103
0 0.495906 0.454044 0.0969295 0.908087
0 0.0981902 0.808812 0.0912266 0.34139
0 0.0905501 0.514415 0.106763 0.943641
0 0.0209267 0.411109 0.0418533 0.441537
0 0.918065 0.441134 0.116726 0.764915
