0 0.327714 0.42998 0.136118 0.695527
0 0.0527872 0.350339 0.105574 0.6693
0 0.173784 0.367101 0.165154 0.71114
0 0.961816 0.746812 0.0751056 0.444689
0 0.862824 0.590442 0.157262 0.70823
0 0.327 0.431502 0.134988 0.683155
0 0.421787 0.324028 0.053759 0.321289
0 0.861833 0.599497 0.15698 0.705957
0 0.327714 0.42998 0.136118 0.695527
0 0.0527872 0.350339 0.105574 0.6693
0 0.173784 0.367101 0.165154 0.71114
0 0.961816 0.746812 0.0751056 0.444689
0 0.862824 0.590442 0.157262 0.70823
0 0.327 0.431502 0.134988 0.683155
0 0.421787 0.324028 0.053759 0.321289
0 0.861833 0.599497 0.15698 0.705957
0 0.327714 0.42998 0.136118 0.695527
0 0.0527872 0.350339 0.105574 0.6693
0 0.173784 0.367101 0.165154 0.71114
0 0.961816 0.746812 0.0751056 0.444689
0 0.862824 0.590442 0.157262 0.70823
0 0.327 0.431502 0.134988 0.683155
0 0.421787 0.324028 0.053759 0.321289
0 0.861833 0.599497 0.15698 0.705957
0 0.331048 0.424625 0.127745 0.677989
0 0.68751 0.53637 0.202108 0.720093
0 0.488588 0.490483 0.192488 0.685068
0 0.154412 0.199847 0.149509 0.366657
0 0.0526404 0.356272 0.105281 0.701906
0 0.860814 0.598147 0.162022 0.69516
0 0.962567 0.80735 0.0743097 0.314383
0 0.860856 0.599478 0.168602 0.697056
0 0.1739 0.551823 0.155375 0.362712
0 0.331048 0.424625 0.127745 0.677989
0 0.68751 0.53637 0.202108 0.720093
0 0.488588 0.490483 0.192488 0.685068
0 0.154412 0.199847 0.149509 0.366657
0 0.0526404 0.356272 0.105281 0.701906
0 0.860814 0.598147 0.162022 0.69516
0 0.962567 0.80735 0.0743097 0.314383
0 0.860856 0.599478 0.168602 0.697056
0 0.1739 0.551823 0.155375 0.362712
0 0.0502133 0.342015 0.100237 0.68403
0 0.0535442 0.544515 0.104947 0.27316
0 0.0438158 0.225911 0.0865614 0.417554
0 0.974712 0.476209 0.0505755 0.40113
0 0.174486 0.547329 0.162873 0.378312
0 0.168275 0.376548 0.177676 0.74171
