0 0.339959 0.569577 0.17799 0.687925
0 0.51116 0.599036 0.16888 0.692954
0 0.167697 0.546738 0.187757 0.705685
0 0.672106 0.609743 0.161065 0.6875
0 0.0370081 0.523255 0.0735586 0.715704
0 0.849675 0.628765 0.190852 0.683242
0 0.339959 0.569577 0.17799 0.687925
0 0.51116 0.599036 0.16888 0.692954
0 0.167697 0.546738 0.187757 0.705685
0 0.672106 0.609743 0.161065 0.6875
0 0.0370081 0.523255 0.0735586 0.715704
0 0.849675 0.628765 0.190852 0.683242
0 0.339959 0.569577 0.17799 0.687925
0 0.51116 0.599036 0.16888 0.692954
0 0.167697 0.546738 0.187757 0.705685
0 0.672106 0.609743 0.161065 0.6875
0 0.0370081 0.523255 0.0735586 0.715704
0 0.849675 0.628765 0.190852 0.683242
0 0.340869 0.570016 0.172955 0.677928
0 0.674988 0.613084 0.159701 0.683887
0 0.167558 0.546098 0.177849 0.693273
0 0.853449 0.628591 0.184587 0.687954
0 0.036233 0.533031 0.0710553 0.710021
0 0.0365658 0.533198 0.0714901 0.695548
0 0.511631 0.59966 0.15994 0.679773
0 0.340869 0.570016 0.172955 0.677928
0 0.674988 0.613084 0.159701 0.683887
0 0.167558 0.546098 0.177849 0.693273
0 0.853449 0.628591 0.184587 0.687954
0 0.036233 0.533031 0.0710553 0.710021
0 0.0365658 0.533198 0.0714901 0.695548
0 0.511631 0.59966 0.15994 0.679773
0 0.985194 0.657943 0.0296118 0.612633
