0 0.770384 0.595715 0.129348 0.58133
0 0.384105 0.615419 0.134913 0.59391
0 0.255001 0.630324 0.133769 0.59597
0 0.514559 0.608608 0.131694 0.594316
0 0.117464 0.622871 0.151259 0.620594
0 0.641966 0.601721 0.129991 0.592057
0 0.030753 0.632989 0.0610308 0.619053
0 0.503941 0.150269 0.116531 0.300538
0 0.966548 0.567801 0.0669046 0.585358
0 0.235092 0.158468 0.134132 0.316937
0 0.916318 0.573245 0.0795607 0.58255
0 0.641673 0.603933 0.128355 0.587901
0 0.650519 0.152038 0.1394 0.304076
0 0.966794 0.569995 0.0664126 0.587206
0 0.769341 0.141879 0.0886895 0.283758
0 0.770384 0.595715 0.129348 0.58133
0 0.384105 0.615419 0.134913 0.59391
0 0.255001 0.630324 0.133769 0.59597
0 0.514559 0.608608 0.131694 0.594316
0 0.117464 0.622871 0.151259 0.620594
0 0.641966 0.601721 0.129991 0.592057
0 0.030753 0.632989 0.0610308 0.619053
0 0.503941 0.150269 0.116531 0.300538
0 0.966548 0.567801 0.0669046 0.585358
0 0.235092 0.158468 0.134132 0.316937
0 0.916318 0.573245 0.0795607 0.58255
0 0.641673 0.603933 0.128355 0.587901
0 0.650519 0.152038 0.1394 0.304076
0 0.966794 0.569995 0.0664126 0.587206
0 0.769341 0.141879 0.0886895 0.283758
0 0.770384 0.595715 0.129348 0.58133
0 0.384105 0.615419 0.134913 0.59391
0 0.255001 0.630324 0.133769 0.59597
0 0.514559 0.608608 0.131694 0.594316
0 0.117464 0.622871 0.151259 0.620594
0 0.641966 0.601721 0.129991 0.592057
0 0.030753 0.632989 0.0610308 0.619053
0 0.503941 0.150269 0.116531 0.300538
0 0.966548 0.567801 0.0669046 0.585358
0 0.235092 0.158468 0.134132 0.316937
0 0.916318 0.573245 0.0795607 0.58255
0 0.641673 0.603933 0.128355 0.587901
0 0.650519 0.152038 0.1394 0.304076
0 0.966794 0.569995 0.0664126 0.587206
0 0.769341 0.141879 0.0886895 0.283758
0 0.514836 0.614196 0.133223 0.588339
0 0.64293 0.603185 0.132044 0.5876
0 0.254559 0.632851 0.134339 0.589578
0 0.116819 0.627907 0.146665 0.608485
0 0.384858 0.621913 0.136312 0.587366
0 0.770735 0.59319 0.13386 0.588434
0 0.231239 0.15706 0.128529 0.31412
0 0.502982 0.153611 0.113525 0.307222
0 0.937943 0.5726 0.124114 0.592595
0 0.0308589 0.643242 0.058293 0.605075
0 0.771195 0.145615 0.0918663 0.291231
0 0.0294344 0.642596 0.0588688 0.599451
0 0.514836 0.614196 0.133223 0.588339
0 0.64293 0.603185 0.132044 0.5876
0 0.254559 0.632851 0.134339 0.589578
0 0.116819 0.627907 0.146665 0.608485
0 0.384858 0.621913 0.136312 0.587366
0 0.770735 0.59319 0.13386 0.588434
0 0.231239 0.15706 0.128529 0.31412
0 0.502982 0.153611 0.113525 0.307222
0 0.937943 0.5726 0.124114 0.592595
0 0.0308589 0.643242 0.058293 0.605075
0 0.771195 0.145615 0.0918663 0.291231
0 0.0294344 0.642596 0.0588688 0.599451
0 0.106081 0.158264 0.0836373 0.316529
0 0.936294 0.56446 0.111566 0.593868
0 0.656145 0.155577 0.137088 0.311154
0 0.927805 0.568557 0.0930664 0.59877
0 0.257052 0.166849 0.183905 0.333698
