0 0.610497 0.51267 0.193624 0.772921
0 0.205336 0.46741 0.219641 0.881933
0 0.813888 0.481534 0.217224 0.851734
0 0.416434 0.511282 0.195771 0.742643
0 0.948703 0.486772 0.0996997 0.835677
0 0.0531538 0.468302 0.106308 0.919442
0 0.610497 0.51267 0.193624 0.772921
0 0.205336 0.46741 0.219641 0.881933
0 0.813888 0.481534 0.217224 0.851734
0 0.416434 0.511282 0.195771 0.742643
0 0.948703 0.486772 0.0996997 0.835677
0 0.0531538 0.468302 0.106308 0.919442
0 0.610497 0.51267 0.193624 0.772921
0 0.205336 0.46741 0.219641 0.881933
0 0.813888 0.481534 0.217224 0.851734
0 0.416434 0.511282 0.195771 0.742643
0 0.948703 0.486772 0.0996997 0.835677
0 0.0531538 0.468302 0.106308 0.919442
0 0.609974 0.521889 0.194107 0.760758
0 0.0548785 0.465173 0.109757 0.91704
0 0.415257 0.521335 0.196068 0.757059
0 0.206879 0.464946 0.220571 0.887226
0 0.81677 0.466764 0.218007 0.902991
0 0.946678 0.480796 0.106474 0.898553
0 0.946467 0.489036 0.107066 0.895387
0 0.609974 0.521889 0.194107 0.760758
0 0.0548785 0.465173 0.109757 0.91704
0 0.415257 0.521335 0.196068 0.757059
0 0.206879 0.464946 0.220571 0.887226
0 0.81677 0.466764 0.218007 0.902991
0 0.946678 0.480796 0.106474 0.898553
0 0.946467 0.489036 0.107066 0.895387
