0 0.0614399 0.536936 0.12288 0.886438
0 0.282247 0.533329 0.109238 0.844402
0 0.757673 0.767785 0.0827306 0.291459
0 0.169298 0.524971 0.123343 0.891465
0 0.929801 0.764472 0.0754294 0.275446
0 0.846187 0.766459 0.0807317 0.282794
0 0.979994 0.798941 0.0396671 0.199102
0 0.500204 0.308954 0.087798 0.584366
0 0.391408 0.505283 0.11644 0.884918
0 0.876012 0.413999 0.0728296 0.354684
0 0.876307 0.40501 0.0744332 0.367511
0 0.385081 0.514323 0.115197 0.873825
0 0.781674 0.390351 0.0929518 0.372546
0 0.680167 0.379295 0.101428 0.456511
0 0.498208 0.488962 0.112255 0.922499
0 0.0614399 0.536936 0.12288 0.886438
0 0.282247 0.533329 0.109238 0.844402
0 0.757673 0.767785 0.0827306 0.291459
0 0.169298 0.524971 0.123343 0.891465
0 0.929801 0.764472 0.0754294 0.275446
0 0.846187 0.766459 0.0807317 0.282794
0 0.979994 0.798941 0.0396671 0.199102
0 0.500204 0.308954 0.087798 0.584366
0 0.391408 0.505283 0.11644 0.884918
0 0.876012 0.413999 0.0728296 0.354684
0 0.876307 0.40501 0.0744332 0.367511
0 0.385081 0.514323 0.115197 0.873825
0 0.781674 0.390351 0.0929518 0.372546
0 0.680167 0.379295 0.101428 0.456511
0 0.498208 0.488962 0.112255 0.922499
0 0.0614399 0.536936 0.12288 0.886438
0 0.282247 0.533329 0.109238 0.844402
0 0.757673 0.767785 0.0827306 0.291459
0 0.169298 0.524971 0.123343 0.891465
0 0.929801 0.764472 0.0754294 0.275446
0 0.846187 0.766459 0.0807317 0.282794
0 0.979994 0.798941 0.0396671 0.199102
0 0.500204 0.308954 0.087798 0.584366
0 0.391408 0.505283 0.11644 0.884918
0 0.876012 0.413999 0.0728296 0.354684
0 0.876307 0.40501 0.0744332 0.367511
0 0.385081 0.514323 0.115197 0.873825
0 0.781674 0.390351 0.0929518 0.372546
0 0.680167 0.379295 0.101428 0.456511
0 0.498208 0.488962 0.112255 0.922499
0 0.0610418 0.52279 0.121126 0.936153
0 0.391355 0.477437 0.129259 0.954874
0 0.282819 0.48784 0.123328 0.963256
0 0.673522 0.489295 0.123304 0.906113
0 0.167283 0.493223 0.136064 0.978587
0 0.932581 0.762273 0.0752941 0.283132
0 0.774373 0.487191 0.116284 0.89041
0 0.862412 0.492508 0.102574 0.86724
0 0.86748 0.492353 0.113877 0.870967
0 0.167839 0.490603 0.13093 0.979562
0 0.497521 0.609667 0.118041 0.680793
0 0.0610418 0.52279 0.121126 0.936153
0 0.391355 0.477437 0.129259 0.954874
0 0.282819 0.48784 0.123328 0.963256
0 0.673522 0.489295 0.123304 0.906113
0 0.167283 0.493223 0.136064 0.978587
0 0.932581 0.762273 0.0752941 0.283132
0 0.774373 0.487191 0.116284 0.89041
0 0.862412 0.492508 0.102574 0.86724
0 0.86748 0.492353 0.113877 0.870967
0 0.167839 0.490603 0.13093 0.979562
0 0.497521 0.609667 0.118041 0.680793
0 0.498847 0.613802 0.117179 0.697379
0 0.498565 0.607678 0.119943 0.680956
0 0.955896 0.342802 0.0882084 0.502839
0 0.872491 0.31921 0.0916493 0.533453
0 0.671183 0.486734 0.116591 0.897839
0 0.871854 0.326052 0.0913105 0.528071
