0 0.782075 0.478135 0.165943 0.908518
0 0.603001 0.480235 0.175473 0.893495
0 0.417979 0.50988 0.152248 0.880317
0 0.0893786 0.510128 0.15888 0.93316
0 0.929345 0.455691 0.1139 0.857779
0 0.24369 0.5106 0.155795 0.908677
0 0.24352 0.512772 0.154957 0.908581
0 0.782075 0.478135 0.165943 0.908518
0 0.603001 0.480235 0.175473 0.893495
0 0.417979 0.50988 0.152248 0.880317
0 0.0893786 0.510128 0.15888 0.93316
0 0.929345 0.455691 0.1139 0.857779
0 0.24369 0.5106 0.155795 0.908677
0 0.24352 0.512772 0.154957 0.908581
0 0.782075 0.478135 0.165943 0.908518
0 0.603001 0.480235 0.175473 0.893495
0 0.417979 0.50988 0.152248 0.880317
0 0.0893786 0.510128 0.15888 0.93316
0 0.929345 0.455691 0.1139 0.857779
0 0.24369 0.5106 0.155795 0.908677
0 0.24352 0.512772 0.154957 0.908581
0 0.244194 0.498641 0.153593 0.955646
0 0.0883754 0.505173 0.150228 0.930998
0 0.783724 0.478083 0.15657 0.920634
0 0.599609 0.457836 0.170256 0.874161
0 0.418589 0.48206 0.153567 0.951771
0 0.930248 0.462048 0.117268 0.909339
0 0.244194 0.498641 0.153593 0.955646
0 0.0883754 0.505173 0.150228 0.930998
0 0.783724 0.478083 0.15657 0.920634
0 0.599609 0.457836 0.170256 0.874161
0 0.418589 0.48206 0.153567 0.951771
0 0.930248 0.462048 0.117268 0.909339
0 0.0102185 0.504269 0.020437 0.928747
