0 0.474212 0.833622 0.124664 0.224612
0 0.780144 0.639827 0.139003 0.662071
0 0.624293 0.869662 0.12548 0.176349
0 0.357418 0.45225 0.129428 0.495633
0 0.0417743 0.50419 0.0835487 0.862194
0 0.143634 0.454076 0.120387 0.465617
0 0.353751 0.82325 0.112736 0.230722
0 0.474446 0.480624 0.10893 0.460592
0 0.623797 0.583176 0.141968 0.752023
0 0.360087 0.427362 0.133084 0.57217
0 0.474212 0.833622 0.124664 0.224612
0 0.780144 0.639827 0.139003 0.662071
0 0.624293 0.869662 0.12548 0.176349
0 0.357418 0.45225 0.129428 0.495633
0 0.0417743 0.50419 0.0835487 0.862194
0 0.143634 0.454076 0.120387 0.465617
0 0.353751 0.82325 0.112736 0.230722
0 0.474446 0.480624 0.10893 0.460592
0 0.623797 0.583176 0.141968 0.752023
0 0.360087 0.427362 0.133084 0.57217
0 0.474212 0.833622 0.124664 0.224612
0 0.780144 0.639827 0.139003 0.662071
0 0.624293 0.869662 0.12548 0.176349
0 0.357418 0.45225 0.129428 0.495633
0 0.0417743 0.50419 0.0835487 0.862194
0 0.143634 0.454076 0.120387 0.465617
0 0.353751 0.82325 0.112736 0.230722
0 0.474446 0.480624 0.10893 0.460592
0 0.623797 0.583176 0.141968 0.752023
0 0.360087 0.427362 0.133084 0.57217
0 0.358165 0.511045 0.156074 0.864438
0 0.049906 0.494879 0.0998121 0.84763
0 0.482305 0.527632 0.141996 0.848691
0 0.774597 0.588977 0.163528 0.766264
0 0.622203 0.580694 0.145998 0.764054
0 0.922108 0.565193 0.149521 0.815622
0 0.174962 0.530218 0.197547 0.939565
0 0.151128 0.49956 0.145548 0.838599
0 0.358165 0.511045 0.156074 0.864438
0 0.049906 0.494879 0.0998121 0.84763
0 0.482305 0.527632 0.141996 0.848691
0 0.774597 0.588977 0.163528 0.766264
0 0.622203 0.580694 0.145998 0.764054
0 0.922108 0.565193 0.149521 0.815622
0 0.174962 0.530218 0.197547 0.939565
0 0.151128 0.49956 0.145548 0.838599
