0 0.741416 0.50488 0.145878 0.760402
0 0.354525 0.545503 0.107442 0.803965
0 0.238929 0.494137 0.121021 0.924926
0 0.129404 0.558114 0.116353 0.834625
0 0.535224 0.554202 0.0590519 0.787081
0 0.640596 0.562091 0.0597214 0.764307
0 0.587925 0.564808 0.0557825 0.769212
0 0.975198 0.458431 0.0496045 0.916862
0 0.58798 0.559576 0.0542935 0.76385
0 0.741416 0.50488 0.145878 0.760402
0 0.354525 0.545503 0.107442 0.803965
0 0.238929 0.494137 0.121021 0.924926
0 0.129404 0.558114 0.116353 0.834625
0 0.535224 0.554202 0.0590519 0.787081
0 0.640596 0.562091 0.0597214 0.764307
0 0.587925 0.564808 0.0557825 0.769212
0 0.975198 0.458431 0.0496045 0.916862
0 0.58798 0.559576 0.0542935 0.76385
0 0.741416 0.50488 0.145878 0.760402
0 0.354525 0.545503 0.107442 0.803965
0 0.238929 0.494137 0.121021 0.924926
0 0.129404 0.558114 0.116353 0.834625
0 0.535224 0.554202 0.0590519 0.787081
0 0.640596 0.562091 0.0597214 0.764307
0 0.587925 0.564808 0.0557825 0.769212
0 0.975198 0.458431 0.0496045 0.916862
0 0.58798 0.559576 0.0542935 0.76385
0 0.588572 0.569484 0.0536521 0.765976
0 0.536778 0.539865 0.0565306 0.821919
0 0.740731 0.525021 0.140573 0.715998
0 0.355742 0.557491 0.108157 0.796995
0 0.129239 0.56742 0.116239 0.830254
0 0.242141 0.69505 0.109265 0.558834
0 0.640842 0.549335 0.0579041 0.774975
0 0.848782 0.184827 0.043118 0.369654
0 0.894534 0.194918 0.0518402 0.389835
0 0.0136287 0.532453 0.0272575 0.843635
0 0.978301 0.418259 0.0433975 0.836517
0 0.588572 0.569484 0.0536521 0.765976
0 0.536778 0.539865 0.0565306 0.821919
0 0.740731 0.525021 0.140573 0.715998
0 0.355742 0.557491 0.108157 0.796995
0 0.129239 0.56742 0.116239 0.830254
0 0.242141 0.69505 0.109265 0.558834
0 0.640842 0.549335 0.0579041 0.774975
0 0.848782 0.184827 0.043118 0.369654
0 0.894534 0.194918 0.0518402 0.389835
0 0.0136287 0.532453 0.0272575 0.843635
0 0.978301 0.418259 0.0433975 0.836517
0 0.894036 0.193913 0.0490816 0.387827
0 0.640476 0.561235 0.0569663 0.7867
