0 0.0817888 0.386651 0.163221 0.523232
0 0.406877 0.307904 0.17893 0.615807
0 0.592096 0.795075 0.148762 0.360841
0 0.242027 0.323594 0.174933 0.622891
0 0.270125 0.809315 0.160487 0.354048
0 0.601663 0.30941 0.187556 0.618821
0 0.416204 0.795842 0.143772 0.346746
0 0.94429 0.504566 0.111419 0.944382
0 0.946421 0.400506 0.107158 0.761932
0 0.0817888 0.386651 0.163221 0.523232
0 0.406877 0.307904 0.17893 0.615807
0 0.592096 0.795075 0.148762 0.360841
0 0.242027 0.323594 0.174933 0.622891
0 0.270125 0.809315 0.160487 0.354048
0 0.601663 0.30941 0.187556 0.618821
0 0.416204 0.795842 0.143772 0.346746
0 0.94429 0.504566 0.111419 0.944382
0 0.946421 0.400506 0.107158 0.761932
0 0.0817888 0.386651 0.163221 0.523232
0 0.406877 0.307904 0.17893 0.615807
0 0.592096 0.795075 0.148762 0.360841
0 0.242027 0.323594 0.174933 0.622891
0 0.270125 0.809315 0.160487 0.354048
0 0.601663 0.30941 0.187556 0.618821
0 0.416204 0.795842 0.143772 0.346746
0 0.94429 0.504566 0.111419 0.944382
0 0.946421 0.400506 0.107158 0.761932
0 0.254071 0.539008 0.175001 0.918582
0 0.414711 0.612016 0.157574 0.760868
0 0.0859264 0.564428 0.169227 0.866621
0 0.604808 0.496157 0.193484 0.992313
0 0.104111 0.823688 0.135992 0.326107
0 0.254071 0.539008 0.175001 0.918582
0 0.414711 0.612016 0.157574 0.760868
0 0.0859264 0.564428 0.169227 0.866621
0 0.604808 0.496157 0.193484 0.992313
0 0.104111 0.823688 0.135992 0.326107
0 0.587883 0.90131 0.129106 0.150259
0 0.0126536 0.787129 0.0253071 0.228908
0 0.939386 0.560213 0.120452 0.841339
