0 0.855604 0.544386 0.246616 0.748748
0 0.319467 0.567072 0.267118 0.794928
0 0.576788 0.569132 0.240361 0.752037
0 0.096477 0.566494 0.192954 0.826506
0 0.855604 0.544386 0.246616 0.748748
0 0.319467 0.567072 0.267118 0.794928
0 0.576788 0.569132 0.240361 0.752037
0 0.096477 0.566494 0.192954 0.826506
0 0.855604 0.544386 0.246616 0.748748
0 0.319467 0.567072 0.267118 0.794928
0 0.576788 0.569132 0.240361 0.752037
0 0.096477 0.566494 0.192954 0.826506
0 0.32583 0.578346 0.280126 0.797391
0 0.856446 0.387588 0.23547 0.424323
0 0.0993183 0.580241 0.197133 0.824339
0 0.0976156 0.716607 0.19372 0.532358
0 0.579772 0.533819 0.246125 0.677081
0 0.8557 0.751983 0.232308 0.344864
0 0.32583 0.578346 0.280126 0.797391
0 0.856446 0.387588 0.23547 0.424323
0 0.0993183 0.580241 0.197133 0.824339
0 0.0976156 0.716607 0.19372 0.532358
0 0.579772 0.533819 0.246125 0.677081
0 0.8557 0.751983 0.232308 0.344864
0 0.580742 0.821845 0.233128 0.260113
0 0.580224 0.832111 0.238794 0.240913
