0 0.531115 0.533756 0.178831 0.92005
0 0.36316 0.517993 0.169084 0.858764
0 0.0681899 0.472677 0.13638 0.712103
0 0.208563 0.568724 0.175723 0.766209
0 0.903044 0.45738 0.117432 0.693167
0 0.531115 0.533756 0.178831 0.92005
0 0.36316 0.517993 0.169084 0.858764
0 0.0681899 0.472677 0.13638 0.712103
0 0.208563 0.568724 0.175723 0.766209
0 0.903044 0.45738 0.117432 0.693167
0 0.531115 0.533756 0.178831 0.92005
0 0.36316 0.517993 0.169084 0.858764
0 0.0681899 0.472677 0.13638 0.712103
0 0.208563 0.568724 0.175723 0.766209
0 0.903044 0.45738 0.117432 0.693167
0 0.531316 0.523238 0.180411 0.937935
0 0.208651 0.591081 0.17369 0.71139
0 0.365845 0.62022 0.152237 0.639494
0 0.359966 0.510135 0.173042 0.880136
0 0.906296 0.659338 0.116207 0.59568
0 0.906544 0.655526 0.116201 0.60355
0 0.739859 0.655111 0.253314 0.59278
0 0.0684573 0.548983 0.136915 0.792506
0 0.802224 0.659111 0.125826 0.566924
0 0.677086 0.654822 0.126805 0.592225
0 0.0673426 0.529553 0.134685 0.634073
0 0.0681963 0.530121 0.136235 0.806459
0 0.531316 0.523238 0.180411 0.937935
0 0.208651 0.591081 0.17369 0.71139
0 0.365845 0.62022 0.152237 0.639494
0 0.359966 0.510135 0.173042 0.880136
0 0.906296 0.659338 0.116207 0.59568
0 0.906544 0.655526 0.116201 0.60355
0 0.739859 0.655111 0.253314 0.59278
0 0.0684573 0.548983 0.136915 0.792506
0 0.802224 0.659111 0.125826 0.566924
0 0.677086 0.654822 0.126805 0.592225
0 0.0673426 0.529553 0.134685 0.634073
0 0.0681963 0.530121 0.136235 0.806459
