0 0.498629 0.598768 0.15119 0.644807
0 0.345179 0.599897 0.152979 0.631481
0 0.665744 0.557146 0.162112 0.720542
0 0.142653 0.483963 0.255093 0.872815
0 0.834649 0.568671 0.166198 0.71532
0 0.498629 0.598768 0.15119 0.644807
0 0.345179 0.599897 0.152979 0.631481
0 0.665744 0.557146 0.162112 0.720542
0 0.142653 0.483963 0.255093 0.872815
0 0.834649 0.568671 0.166198 0.71532
0 0.498629 0.598768 0.15119 0.644807
0 0.345179 0.599897 0.152979 0.631481
0 0.665744 0.557146 0.162112 0.720542
0 0.142653 0.483963 0.255093 0.872815
0 0.834649 0.568671 0.166198 0.71532
0 0.834655 0.581285 0.166535 0.703144
0 0.50007 0.609689 0.152553 0.624338
0 0.143679 0.484705 0.257421 0.889549
0 0.347154 0.608233 0.154258 0.62295
0 0.954869 0.553031 0.0902629 0.814835
0 0.665736 0.568055 0.16471 0.694696
0 0.834655 0.581285 0.166535 0.703144
0 0.50007 0.609689 0.152553 0.624338
0 0.143679 0.484705 0.257421 0.889549
0 0.347154 0.608233 0.154258 0.62295
0 0.954869 0.553031 0.0902629 0.814835
0 0.665736 0.568055 0.16471 0.694696
0 0.665992 0.570062 0.16526 0.703647
0 0.347391 0.609869 0.153729 0.621778
