0 0.354129 0.393828 0.13465 0.407228
0 0.212956 0.77239 0.127417 0.373538
0 0.355719 0.776414 0.13297 0.352618
0 0.0771851 0.776734 0.144962 0.375365
0 0.220311 0.373721 0.131951 0.417473
0 0.754849 0.39795 0.128002 0.375292
0 0.633083 0.754523 0.135525 0.375468
0 0.497453 0.751956 0.129914 0.385061
0 0.797722 0.742184 0.145909 0.404375
0 0.625163 0.352438 0.137055 0.428578
0 0.927972 0.678467 0.140111 0.538869
0 0.0120718 0.385352 0.0239951 0.433401
0 0.0862597 0.372585 0.138519 0.425218
0 0.49202 0.503383 0.139527 0.717171
0 0.354129 0.393828 0.13465 0.407228
0 0.212956 0.77239 0.127417 0.373538
0 0.355719 0.776414 0.13297 0.352618
0 0.0771851 0.776734 0.144962 0.375365
0 0.220311 0.373721 0.131951 0.417473
0 0.754849 0.39795 0.128002 0.375292
0 0.633083 0.754523 0.135525 0.375468
0 0.497453 0.751956 0.129914 0.385061
0 0.797722 0.742184 0.145909 0.404375
0 0.625163 0.352438 0.137055 0.428578
0 0.927972 0.678467 0.140111 0.538869
0 0.0120718 0.385352 0.0239951 0.433401
0 0.0862597 0.372585 0.138519 0.425218
0 0.49202 0.503383 0.139527 0.717171
0 0.354129 0.393828 0.13465 0.407228
0 0.212956 0.77239 0.127417 0.373538
0 0.355719 0.776414 0.13297 0.352618
0 0.0771851 0.776734 0.144962 0.375365
0 0.220311 0.373721 0.131951 0.417473
0 0.754849 0.39795 0.128002 0.375292
0 0.633083 0.754523 0.135525 0.375468
0 0.497453 0.751956 0.129914 0.385061
0 0.797722 0.742184 0.145909 0.404375
0 0.625163 0.352438 0.137055 0.428578
0 0.927972 0.678467 0.140111 0.538869
0 0.0120718 0.385352 0.0239951 0.433401
0 0.0862597 0.372585 0.138519 0.425218
0 0.49202 0.503383 0.139527 0.717171
0 0.632903 0.754357 0.13688 0.373362
0 0.0781494 0.77985 0.144928 0.36488
0 0.357519 0.782197 0.134232 0.343159
0 0.220044 0.380981 0.13151 0.416978
0 0.214178 0.778325 0.129689 0.358702
0 0.626107 0.364447 0.131625 0.420177
0 0.354965 0.403621 0.134123 0.393969
0 0.498312 0.753753 0.129766 0.383269
0 0.0861655 0.378911 0.136842 0.413652
0 0.493566 0.369856 0.133173 0.415786
0 0.75721 0.39936 0.117968 0.363597
0 0.92931 0.67451 0.1364 0.54909
0 0.799168 0.750362 0.147794 0.397947
0 0.0121351 0.384793 0.0242703 0.42112
0 0.632903 0.754357 0.13688 0.373362
0 0.0781494 0.77985 0.144928 0.36488
0 0.357519 0.782197 0.134232 0.343159
0 0.220044 0.380981 0.13151 0.416978
0 0.214178 0.778325 0.129689 0.358702
0 0.626107 0.364447 0.131625 0.420177
0 0.354965 0.403621 0.134123 0.393969
0 0.498312 0.753753 0.129766 0.383269
0 0.0861655 0.378911 0.136842 0.413652
0 0.493566 0.369856 0.133173 0.415786
0 0.75721 0.39936 0.117968 0.363597
0 0.92931 0.67451 0.1364 0.54909
0 0.799168 0.750362 0.147794 0.397947
0 0.0121351 0.384793 0.0242703 0.42112
0 0.798222 0.750018 0.148445 0.396215
