0 0.630102 0.500258 0.110747 0.663041
0 0.801168 0.429595 0.122045 0.797892
0 0.503587 0.422633 0.144456 0.845266
0 0.214288 0.428462 0.142512 0.844583
0 0.0745416 0.446875 0.137619 0.835743
0 0.937738 0.415826 0.121194 0.82928
0 0.359675 0.446363 0.143025 0.824185
0 0.0107671 0.48893 0.0215341 0.793938
0 0.359404 0.437625 0.142898 0.828637
0 0.630102 0.500258 0.110747 0.663041
0 0.801168 0.429595 0.122045 0.797892
0 0.503587 0.422633 0.144456 0.845266
0 0.214288 0.428462 0.142512 0.844583
0 0.0745416 0.446875 0.137619 0.835743
0 0.937738 0.415826 0.121194 0.82928
0 0.359675 0.446363 0.143025 0.824185
0 0.0107671 0.48893 0.0215341 0.793938
0 0.359404 0.437625 0.142898 0.828637
0 0.630102 0.500258 0.110747 0.663041
0 0.801168 0.429595 0.122045 0.797892
0 0.503587 0.422633 0.144456 0.845266
0 0.214288 0.428462 0.142512 0.844583
0 0.0745416 0.446875 0.137619 0.835743
0 0.937738 0.415826 0.121194 0.82928
0 0.359675 0.446363 0.143025 0.824185
0 0.0107671 0.48893 0.0215341 0.793938
0 0.359404 0.437625 0.142898 0.828637
0 0.777729 0.433957 0.177211 0.824886
0 0.928244 0.426863 0.143513 0.843228
0 0.359727 0.444818 0.146436 0.824271
0 0.631137 0.501042 0.114319 0.667195
0 0.50671 0.428764 0.152086 0.851261
0 0.0780372 0.50315 0.147926 0.964133
0 0.215487 0.432347 0.148737 0.844552
0 0.0127278 0.476921 0.0254099 0.842936
0 0.777729 0.433957 0.177211 0.824886
0 0.928244 0.426863 0.143513 0.843228
0 0.359727 0.444818 0.146436 0.824271
0 0.631137 0.501042 0.114319 0.667195
0 0.50671 0.428764 0.152086 0.851261
0 0.0780372 0.50315 0.147926 0.964133
0 0.215487 0.432347 0.148737 0.844552
0 0.0127278 0.476921 0.0254099 0.842936
0 0.92875 0.422768 0.142499 0.828988
0 0.014039 0.460694 0.0280779 0.829142
