0 0.945826 0.694756 0.0851341 0.492432
0 0.619576 0.663417 0.0840284 0.504764
0 0.157904 0.631808 0.0844449 0.592978
0 0.700974 0.668728 0.0801785 0.49878
0 0.782012 0.680759 0.0850622 0.49921
0 0.536525 0.659971 0.0839639 0.510062
0 0.45631 0.651263 0.0812422 0.509551
0 0.86471 0.679315 0.0884828 0.511317
0 0.0730263 0.612409 0.0908134 0.567961
0 0.373919 0.650788 0.0830772 0.50823
0 0.290302 0.639597 0.0877211 0.509818
0 0.990289 0.714079 0.0194215 0.449783
0 0.0162428 0.593255 0.0324855 0.611236
0 0.983142 0.337396 0.0337163 0.256389
0 0.989599 0.703043 0.0208026 0.484282
0 0.290037 0.640256 0.0872856 0.511023
0 0.86511 0.685716 0.0902639 0.51377
0 0.945826 0.694756 0.0851341 0.492432
0 0.619576 0.663417 0.0840284 0.504764
0 0.157904 0.631808 0.0844449 0.592978
0 0.700974 0.668728 0.0801785 0.49878
0 0.782012 0.680759 0.0850622 0.49921
0 0.536525 0.659971 0.0839639 0.510062
0 0.45631 0.651263 0.0812422 0.509551
0 0.86471 0.679315 0.0884828 0.511317
0 0.0730263 0.612409 0.0908134 0.567961
0 0.373919 0.650788 0.0830772 0.50823
0 0.290302 0.639597 0.0877211 0.509818
0 0.990289 0.714079 0.0194215 0.449783
0 0.0162428 0.593255 0.0324855 0.611236
0 0.983142 0.337396 0.0337163 0.256389
0 0.989599 0.703043 0.0208026 0.484282
0 0.290037 0.640256 0.0872856 0.511023
0 0.86511 0.685716 0.0902639 0.51377
0 0.945826 0.694756 0.0851341 0.492432
0 0.619576 0.663417 0.0840284 0.504764
0 0.157904 0.631808 0.0844449 0.592978
0 0.700974 0.668728 0.0801785 0.49878
0 0.782012 0.680759 0.0850622 0.49921
0 0.536525 0.659971 0.0839639 0.510062
0 0.45631 0.651263 0.0812422 0.509551
0 0.86471 0.679315 0.0884828 0.511317
0 0.0730263 0.612409 0.0908134 0.567961
0 0.373919 0.650788 0.0830772 0.50823
0 0.290302 0.639597 0.0877211 0.509818
0 0.990289 0.714079 0.0194215 0.449783
0 0.0162428 0.593255 0.0324855 0.611236
0 0.983142 0.337396 0.0337163 0.256389
0 0.989599 0.703043 0.0208026 0.484282
0 0.290037 0.640256 0.0872856 0.511023
0 0.86511 0.685716 0.0902639 0.51377
0 0.781538 0.683097 0.0827761 0.501899
0 0.53739 0.653485 0.0839103 0.528288
0 0.456835 0.645397 0.0802099 0.542835
0 0.618188 0.667946 0.0806901 0.492844
0 0.864275 0.68414 0.0858128 0.502916
0 0.374242 0.649665 0.0849184 0.510051
0 0.157168 0.637657 0.0841599 0.604046
0 0.288858 0.642778 0.0884003 0.514906
0 0.0719613 0.635861 0.0895805 0.6014
0 0.698389 0.673647 0.0835087 0.500309
0 0.0155699 0.610824 0.0311399 0.574766
0 0.944982 0.696621 0.0811258 0.481562
0 0.990343 0.697389 0.0191281 0.485557
0 0.781538 0.683097 0.0827761 0.501899
0 0.53739 0.653485 0.0839103 0.528288
0 0.456835 0.645397 0.0802099 0.542835
0 0.618188 0.667946 0.0806901 0.492844
0 0.864275 0.68414 0.0858128 0.502916
0 0.374242 0.649665 0.0849184 0.510051
0 0.157168 0.637657 0.0841599 0.604046
0 0.288858 0.642778 0.0884003 0.514906
0 0.0719613 0.635861 0.0895805 0.6014
0 0.698389 0.673647 0.0835087 0.500309
0 0.0155699 0.610824 0.0311399 0.574766
0 0.944982 0.696621 0.0811258 0.481562
0 0.990343 0.697389 0.0191281 0.485557
0 0.945421 0.698963 0.0841149 0.487298
