0 0.265289 0.445965 0.060358 0.77025
0 0.325152 0.447904 0.0626759 0.798942
0 0.39113 0.464632 0.0745625 0.820742
0 0.58367 0.491373 0.0847272 0.884583
0 0.205799 0.43393 0.0604317 0.774124
0 0.67033 0.508593 0.0912289 0.917787
0 0.783699 0.547107 0.10325 0.905786
0 0.502646 0.480104 0.0773177 0.846715
0 0.883097 0.555123 0.0968238 0.887624
0 0.0933838 0.422065 0.123002 0.673779
0 0.0130074 0.386428 0.0260088 0.613685
0 0.883798 0.550097 0.0974389 0.882022
0 0.265289 0.445965 0.060358 0.77025
0 0.325152 0.447904 0.0626759 0.798942
0 0.39113 0.464632 0.0745625 0.820742
0 0.58367 0.491373 0.0847272 0.884583
0 0.205799 0.43393 0.0604317 0.774124
0 0.67033 0.508593 0.0912289 0.917787
0 0.783699 0.547107 0.10325 0.905786
0 0.502646 0.480104 0.0773177 0.846715
0 0.883097 0.555123 0.0968238 0.887624
0 0.0933838 0.422065 0.123002 0.673779
0 0.0130074 0.386428 0.0260088 0.613685
0 0.883798 0.550097 0.0974389 0.882022
0 0.265289 0.445965 0.060358 0.77025
0 0.325152 0.447904 0.0626759 0.798942
0 0.39113 0.464632 0.0745625 0.820742
0 0.58367 0.491373 0.0847272 0.884583
0 0.205799 0.43393 0.0604317 0.774124
0 0.67033 0.508593 0.0912289 0.917787
0 0.783699 0.547107 0.10325 0.905786
0 0.502646 0.480104 0.0773177 0.846715
0 0.883097 0.555123 0.0968238 0.887624
0 0.0933838 0.422065 0.123002 0.673779
0 0.0130074 0.386428 0.0260088 0.613685
0 0.883798 0.550097 0.0974389 0.882022
0 0.88308 0.55262 0.0954446 0.884584
0 0.78316 0.544043 0.102427 0.885828
0 0.963645 0.567257 0.07188 0.865485
0 0.324707 0.442102 0.0601602 0.815768
0 0.583147 0.480364 0.0824245 0.919067
0 0.390136 0.447221 0.0737485 0.841595
0 0.204551 0.423309 0.0585711 0.792908
0 0.671162 0.506134 0.0921097 0.919275
0 0.0928758 0.441258 0.116775 0.638649
0 0.502065 0.468748 0.076598 0.891165
0 0.264781 0.439514 0.0605776 0.78352
0 0.014071 0.380571 0.0280217 0.614558
0 0.88308 0.55262 0.0954446 0.884584
0 0.78316 0.544043 0.102427 0.885828
0 0.963645 0.567257 0.07188 0.865485
0 0.324707 0.442102 0.0601602 0.815768
0 0.583147 0.480364 0.0824245 0.919067
0 0.390136 0.447221 0.0737485 0.841595
0 0.204551 0.423309 0.0585711 0.792908
0 0.671162 0.506134 0.0921097 0.919275
0 0.0928758 0.441258 0.116775 0.638649
0 0.502065 0.468748 0.076598 0.891165
0 0.264781 0.439514 0.0605776 0.78352
0 0.014071 0.380571 0.0280217 0.614558
0 0.451274 0.455202 0.0410927 0.873179
