0 0.944946 0.590231 0.0702688 0.57549
0 0.738293 0.277919 0.143074 0.464194
0 0.227133 0.739519 0.0634487 0.371786
0 0.169146 0.741275 0.0571709 0.406877
0 0.409539 0.474349 0.177411 0.860802
0 0.289944 0.733166 0.0560585 0.364147
0 0.862126 0.561889 0.106304 0.62539
0 0.577952 0.307707 0.152665 0.439815
0 0.0705847 0.512338 0.112745 0.872788
0 0.754384 0.701227 0.0938321 0.39321
0 0.572866 0.716881 0.0521658 0.331162
0 0.220735 0.301647 0.171198 0.47606
0 0.407142 0.327617 0.1703 0.542984
0 0.623155 0.714744 0.0458225 0.335913
0 0.624578 0.71952 0.0460362 0.336799
0 0.0689592 0.498389 0.127757 0.918905
0 0.40403 0.733242 0.152592 0.356781
0 0.0704282 0.768957 0.0959251 0.370404
0 0.678432 0.701033 0.055064 0.379529
0 0.944946 0.590231 0.0702688 0.57549
0 0.738293 0.277919 0.143074 0.464194
0 0.227133 0.739519 0.0634487 0.371786
0 0.169146 0.741275 0.0571709 0.406877
0 0.409539 0.474349 0.177411 0.860802
0 0.289944 0.733166 0.0560585 0.364147
0 0.862126 0.561889 0.106304 0.62539
0 0.577952 0.307707 0.152665 0.439815
0 0.0705847 0.512338 0.112745 0.872788
0 0.754384 0.701227 0.0938321 0.39321
0 0.572866 0.716881 0.0521658 0.331162
0 0.220735 0.301647 0.171198 0.47606
0 0.407142 0.327617 0.1703 0.542984
0 0.623155 0.714744 0.0458225 0.335913
0 0.624578 0.71952 0.0460362 0.336799
0 0.0689592 0.498389 0.127757 0.918905
0 0.40403 0.733242 0.152592 0.356781
0 0.0704282 0.768957 0.0959251 0.370404
0 0.678432 0.701033 0.055064 0.379529
0 0.944946 0.590231 0.0702688 0.57549
0 0.738293 0.277919 0.143074 0.464194
0 0.227133 0.739519 0.0634487 0.371786
0 0.169146 0.741275 0.0571709 0.406877
0 0.409539 0.474349 0.177411 0.860802
0 0.289944 0.733166 0.0560585 0.364147
0 0.862126 0.561889 0.106304 0.62539
0 0.577952 0.307707 0.152665 0.439815
0 0.0705847 0.512338 0.112745 0.872788
0 0.754384 0.701227 0.0938321 0.39321
0 0.572866 0.716881 0.0521658 0.331162
0 0.220735 0.301647 0.171198 0.47606
0 0.407142 0.327617 0.1703 0.542984
0 0.623155 0.714744 0.0458225 0.335913
0 0.624578 0.71952 0.0460362 0.336799
0 0.0689592 0.498389 0.127757 0.918905
0 0.40403 0.733242 0.152592 0.356781
0 0.0704282 0.768957 0.0959251 0.370404
0 0.678432 0.701033 0.055064 0.379529
0 0.945708 0.591002 0.0678257 0.569928
0 0.402596 0.716602 0.164025 0.393528
0 0.862693 0.562618 0.104859 0.625466
0 0.223192 0.285789 0.175125 0.506522
0 0.0767693 0.761565 0.105188 0.398294
0 0.409659 0.285694 0.17637 0.491462
0 0.625 0.716342 0.0492222 0.344923
0 0.581286 0.300658 0.163353 0.448101
0 0.545303 0.721916 0.105363 0.339993
0 0.735542 0.468154 0.153224 0.858109
0 0.753761 0.700779 0.0937508 0.389934
0 0.210945 0.736618 0.140085 0.413917
0 0.678362 0.700204 0.0541446 0.385975
0 0.0723604 0.29772 0.115748 0.551918
0 0.225094 0.736786 0.186496 0.41695
0 0.739801 0.273575 0.143283 0.448935
0 0.577493 0.47946 0.16807 0.841055
0 0.945708 0.591002 0.0678257 0.569928
0 0.402596 0.716602 0.164025 0.393528
0 0.862693 0.562618 0.104859 0.625466
0 0.223192 0.285789 0.175125 0.506522
0 0.0767693 0.761565 0.105188 0.398294
0 0.409659 0.285694 0.17637 0.491462
0 0.625 0.716342 0.0492222 0.344923
0 0.581286 0.300658 0.163353 0.448101
0 0.545303 0.721916 0.105363 0.339993
0 0.735542 0.468154 0.153224 0.858109
0 0.753761 0.700779 0.0937508 0.389934
0 0.210945 0.736618 0.140085 0.413917
0 0.678362 0.700204 0.0541446 0.385975
0 0.0723604 0.29772 0.115748 0.551918
0 0.225094 0.736786 0.186496 0.41695
0 0.739801 0.273575 0.143283 0.448935
0 0.577493 0.47946 0.16807 0.841055
0 0.638731 0.306375 0.045059 0.425886
0 0.72315 0.706488 0.146536 0.402143
0 0.407463 0.482916 0.182488 0.889798
0 0.288109 0.733255 0.0614011 0.385663
0 0.528346 0.300102 0.0601917 0.449725
