0 0.19779 0.536615 0.0660858 0.795817
0 0.259813 0.53753 0.0639231 0.783839
0 0.761878 0.565009 0.0680469 0.804306
0 0.133912 0.541328 0.0671914 0.806147
0 0.0717578 0.545567 0.0681098 0.798106
0 0.823774 0.571182 0.0658246 0.789269
0 0.3221 0.54717 0.0635957 0.777641
0 0.9852 0.575066 0.0295842 0.778367
0 0.941733 0.548194 0.0664771 0.795189
0 0.455091 0.540158 0.0660506 0.774307
0 0.576993 0.552886 0.0630988 0.789844
0 0.516968 0.548871 0.0605572 0.771511
0 0.69813 0.557218 0.0681169 0.81223
0 0.383841 0.551286 0.063798 0.764008
0 0.881821 0.54923 0.0606477 0.785874
0 0.635316 0.55166 0.0631701 0.798594
0 0.882038 0.561602 0.0610757 0.784306
0 0.635577 0.549863 0.062825 0.801369
0 0.19779 0.536615 0.0660858 0.795817
0 0.259813 0.53753 0.0639231 0.783839
0 0.761878 0.565009 0.0680469 0.804306
0 0.133912 0.541328 0.0671914 0.806147
0 0.0717578 0.545567 0.0681098 0.798106
0 0.823774 0.571182 0.0658246 0.789269
0 0.3221 0.54717 0.0635957 0.777641
0 0.9852 0.575066 0.0295842 0.778367
0 0.941733 0.548194 0.0664771 0.795189
0 0.455091 0.540158 0.0660506 0.774307
0 0.576993 0.552886 0.0630988 0.789844
0 0.516968 0.548871 0.0605572 0.771511
0 0.69813 0.557218 0.0681169 0.81223
0 0.383841 0.551286 0.063798 0.764008
0 0.881821 0.54923 0.0606477 0.785874
0 0.635316 0.55166 0.0631701 0.798594
0 0.882038 0.561602 0.0610757 0.784306
0 0.635577 0.549863 0.062825 0.801369
0 0.19779 0.536615 0.0660858 0.795817
0 0.259813 0.53753 0.0639231 0.783839
0 0.761878 0.565009 0.0680469 0.804306
0 0.133912 0.541328 0.0671914 0.806147
0 0.0717578 0.545567 0.0681098 0.798106
0 0.823774 0.571182 0.0658246 0.789269
0 0.3221 0.54717 0.0635957 0.777641
0 0.9852 0.575066 0.0295842 0.778367
0 0.941733 0.548194 0.0664771 0.795189
0 0.455091 0.540158 0.0660506 0.774307
0 0.576993 0.552886 0.0630988 0.789844
0 0.516968 0.548871 0.0605572 0.771511
0 0.69813 0.557218 0.0681169 0.81223
0 0.383841 0.551286 0.063798 0.764008
0 0.881821 0.54923 0.0606477 0.785874
0 0.635316 0.55166 0.0631701 0.798594
0 0.882038 0.561602 0.0610757 0.784306
0 0.635577 0.549863 0.062825 0.801369
0 0.383505 0.562253 0.0642876 0.760792
0 0.634678 0.559925 0.0625441 0.796342
0 0.761208 0.577666 0.0674138 0.782825
0 0.259827 0.540798 0.0648072 0.782888
0 0.824489 0.578861 0.0622616 0.781979
0 0.322058 0.55674 0.0626251 0.768009
0 0.942745 0.557584 0.0655032 0.795275
0 0.133681 0.551323 0.0674632 0.796336
0 0.698057 0.565292 0.0659302 0.797186
0 0.576036 0.55717 0.060068 0.781475
0 0.19742 0.542319 0.0643796 0.789457
0 0.881752 0.56434 0.0604374 0.768323
0 0.454629 0.543295 0.0637064 0.784433
0 0.516242 0.544956 0.0608765 0.788776
0 0.070794 0.54288 0.067428 0.794003
0 0.985376 0.565279 0.0292486 0.806128
0 0.383505 0.562253 0.0642876 0.760792
0 0.634678 0.559925 0.0625441 0.796342
0 0.761208 0.577666 0.0674138 0.782825
0 0.259827 0.540798 0.0648072 0.782888
0 0.824489 0.578861 0.0622616 0.781979
0 0.322058 0.55674 0.0626251 0.768009
0 0.942745 0.557584 0.0655032 0.795275
0 0.133681 0.551323 0.0674632 0.796336
0 0.698057 0.565292 0.0659302 0.797186
0 0.576036 0.55717 0.060068 0.781475
0 0.19742 0.542319 0.0643796 0.789457
0 0.881752 0.56434 0.0604374 0.768323
0 0.454629 0.543295 0.0637064 0.784433
0 0.516242 0.544956 0.0608765 0.788776
0 0.070794 0.54288 0.067428 0.794003
0 0.985376 0.565279 0.0292486 0.806128
0 0.0125475 0.51417 0.025095 0.830717
