0 0.930868 0.49271 0.137967 0.856467
0 0.464259 0.514316 0.261222 0.918485
0 0.72453 0.494459 0.280586 0.899311
0 0.206352 0.520789 0.28564 0.930924
0 0.930868 0.49271 0.137967 0.856467
0 0.464259 0.514316 0.261222 0.918485
0 0.72453 0.494459 0.280586 0.899311
0 0.206352 0.520789 0.28564 0.930924
0 0.930868 0.49271 0.137967 0.856467
0 0.464259 0.514316 0.261222 0.918485
0 0.72453 0.494459 0.280586 0.899311
0 0.206352 0.520789 0.28564 0.930924
0 0.207473 0.529293 0.293412 0.940778
0 0.728051 0.486585 0.281465 0.913591
0 0.470506 0.522025 0.259694 0.910894
0 0.9304 0.511314 0.139199 0.856184
0 0.207473 0.529293 0.293412 0.940778
0 0.728051 0.486585 0.281465 0.913591
0 0.470506 0.522025 0.259694 0.910894
0 0.9304 0.511314 0.139199 0.856184
