0 0.266527 0.579799 0.276176 0.796882
0 0.527852 0.573426 0.266721 0.793929
0 0.0669875 0.453447 0.133975 0.461478
0 0.0603658 0.829544 0.120732 0.317329
0 0.266527 0.579799 0.276176 0.796882
0 0.527852 0.573426 0.266721 0.793929
0 0.0669875 0.453447 0.133975 0.461478
0 0.0603658 0.829544 0.120732 0.317329
0 0.266527 0.579799 0.276176 0.796882
0 0.527852 0.573426 0.266721 0.793929
0 0.0669875 0.453447 0.133975 0.461478
0 0.0603658 0.829544 0.120732 0.317329
0 0.266422 0.573046 0.281733 0.811764
0 0.0730303 0.609552 0.144333 0.770129
0 0.493157 0.791975 0.171873 0.335302
0 0.529229 0.395845 0.261616 0.460882
0 0.266422 0.573046 0.281733 0.811764
0 0.0730303 0.609552 0.144333 0.770129
0 0.493157 0.791975 0.171873 0.335302
0 0.529229 0.395845 0.261616 0.460882
0 0.0694105 0.458184 0.138652 0.467079
