0 0.12387 0.301743 0.247741 0.587759
0 0.785833 0.686944 0.172153 0.385189
0 0.913285 0.676415 0.162788 0.377824
0 0.911775 0.67387 0.162643 0.373653
0 0.12387 0.301743 0.247741 0.587759
0 0.785833 0.686944 0.172153 0.385189
0 0.913285 0.676415 0.162788 0.377824
0 0.911775 0.67387 0.162643 0.373653
0 0.12387 0.301743 0.247741 0.587759
0 0.785833 0.686944 0.172153 0.385189
0 0.913285 0.676415 0.162788 0.377824
0 0.911775 0.67387 0.162643 0.373653
0 0.915265 0.664913 0.161182 0.37451
0 0.786986 0.682048 0.179189 0.376277
0 0.499793 0.7227 0.452362 0.418317
0 0.915265 0.664913 0.161182 0.37451
0 0.786986 0.682048 0.179189 0.376277
0 0.499793 0.7227 0.452362 0.418317
0 0.147132 0.75013 0.287828 0.473109
0 0.135706 0.303007 0.267917 0.602818
