0 0.666434 0.475054 0.10445 0.790283
0 0.745083 0.47254 0.0955966 0.746113
0 0.896886 0.45262 0.102298 0.75398
0 0.0485577 0.611014 0.0971154 0.750073
0 0.818902 0.469067 0.101123 0.776282
0 0.197152 0.694023 0.0884872 0.486729
0 0.127161 0.627659 0.0733234 0.5851
0 0.962382 0.4799 0.0752369 0.736107
0 0.974662 0.48493 0.050676 0.742625
0 0.666434 0.475054 0.10445 0.790283
0 0.745083 0.47254 0.0955966 0.746113
0 0.896886 0.45262 0.102298 0.75398
0 0.0485577 0.611014 0.0971154 0.750073
0 0.818902 0.469067 0.101123 0.776282
0 0.197152 0.694023 0.0884872 0.486729
0 0.127161 0.627659 0.0733234 0.5851
0 0.962382 0.4799 0.0752369 0.736107
0 0.974662 0.48493 0.050676 0.742625
0 0.666434 0.475054 0.10445 0.790283
0 0.745083 0.47254 0.0955966 0.746113
0 0.896886 0.45262 0.102298 0.75398
0 0.0485577 0.611014 0.0971154 0.750073
0 0.818902 0.469067 0.101123 0.776282
0 0.197152 0.694023 0.0884872 0.486729
0 0.127161 0.627659 0.0733234 0.5851
0 0.962382 0.4799 0.0752369 0.736107
0 0.974662 0.48493 0.050676 0.742625
0 0.668939 0.464893 0.0926628 0.787964
0 0.0467566 0.603439 0.0935133 0.721873
0 0.459471 0.505334 0.247806 0.76093
0 0.747949 0.463555 0.0844774 0.764285
0 0.245472 0.609199 0.190283 0.672536
0 0.82269 0.450658 0.0915252 0.790195
0 0.130249 0.654414 0.062881 0.570113
0 0.963596 0.465561 0.0728089 0.747848
0 0.668939 0.464893 0.0926628 0.787964
0 0.0467566 0.603439 0.0935133 0.721873
0 0.459471 0.505334 0.247806 0.76093
0 0.747949 0.463555 0.0844774 0.764285
0 0.245472 0.609199 0.190283 0.672536
0 0.82269 0.450658 0.0915252 0.790195
0 0.130249 0.654414 0.062881 0.570113
0 0.963596 0.465561 0.0728089 0.747848
0 0.9017 0.444732 0.10037 0.747379
0 0.870339 0.449752 0.194282 0.808125
0 0.825307 0.448897 0.0951311 0.796072
