0 0.785555 0.695603 0.132794 0.510449
0 0.659429 0.685994 0.126074 0.525369
0 0.397528 0.674616 0.125191 0.523204
0 0.273827 0.66739 0.121965 0.512425
0 0.147556 0.657531 0.128223 0.502238
0 0.523891 0.665219 0.127648 0.548508
0 0.136926 0.205548 0.134231 0.411095
0 0.0342221 0.662028 0.0679523 0.493134
0 0.706058 0.231384 0.1384 0.462768
0 0.518888 0.191034 0.109519 0.382068
0 0.395447 0.204596 0.134215 0.409192
0 0.268162 0.207452 0.121438 0.414904
0 0.95705 0.733733 0.0859007 0.501405
0 0.937531 0.743936 0.12433 0.512128
0 0.268141 0.207072 0.123712 0.414145
0 0.785555 0.695603 0.132794 0.510449
0 0.659429 0.685994 0.126074 0.525369
0 0.397528 0.674616 0.125191 0.523204
0 0.273827 0.66739 0.121965 0.512425
0 0.147556 0.657531 0.128223 0.502238
0 0.523891 0.665219 0.127648 0.548508
0 0.136926 0.205548 0.134231 0.411095
0 0.0342221 0.662028 0.0679523 0.493134
0 0.706058 0.231384 0.1384 0.462768
0 0.518888 0.191034 0.109519 0.382068
0 0.395447 0.204596 0.134215 0.409192
0 0.268162 0.207452 0.121438 0.414904
0 0.95705 0.733733 0.0859007 0.501405
0 0.937531 0.743936 0.12433 0.512128
0 0.268141 0.207072 0.123712 0.414145
0 0.785555 0.695603 0.132794 0.510449
0 0.659429 0.685994 0.126074 0.525369
0 0.397528 0.674616 0.125191 0.523204
0 0.273827 0.66739 0.121965 0.512425
0 0.147556 0.657531 0.128223 0.502238
0 0.523891 0.665219 0.127648 0.548508
0 0.136926 0.205548 0.134231 0.411095
0 0.0342221 0.662028 0.0679523 0.493134
0 0.706058 0.231384 0.1384 0.462768
0 0.518888 0.191034 0.109519 0.382068
0 0.395447 0.204596 0.134215 0.409192
0 0.268162 0.207452 0.121438 0.414904
0 0.95705 0.733733 0.0859007 0.501405
0 0.937531 0.743936 0.12433 0.512128
0 0.268141 0.207072 0.123712 0.414145
0 0.148556 0.663415 0.132721 0.507052
0 0.273362 0.673407 0.12414 0.508466
0 0.787065 0.696132 0.135736 0.518968
0 0.658792 0.690175 0.133054 0.522716
0 0.396863 0.675711 0.13149 0.531199
0 0.395602 0.20295 0.130074 0.405901
0 0.0431389 0.663329 0.0859395 0.504963
0 0.140586 0.207215 0.125263 0.414429
0 0.269951 0.211712 0.111427 0.423425
0 0.935254 0.729111 0.129492 0.496632
0 0.524773 0.669006 0.129831 0.544942
0 0.519997 0.196033 0.107051 0.392066
0 0.703243 0.23028 0.12492 0.46056
0 0.96187 0.246875 0.076172 0.491816
0 0.0311245 0.203474 0.0607746 0.406947
0 0.524576 0.670339 0.132777 0.549897
0 0.148556 0.663415 0.132721 0.507052
0 0.273362 0.673407 0.12414 0.508466
0 0.787065 0.696132 0.135736 0.518968
0 0.658792 0.690175 0.133054 0.522716
0 0.396863 0.675711 0.13149 0.531199
0 0.395602 0.20295 0.130074 0.405901
0 0.0431389 0.663329 0.0859395 0.504963
0 0.140586 0.207215 0.125263 0.414429
0 0.269951 0.211712 0.111427 0.423425
0 0.935254 0.729111 0.129492 0.496632
0 0.524773 0.669006 0.129831 0.544942
0 0.519997 0.196033 0.107051 0.392066
0 0.703243 0.23028 0.12492 0.46056
0 0.96187 0.246875 0.076172 0.491816
0 0.0311245 0.203474 0.0607746 0.406947
0 0.524576 0.670339 0.132777 0.549897
