0 0.420106 0.417851 0.251856 0.683923
0 0.142113 0.428551 0.183214 0.650144
0 0.759061 0.444141 0.455667 0.740558
0 0.0333193 0.516781 0.066472 0.424446
0 0.420106 0.417851 0.251856 0.683923
0 0.142113 0.428551 0.183214 0.650144
0 0.759061 0.444141 0.455667 0.740558
0 0.0333193 0.516781 0.066472 0.424446
0 0.420106 0.417851 0.251856 0.683923
0 0.142113 0.428551 0.183214 0.650144
0 0.759061 0.444141 0.455667 0.740558
0 0.0333193 0.516781 0.066472 0.424446
0 0.419938 0.389374 0.248311 0.654272
0 0.180941 0.45267 0.246311 0.607036
0 0.0328157 0.503852 0.0653833 0.414683
0 0.419938 0.389374 0.248311 0.654272
0 0.180941 0.45267 0.246311 0.607036
0 0.0328157 0.503852 0.0653833 0.414683
0 0.183826 0.566528 0.234424 0.370609
