0 0.248879 0.562225 0.305271 0.87555
0 0.810888 0.409101 0.27141 0.700975
0 0.248879 0.562225 0.305271 0.87555
0 0.810888 0.409101 0.27141 0.700975
0 0.248879 0.562225 0.305271 0.87555
0 0.810888 0.409101 0.27141 0.700975
0 0.824156 0.379224 0.304194 0.757903
0 0.53806 0.514847 0.289049 0.933588
0 0.252298 0.556155 0.315515 0.88769
0 0.971731 0.453117 0.0565389 0.878277
0 0.824156 0.379224 0.304194 0.757903
0 0.53806 0.514847 0.289049 0.933588
0 0.252298 0.556155 0.315515 0.88769
0 0.971731 0.453117 0.0565389 0.878277
