0 0.943103 0.52048 0.0929681 0.66502
0 0.753015 0.521576 0.127897 0.752822
0 0.0576568 0.705533 0.0880699 0.583614
0 0.136832 0.687218 0.0711942 0.531514
0 0.537547 0.515265 0.121861 0.785122
0 0.643891 0.504479 0.0992417 0.763126
0 0.857545 0.536069 0.0866718 0.676519
0 0.436315 0.592599 0.088002 0.698954
0 0.242255 0.789611 0.131442 0.37126
0 0.350057 0.603047 0.0928899 0.725822
0 0.349961 0.602479 0.0929412 0.712591
0 0.943103 0.52048 0.0929681 0.66502
0 0.753015 0.521576 0.127897 0.752822
0 0.0576568 0.705533 0.0880699 0.583614
0 0.136832 0.687218 0.0711942 0.531514
0 0.537547 0.515265 0.121861 0.785122
0 0.643891 0.504479 0.0992417 0.763126
0 0.857545 0.536069 0.0866718 0.676519
0 0.436315 0.592599 0.088002 0.698954
0 0.242255 0.789611 0.131442 0.37126
0 0.350057 0.603047 0.0928899 0.725822
0 0.349961 0.602479 0.0929412 0.712591
0 0.943103 0.52048 0.0929681 0.66502
0 0.753015 0.521576 0.127897 0.752822
0 0.0576568 0.705533 0.0880699 0.583614
0 0.136832 0.687218 0.0711942 0.531514
0 0.537547 0.515265 0.121861 0.785122
0 0.643891 0.504479 0.0992417 0.763126
0 0.857545 0.536069 0.0866718 0.676519
0 0.436315 0.592599 0.088002 0.698954
0 0.242255 0.789611 0.131442 0.37126
0 0.350057 0.603047 0.0928899 0.725822
0 0.349961 0.602479 0.0929412 0.712591
0 0.537618 0.521142 0.120123 0.787612
0 0.644468 0.508101 0.0989554 0.752057
0 0.436049 0.602734 0.0873145 0.727704
0 0.856102 0.542783 0.0840406 0.657133
0 0.349787 0.59957 0.0919071 0.712507
0 0.942745 0.524823 0.0922846 0.664837
0 0.0572883 0.700024 0.0914128 0.556857
0 0.136196 0.686889 0.0743001 0.522871
0 0.240689 0.775778 0.131026 0.337925
0 0.752506 0.51501 0.131586 0.73541
0 0.778811 0.513146 0.0763402 0.717693
0 0.732186 0.514826 0.086769 0.73579
0 0.537618 0.521142 0.120123 0.787612
0 0.644468 0.508101 0.0989554 0.752057
0 0.436049 0.602734 0.0873145 0.727704
0 0.856102 0.542783 0.0840406 0.657133
0 0.349787 0.59957 0.0919071 0.712507
0 0.942745 0.524823 0.0922846 0.664837
0 0.0572883 0.700024 0.0914128 0.556857
0 0.136196 0.686889 0.0743001 0.522871
0 0.240689 0.775778 0.131026 0.337925
0 0.752506 0.51501 0.131586 0.73541
0 0.778811 0.513146 0.0763402 0.717693
0 0.732186 0.514826 0.086769 0.73579
0 0.990495 0.548711 0.0189987 0.705567
