0 0.0537378 0.743397 0.0733044 0.319809
0 0.505284 0.363993 0.0867396 0.449848
0 0.845126 0.777368 0.0918638 0.359971
0 0.270831 0.649113 0.100157 0.574066
0 0.757417 0.775974 0.0876698 0.35854
0 0.183289 0.658439 0.0860784 0.525288
0 0.412418 0.73805 0.0935786 0.379059
0 0.119666 0.704471 0.0583906 0.419352
0 0.678478 0.354456 0.0880439 0.445997
0 0.00946253 0.743936 0.0187538 0.315744
0 0.931727 0.792846 0.0859604 0.350808
0 0.670515 0.754259 0.0883554 0.381513
0 0.590062 0.35621 0.0919776 0.447842
0 0.584228 0.752054 0.0897615 0.384425
0 0.853753 0.381659 0.0972324 0.456021
0 0.414984 0.340514 0.0954152 0.465904
0 0.761589 0.376779 0.0900205 0.44776
0 0.498361 0.75317 0.0870664 0.372898
0 0.940149 0.429817 0.087879 0.418647
0 0.986081 0.799319 0.0277062 0.339205
0 0.761584 0.540938 0.101988 0.828891
0 0.0537378 0.743397 0.0733044 0.319809
0 0.505284 0.363993 0.0867396 0.449848
0 0.845126 0.777368 0.0918638 0.359971
0 0.270831 0.649113 0.100157 0.574066
0 0.757417 0.775974 0.0876698 0.35854
0 0.183289 0.658439 0.0860784 0.525288
0 0.412418 0.73805 0.0935786 0.379059
0 0.119666 0.704471 0.0583906 0.419352
0 0.678478 0.354456 0.0880439 0.445997
0 0.00946253 0.743936 0.0187538 0.315744
0 0.931727 0.792846 0.0859604 0.350808
0 0.670515 0.754259 0.0883554 0.381513
0 0.590062 0.35621 0.0919776 0.447842
0 0.584228 0.752054 0.0897615 0.384425
0 0.853753 0.381659 0.0972324 0.456021
0 0.414984 0.340514 0.0954152 0.465904
0 0.761589 0.376779 0.0900205 0.44776
0 0.498361 0.75317 0.0870664 0.372898
0 0.940149 0.429817 0.087879 0.418647
0 0.986081 0.799319 0.0277062 0.339205
0 0.761584 0.540938 0.101988 0.828891
0 0.0537378 0.743397 0.0733044 0.319809
0 0.505284 0.363993 0.0867396 0.449848
0 0.845126 0.777368 0.0918638 0.359971
0 0.270831 0.649113 0.100157 0.574066
0 0.757417 0.775974 0.0876698 0.35854
0 0.183289 0.658439 0.0860784 0.525288
0 0.412418 0.73805 0.0935786 0.379059
0 0.119666 0.704471 0.0583906 0.419352
0 0.678478 0.354456 0.0880439 0.445997
0 0.00946253 0.743936 0.0187538 0.315744
0 0.931727 0.792846 0.0859604 0.350808
0 0.670515 0.754259 0.0883554 0.381513
0 0.590062 0.35621 0.0919776 0.447842
0 0.584228 0.752054 0.0897615 0.384425
0 0.853753 0.381659 0.0972324 0.456021
0 0.414984 0.340514 0.0954152 0.465904
0 0.761589 0.376779 0.0900205 0.44776
0 0.498361 0.75317 0.0870664 0.372898
0 0.940149 0.429817 0.087879 0.418647
0 0.986081 0.799319 0.0277062 0.339205
0 0.761584 0.540938 0.101988 0.828891
0 0.584697 0.75877 0.0861956 0.362538
0 0.498171 0.755936 0.0834222 0.357645
0 0.504771 0.362096 0.0848885 0.438775
0 0.843718 0.783248 0.0901747 0.349819
0 0.271311 0.64961 0.0931302 0.560086
0 0.8541 0.389563 0.0948591 0.453502
0 0.183821 0.653915 0.0864409 0.526302
0 0.762303 0.381731 0.0866563 0.446758
0 0.417318 0.339778 0.0871652 0.454144
0 0.756938 0.775865 0.0831876 0.354291
0 0.411632 0.741343 0.0878245 0.373086
0 0.669845 0.760804 0.0860908 0.364221
0 0.930807 0.794275 0.0823831 0.338515
0 0.590851 0.357138 0.0888663 0.451781
0 0.940702 0.429983 0.0830161 0.404425
0 0.678899 0.362304 0.0833097 0.444289
0 0.0517169 0.751569 0.0784558 0.325807
0 0.00741355 0.74913 0.0147607 0.326705
0 0.120015 0.707861 0.0517731 0.407793
0 0.669987 0.762473 0.0856194 0.365972
0 0.121495 0.698201 0.0538512 0.428502
0 0.986986 0.787981 0.0257129 0.35139
0 0.989989 0.471251 0.0200212 0.446771
0 0.584697 0.75877 0.0861956 0.362538
0 0.498171 0.755936 0.0834222 0.357645
0 0.504771 0.362096 0.0848885 0.438775
0 0.843718 0.783248 0.0901747 0.349819
0 0.271311 0.64961 0.0931302 0.560086
0 0.8541 0.389563 0.0948591 0.453502
0 0.183821 0.653915 0.0864409 0.526302
0 0.762303 0.381731 0.0866563 0.446758
0 0.417318 0.339778 0.0871652 0.454144
0 0.756938 0.775865 0.0831876 0.354291
0 0.411632 0.741343 0.0878245 0.373086
0 0.669845 0.760804 0.0860908 0.364221
0 0.930807 0.794275 0.0823831 0.338515
0 0.590851 0.357138 0.0888663 0.451781
0 0.940702 0.429983 0.0830161 0.404425
0 0.678899 0.362304 0.0833097 0.444289
0 0.0517169 0.751569 0.0784558 0.325807
0 0.00741355 0.74913 0.0147607 0.326705
0 0.120015 0.707861 0.0517731 0.407793
0 0.669987 0.762473 0.0856194 0.365972
0 0.121495 0.698201 0.0538512 0.428502
0 0.986986 0.787981 0.0257129 0.35139
0 0.989989 0.471251 0.0200212 0.446771
0 0.98897 0.589448 0.022061 0.694352
0 0.0514266 0.748632 0.0783549 0.325266
