0 0.703045 0.496361 0.0893405 0.87513
0 0.401081 0.578283 0.0807549 0.69612
0 0.324475 0.527425 0.0766901 0.816605
0 0.623883 0.493695 0.0760029 0.872395
0 0.546413 0.520744 0.0791909 0.821145
0 0.163869 0.578636 0.0839342 0.734289
0 0.946033 0.504482 0.0903314 0.885656
0 0.861713 0.484125 0.0862549 0.895673
0 0.243247 0.49402 0.091179 0.868497
0 0.781875 0.494165 0.0747095 0.890534
0 0.47264 0.602867 0.0590781 0.667074
0 0.990688 0.790465 0.0186237 0.272724
0 0.045948 0.518608 0.091896 0.941197
0 0.473095 0.59716 0.0595025 0.680934
0 0.0450687 0.517524 0.0901375 0.921217
0 0.703045 0.496361 0.0893405 0.87513
0 0.401081 0.578283 0.0807549 0.69612
0 0.324475 0.527425 0.0766901 0.816605
0 0.623883 0.493695 0.0760029 0.872395
0 0.546413 0.520744 0.0791909 0.821145
0 0.163869 0.578636 0.0839342 0.734289
0 0.946033 0.504482 0.0903314 0.885656
0 0.861713 0.484125 0.0862549 0.895673
0 0.243247 0.49402 0.091179 0.868497
0 0.781875 0.494165 0.0747095 0.890534
0 0.47264 0.602867 0.0590781 0.667074
0 0.990688 0.790465 0.0186237 0.272724
0 0.045948 0.518608 0.091896 0.941197
0 0.473095 0.59716 0.0595025 0.680934
0 0.0450687 0.517524 0.0901375 0.921217
0 0.703045 0.496361 0.0893405 0.87513
0 0.401081 0.578283 0.0807549 0.69612
0 0.324475 0.527425 0.0766901 0.816605
0 0.623883 0.493695 0.0760029 0.872395
0 0.546413 0.520744 0.0791909 0.821145
0 0.163869 0.578636 0.0839342 0.734289
0 0.946033 0.504482 0.0903314 0.885656
0 0.861713 0.484125 0.0862549 0.895673
0 0.243247 0.49402 0.091179 0.868497
0 0.781875 0.494165 0.0747095 0.890534
0 0.47264 0.602867 0.0590781 0.667074
0 0.990688 0.790465 0.0186237 0.272724
0 0.045948 0.518608 0.091896 0.941197
0 0.473095 0.59716 0.0595025 0.680934
0 0.0450687 0.517524 0.0901375 0.921217
0 0.703281 0.484132 0.0931804 0.89915
0 0.47097 0.539724 0.0726093 0.785223
0 0.240324 0.502611 0.0990547 0.869931
0 0.399039 0.563628 0.0829858 0.715942
0 0.86461 0.473836 0.090298 0.920869
0 0.783144 0.472662 0.0899662 0.923136
0 0.0449716 0.498369 0.0898214 0.986319
0 0.624627 0.482655 0.0867331 0.895834
0 0.547141 0.484299 0.0855122 0.904329
0 0.323873 0.525658 0.0818411 0.81523
0 0.945327 0.476034 0.0913196 0.929743
0 0.15893 0.508476 0.093076 0.91211
0 0.703281 0.484132 0.0931804 0.89915
0 0.47097 0.539724 0.0726093 0.785223
0 0.240324 0.502611 0.0990547 0.869931
0 0.399039 0.563628 0.0829858 0.715942
0 0.86461 0.473836 0.090298 0.920869
0 0.783144 0.472662 0.0899662 0.923136
0 0.0449716 0.498369 0.0898214 0.986319
0 0.624627 0.482655 0.0867331 0.895834
0 0.547141 0.484299 0.0855122 0.904329
0 0.323873 0.525658 0.0818411 0.81523
0 0.945327 0.476034 0.0913196 0.929743
0 0.15893 0.508476 0.093076 0.91211
0 0.247961 0.798334 0.083234 0.253135
0 0.160241 0.524063 0.0925499 0.865342
0 0.990433 0.790263 0.0189877 0.26863
