0 0.118568 0.50426 0.104352 0.907801
0 0.467456 0.521655 0.080155 0.876279
0 0.292853 0.483021 0.0989468 0.966042
0 0.38248 0.511239 0.0850261 0.904831
0 0.0334393 0.693728 0.0668787 0.523855
0 0.205276 0.4855 0.0855007 0.948712
0 0.541122 0.624994 0.0675475 0.686447
0 0.965973 0.586768 0.0680542 0.597481
0 0.118568 0.50426 0.104352 0.907801
0 0.467456 0.521655 0.080155 0.876279
0 0.292853 0.483021 0.0989468 0.966042
0 0.38248 0.511239 0.0850261 0.904831
0 0.0334393 0.693728 0.0668787 0.523855
0 0.205276 0.4855 0.0855007 0.948712
0 0.541122 0.624994 0.0675475 0.686447
0 0.965973 0.586768 0.0680542 0.597481
0 0.118568 0.50426 0.104352 0.907801
0 0.467456 0.521655 0.080155 0.876279
0 0.292853 0.483021 0.0989468 0.966042
0 0.38248 0.511239 0.0850261 0.904831
0 0.0334393 0.693728 0.0668787 0.523855
0 0.205276 0.4855 0.0855007 0.948712
0 0.541122 0.624994 0.0675475 0.686447
0 0.965973 0.586768 0.0680542 0.597481
0 0.382003 0.535988 0.0774123 0.847326
0 0.117984 0.506554 0.100041 0.909868
0 0.204731 0.507805 0.0807302 0.907167
0 0.464943 0.531418 0.0757773 0.864364
0 0.0329679 0.611027 0.0657904 0.698335
0 0.293836 0.496169 0.0872035 0.933965
0 0.967564 0.616962 0.0648712 0.593625
0 0.895478 0.601258 0.0820278 0.548429
0 0.292909 0.489902 0.0882631 0.959694
0 0.579334 0.167501 0.109753 0.302453
0 0.540723 0.636969 0.0643075 0.671663
0 0.382003 0.535988 0.0774123 0.847326
0 0.117984 0.506554 0.100041 0.909868
0 0.204731 0.507805 0.0807302 0.907167
0 0.464943 0.531418 0.0757773 0.864364
0 0.0329679 0.611027 0.0657904 0.698335
0 0.293836 0.496169 0.0872035 0.933965
0 0.967564 0.616962 0.0648712 0.593625
0 0.895478 0.601258 0.0820278 0.548429
0 0.292909 0.489902 0.0882631 0.959694
0 0.579334 0.167501 0.109753 0.302453
0 0.540723 0.636969 0.0643075 0.671663
0 0.539622 0.63505 0.0661508 0.675583
