0 0.384967 0.62826 0.0525927 0.743481
0 0.434313 0.636635 0.0489546 0.726731
0 0.48261 0.63497 0.0515038 0.73006
0 0.532525 0.626833 0.0519265 0.746276
0 0.222875 0.595032 0.10109 0.79576
0 0.125383 0.535076 0.100796 0.88379
0 0.581287 0.605751 0.0518081 0.785443
0 0.036631 0.507116 0.0732619 0.980929
0 0.384967 0.62826 0.0525927 0.743481
0 0.434313 0.636635 0.0489546 0.726731
0 0.48261 0.63497 0.0515038 0.73006
0 0.532525 0.626833 0.0519265 0.746276
0 0.222875 0.595032 0.10109 0.79576
0 0.125383 0.535076 0.100796 0.88379
0 0.581287 0.605751 0.0518081 0.785443
0 0.036631 0.507116 0.0732619 0.980929
0 0.384967 0.62826 0.0525927 0.743481
0 0.434313 0.636635 0.0489546 0.726731
0 0.48261 0.63497 0.0515038 0.73006
0 0.532525 0.626833 0.0519265 0.746276
0 0.222875 0.595032 0.10109 0.79576
0 0.125383 0.535076 0.100796 0.88379
0 0.581287 0.605751 0.0518081 0.785443
0 0.036631 0.507116 0.0732619 0.980929
0 0.384822 0.627567 0.0525153 0.744865
0 0.531783 0.61368 0.0514858 0.755203
0 0.481747 0.619338 0.0509401 0.758587
0 0.434018 0.627659 0.0479648 0.744148
0 0.580773 0.55632 0.0522303 0.866633
0 0.125106 0.564866 0.0985136 0.864974
0 0.222385 0.609085 0.0983711 0.771575
0 0.292372 0.510405 0.0482678 0.959277
0 0.384822 0.627567 0.0525153 0.744865
0 0.531783 0.61368 0.0514858 0.755203
0 0.481747 0.619338 0.0509401 0.758587
0 0.434018 0.627659 0.0479648 0.744148
0 0.580773 0.55632 0.0522303 0.866633
0 0.125106 0.564866 0.0985136 0.864974
0 0.222385 0.609085 0.0983711 0.771575
0 0.292372 0.510405 0.0482678 0.959277
0 0.324202 0.509396 0.0661035 0.958442
0 0.0343542 0.509443 0.0687084 0.923777
0 0.332223 0.503963 0.0518491 0.947813
0 0.0340486 0.493507 0.0680972 0.9365
