0 0.0661685 0.705502 0.0669437 0.588995
0 0.265174 0.690591 0.0658332 0.616398
0 0.603629 0.538611 0.0721488 0.889261
0 0.465714 0.540681 0.0665273 0.878362
0 0.132664 0.698654 0.0668157 0.602691
0 0.0156912 0.705545 0.0313824 0.58891
0 0.534314 0.547559 0.0715177 0.892278
0 0.92855 0.689398 0.0672418 0.556258
0 0.666796 0.54655 0.0561035 0.881183
0 0.987747 0.682041 0.02439 0.589265
0 0.199793 0.693875 0.0673258 0.609841
0 0.334494 0.690628 0.0677802 0.618744
0 0.398659 0.684218 0.0630106 0.626462
0 0.399026 0.688923 0.0628173 0.615192
0 0.0661685 0.705502 0.0669437 0.588995
0 0.265174 0.690591 0.0658332 0.616398
0 0.603629 0.538611 0.0721488 0.889261
0 0.465714 0.540681 0.0665273 0.878362
0 0.132664 0.698654 0.0668157 0.602691
0 0.0156912 0.705545 0.0313824 0.58891
0 0.534314 0.547559 0.0715177 0.892278
0 0.92855 0.689398 0.0672418 0.556258
0 0.666796 0.54655 0.0561035 0.881183
0 0.987747 0.682041 0.02439 0.589265
0 0.199793 0.693875 0.0673258 0.609841
0 0.334494 0.690628 0.0677802 0.618744
0 0.398659 0.684218 0.0630106 0.626462
0 0.399026 0.688923 0.0628173 0.615192
0 0.0661685 0.705502 0.0669437 0.588995
0 0.265174 0.690591 0.0658332 0.616398
0 0.603629 0.538611 0.0721488 0.889261
0 0.465714 0.540681 0.0665273 0.878362
0 0.132664 0.698654 0.0668157 0.602691
0 0.0156912 0.705545 0.0313824 0.58891
0 0.534314 0.547559 0.0715177 0.892278
0 0.92855 0.689398 0.0672418 0.556258
0 0.666796 0.54655 0.0561035 0.881183
0 0.987747 0.682041 0.02439 0.589265
0 0.199793 0.693875 0.0673258 0.609841
0 0.334494 0.690628 0.0677802 0.618744
0 0.398659 0.684218 0.0630106 0.626462
0 0.399026 0.688923 0.0628173 0.615192
0 0.334096 0.696629 0.0663288 0.606093
0 0.132424 0.699352 0.0673786 0.601297
0 0.198685 0.697428 0.0642517 0.605143
0 0.26386 0.697508 0.06734 0.601846
0 0.603036 0.543289 0.0687021 0.89946
0 0.534564 0.545456 0.069101 0.882154
0 0.398547 0.692449 0.0628831 0.614423
0 0.465854 0.54275 0.0670191 0.877616
0 0.931475 0.689199 0.0661422 0.547363
0 0.850701 0.652738 0.0705408 0.620719
0 0.0162225 0.708054 0.032445 0.583382
0 0.0651137 0.70656 0.0674812 0.586881
0 0.0646933 0.706859 0.0689697 0.586282
0 0.670301 0.543386 0.0594917 0.876454
0 0.334096 0.696629 0.0663288 0.606093
0 0.132424 0.699352 0.0673786 0.601297
0 0.198685 0.697428 0.0642517 0.605143
0 0.26386 0.697508 0.06734 0.601846
0 0.603036 0.543289 0.0687021 0.89946
0 0.534564 0.545456 0.069101 0.882154
0 0.398547 0.692449 0.0628831 0.614423
0 0.465854 0.54275 0.0670191 0.877616
0 0.931475 0.689199 0.0661422 0.547363
0 0.850701 0.652738 0.0705408 0.620719
0 0.0162225 0.708054 0.032445 0.583382
0 0.0651137 0.70656 0.0674812 0.586881
0 0.0646933 0.706859 0.0689697 0.586282
0 0.670301 0.543386 0.0594917 0.876454
0 0.986701 0.678752 0.0265713 0.602972
0 0.739375 0.714712 0.0685365 0.498174
0 0.989034 0.799478 0.0219324 0.34721
