0 0.884255 0.578066 0.22856 0.809325
0 0.447711 0.518833 0.313924 0.910596
0 0.132067 0.530783 0.264134 0.644288
0 0.884255 0.578066 0.22856 0.809325
0 0.447711 0.518833 0.313924 0.910596
0 0.132067 0.530783 0.264134 0.644288
0 0.884255 0.578066 0.22856 0.809325
0 0.447711 0.518833 0.313924 0.910596
0 0.132067 0.530783 0.264134 0.644288
0 0.134578 0.479296 0.264537 0.753921
0 0.878004 0.513085 0.231246 0.953567
0 0.436824 0.499152 0.353317 0.888715
0 0.134578 0.479296 0.264537 0.753921
0 0.878004 0.513085 0.231246 0.953567
0 0.436824 0.499152 0.353317 0.888715
0 0.165105 0.923082 0.191781 0.153835
0 0.476112 0.919532 0.19153 0.160936
0 0.134578 0.479296 0.264537 0.753921
0 0.878004 0.513085 0.231246 0.953567
0 0.436824 0.499152 0.353317 0.888715
0 0.134578 0.479296 0.264537 0.753921
0 0.878004 0.513085 0.231246 0.953567
0 0.436824 0.499152 0.353317 0.888715
