0 0.149568 0.669207 0.202206 0.535645
0 0.377004 0.54073 0.245016 0.810519
0 0.614198 0.551154 0.232056 0.794065
0 0.843165 0.518573 0.235036 0.842598
0 0.149568 0.669207 0.202206 0.535645
0 0.377004 0.54073 0.245016 0.810519
0 0.614198 0.551154 0.232056 0.794065
0 0.843165 0.518573 0.235036 0.842598
0 0.149568 0.669207 0.202206 0.535645
0 0.377004 0.54073 0.245016 0.810519
0 0.614198 0.551154 0.232056 0.794065
0 0.843165 0.518573 0.235036 0.842598
0 0.377441 0.540163 0.23743 0.849266
0 0.845349 0.524911 0.222515 0.836659
0 0.150658 0.560116 0.212382 0.794627
0 0.622099 0.554131 0.236177 0.813773
0 0.377441 0.540163 0.23743 0.849266
0 0.845349 0.524911 0.222515 0.836659
0 0.150658 0.560116 0.212382 0.794627
0 0.622099 0.554131 0.236177 0.813773
0 0.377441 0.540163 0.23743 0.849266
0 0.845349 0.524911 0.222515 0.836659
0 0.150658 0.560116 0.212382 0.794627
0 0.622099 0.554131 0.236177 0.813773
0 0.377441 0.540163 0.23743 0.849266
0 0.845349 0.524911 0.222515 0.836659
0 0.150658 0.560116 0.212382 0.794627
0 0.622099 0.554131 0.236177 0.813773
