0 0.283233 0.408733 0.139638 0.817466
0 0.770449 0.44038 0.0906563 0.861722
0 0.145591 0.409906 0.121367 0.819811
0 0.661615 0.439021 0.0715309 0.806433
0 0.0399349 0.399771 0.0775463 0.793922
0 0.472834 0.412327 0.0654204 0.789335
0 0.848375 0.428392 0.0571644 0.829929
0 0.55477 0.421711 0.0882888 0.814844
0 0.283233 0.408733 0.139638 0.817466
0 0.770449 0.44038 0.0906563 0.861722
0 0.145591 0.409906 0.121367 0.819811
0 0.661615 0.439021 0.0715309 0.806433
0 0.0399349 0.399771 0.0775463 0.793922
0 0.472834 0.412327 0.0654204 0.789335
0 0.848375 0.428392 0.0571644 0.829929
0 0.55477 0.421711 0.0882888 0.814844
0 0.283233 0.408733 0.139638 0.817466
0 0.770449 0.44038 0.0906563 0.861722
0 0.145591 0.409906 0.121367 0.819811
0 0.661615 0.439021 0.0715309 0.806433
0 0.0399349 0.399771 0.0775463 0.793922
0 0.472834 0.412327 0.0654204 0.789335
0 0.848375 0.428392 0.0571644 0.829929
0 0.55477 0.421711 0.0882888 0.814844
0 0.283713 0.416641 0.138734 0.833281
0 0.145601 0.41879 0.123375 0.83758
0 0.0402259 0.393954 0.079934 0.787909
0 0.660683 0.432375 0.0796361 0.86475
0 0.398168 0.421751 0.0720909 0.843502
0 0.769232 0.435434 0.0904204 0.870867
0 0.552756 0.429808 0.0837328 0.859617
0 0.474411 0.418358 0.0674055 0.836716
0 0.854254 0.434554 0.0722668 0.869107
0 0.283713 0.416641 0.138734 0.833281
0 0.145601 0.41879 0.123375 0.83758
0 0.0402259 0.393954 0.079934 0.787909
0 0.660683 0.432375 0.0796361 0.86475
0 0.398168 0.421751 0.0720909 0.843502
0 0.769232 0.435434 0.0904204 0.870867
0 0.552756 0.429808 0.0837328 0.859617
0 0.474411 0.418358 0.0674055 0.836716
0 0.854254 0.434554 0.0722668 0.869107
0 0.992738 0.42762 0.0145241 0.85524
0 0.283713 0.416641 0.138734 0.833281
0 0.145601 0.41879 0.123375 0.83758
0 0.0402259 0.393954 0.079934 0.787909
0 0.660683 0.432375 0.0796361 0.86475
0 0.398168 0.421751 0.0720909 0.843502
0 0.769232 0.435434 0.0904204 0.870867
0 0.552756 0.429808 0.0837328 0.859617
0 0.474411 0.418358 0.0674055 0.836716
0 0.854254 0.434554 0.0722668 0.869107
