0 0.315617 0.555405 0.0915359 0.658543
0 0.0554147 0.62696 0.100764 0.693155
0 0.469674 0.493221 0.0739419 0.635182
0 0.55011 0.471729 0.0981707 0.606954
0 0.396811 0.516892 0.0885165 0.612127
0 0.147059 0.606324 0.0945057 0.665095
0 0.232211 0.590374 0.0874725 0.673855
0 0.704746 0.41789 0.0847375 0.603588
0 0.632527 0.448277 0.0840317 0.590263
0 0.779275 0.372507 0.0794252 0.606711
0 0.561106 0.881569 0.0795355 0.227668
0 0.315617 0.555405 0.0915359 0.658543
0 0.0554147 0.62696 0.100764 0.693155
0 0.469674 0.493221 0.0739419 0.635182
0 0.55011 0.471729 0.0981707 0.606954
0 0.396811 0.516892 0.0885165 0.612127
0 0.147059 0.606324 0.0945057 0.665095
0 0.232211 0.590374 0.0874725 0.673855
0 0.704746 0.41789 0.0847375 0.603588
0 0.632527 0.448277 0.0840317 0.590263
0 0.779275 0.372507 0.0794252 0.606711
0 0.561106 0.881569 0.0795355 0.227668
0 0.315617 0.555405 0.0915359 0.658543
0 0.0554147 0.62696 0.100764 0.693155
0 0.469674 0.493221 0.0739419 0.635182
0 0.55011 0.471729 0.0981707 0.606954
0 0.396811 0.516892 0.0885165 0.612127
0 0.147059 0.606324 0.0945057 0.665095
0 0.232211 0.590374 0.0874725 0.673855
0 0.704746 0.41789 0.0847375 0.603588
0 0.632527 0.448277 0.0840317 0.590263
0 0.779275 0.372507 0.0794252 0.606711
0 0.561106 0.881569 0.0795355 0.227668
0 0.0554272 0.637966 0.0949545 0.673897
0 0.470859 0.484615 0.0703917 0.617046
0 0.398527 0.515208 0.0796468 0.590242
0 0.232846 0.591006 0.0830724 0.654467
0 0.147216 0.603682 0.0929121 0.646098
0 0.551461 0.464323 0.091739 0.587265
0 0.315287 0.559221 0.0851983 0.636579
0 0.706932 0.410247 0.0733345 0.559509
0 0.634146 0.436341 0.0790946 0.575052
0 0.773262 0.389171 0.0636463 0.515088
0 0.82823 0.36212 0.0586024 0.501472
0 0.943098 0.33572 0.0450158 0.477573
0 0.0554272 0.637966 0.0949545 0.673897
0 0.470859 0.484615 0.0703917 0.617046
0 0.398527 0.515208 0.0796468 0.590242
0 0.232846 0.591006 0.0830724 0.654467
0 0.147216 0.603682 0.0929121 0.646098
0 0.551461 0.464323 0.091739 0.587265
0 0.315287 0.559221 0.0851983 0.636579
0 0.706932 0.410247 0.0733345 0.559509
0 0.634146 0.436341 0.0790946 0.575052
0 0.773262 0.389171 0.0636463 0.515088
0 0.82823 0.36212 0.0586024 0.501472
0 0.943098 0.33572 0.0450158 0.477573
0 0.894719 0.356306 0.0864498 0.465573
0 0.561846 0.890029 0.0762606 0.211064
0 0.906486 0.349881 0.108785 0.470589
0 0.0554272 0.637966 0.0949545 0.673897
0 0.470859 0.484615 0.0703917 0.617046
0 0.398527 0.515208 0.0796468 0.590242
0 0.232846 0.591006 0.0830724 0.654467
0 0.147216 0.603682 0.0929121 0.646098
0 0.551461 0.464323 0.091739 0.587265
0 0.315287 0.559221 0.0851983 0.636579
0 0.706932 0.410247 0.0733345 0.559509
0 0.634146 0.436341 0.0790946 0.575052
0 0.773262 0.389171 0.0636463 0.515088
0 0.82823 0.36212 0.0586024 0.501472
0 0.943098 0.33572 0.0450158 0.477573
0 0.0554272 0.637966 0.0949545 0.673897
0 0.470859 0.484615 0.0703917 0.617046
0 0.398527 0.515208 0.0796468 0.590242
0 0.232846 0.591006 0.0830724 0.654467
0 0.147216 0.603682 0.0929121 0.646098
0 0.551461 0.464323 0.091739 0.587265
0 0.315287 0.559221 0.0851983 0.636579
0 0.706932 0.410247 0.0733345 0.559509
0 0.634146 0.436341 0.0790946 0.575052
0 0.773262 0.389171 0.0636463 0.515088
0 0.82823 0.36212 0.0586024 0.501472
0 0.943098 0.33572 0.0450158 0.477573
