0 0.598637 0.626355 0.417478 0.641609
0 0.28811 0.518598 0.320379 0.433204
0 0.598637 0.626355 0.417478 0.641609
0 0.28811 0.518598 0.320379 0.433204
0 0.598637 0.626355 0.417478 0.641609
0 0.28811 0.518598 0.320379 0.433204
0 0.590114 0.624977 0.387594 0.629274
0 0.244817 0.628767 0.356145 0.649006
0 0.254127 0.54559 0.352115 0.483813
0 0.590114 0.624977 0.387594 0.629274
0 0.244817 0.628767 0.356145 0.649006
0 0.254127 0.54559 0.352115 0.483813
0 0.623379 0.558518 0.31969 0.472667
0 0.348537 0.982019 0.256064 0.0359627
0 0.590114 0.624977 0.387594 0.629274
0 0.244817 0.628767 0.356145 0.649006
0 0.254127 0.54559 0.352115 0.483813
