0 0.798605 0.413586 0.394367 0.820937
0 0.398735 0.420256 0.547226 0.797795
0 0.798605 0.413586 0.394367 0.820937
0 0.398735 0.420256 0.547226 0.797795
0 0.798605 0.413586 0.394367 0.820937
0 0.398735 0.420256 0.547226 0.797795
0 0.416024 0.421004 0.564373 0.842008
0 0.111061 0.373503 0.221694 0.743916
0 0.808211 0.40482 0.383577 0.80964
0 0.416024 0.421004 0.564373 0.842008
0 0.111061 0.373503 0.221694 0.743916
0 0.808211 0.40482 0.383577 0.80964
0 0.367064 0.703815 0.502065 0.465557
0 0.416024 0.421004 0.564373 0.842008
0 0.111061 0.373503 0.221694 0.743916
0 0.808211 0.40482 0.383577 0.80964
0 0.416024 0.421004 0.564373 0.842008
0 0.111061 0.373503 0.221694 0.743916
0 0.808211 0.40482 0.383577 0.80964
