0 0.870035 0.499546 0.257583 0.850895
0 0.199156 0.468065 0.373031 0.875024
0 0.551851 0.52227 0.364515 0.916568
0 0.870035 0.499546 0.257583 0.850895
0 0.199156 0.468065 0.373031 0.875024
0 0.551851 0.52227 0.364515 0.916568
0 0.870035 0.499546 0.257583 0.850895
0 0.199156 0.468065 0.373031 0.875024
0 0.551851 0.52227 0.364515 0.916568
0 0.864633 0.505824 0.270328 0.847429
0 0.202836 0.463268 0.395941 0.908476
0 0.553843 0.52955 0.370358 0.913991
0 0.864633 0.505824 0.270328 0.847429
0 0.202836 0.463268 0.395941 0.908476
0 0.553843 0.52955 0.370358 0.913991
0 0.864633 0.505824 0.270328 0.847429
0 0.202836 0.463268 0.395941 0.908476
0 0.553843 0.52955 0.370358 0.913991
0 0.864633 0.505824 0.270328 0.847429
0 0.202836 0.463268 0.395941 0.908476
0 0.553843 0.52955 0.370358 0.913991
