0 0.177087 0.614566 0.0821418 0.74088
0 0.251301 0.609347 0.0804478 0.747651
0 0.100904 0.618499 0.0859494 0.734442
0 0.398403 0.601838 0.0809623 0.768209
0 0.324253 0.605831 0.0789151 0.752358
0 0.627701 0.5832 0.0810497 0.779016
0 0.474571 0.593925 0.0794856 0.772417
0 0.706332 0.58 0.0819993 0.7887
0 0.952848 0.557484 0.0899601 0.789956
0 0.786205 0.576342 0.0831331 0.789872
0 0.868404 0.567206 0.0885429 0.78828
0 0.550195 0.587721 0.0785538 0.779875
0 0.0348214 0.623557 0.0696428 0.730253
0 0.0348996 0.620502 0.0697993 0.727394
0 0.177087 0.614566 0.0821418 0.74088
0 0.251301 0.609347 0.0804478 0.747651
0 0.100904 0.618499 0.0859494 0.734442
0 0.398403 0.601838 0.0809623 0.768209
0 0.324253 0.605831 0.0789151 0.752358
0 0.627701 0.5832 0.0810497 0.779016
0 0.474571 0.593925 0.0794856 0.772417
0 0.706332 0.58 0.0819993 0.7887
0 0.952848 0.557484 0.0899601 0.789956
0 0.786205 0.576342 0.0831331 0.789872
0 0.868404 0.567206 0.0885429 0.78828
0 0.550195 0.587721 0.0785538 0.779875
0 0.0348214 0.623557 0.0696428 0.730253
0 0.0348996 0.620502 0.0697993 0.727394
0 0.177087 0.614566 0.0821418 0.74088
0 0.251301 0.609347 0.0804478 0.747651
0 0.100904 0.618499 0.0859494 0.734442
0 0.398403 0.601838 0.0809623 0.768209
0 0.324253 0.605831 0.0789151 0.752358
0 0.627701 0.5832 0.0810497 0.779016
0 0.474571 0.593925 0.0794856 0.772417
0 0.706332 0.58 0.0819993 0.7887
0 0.952848 0.557484 0.0899601 0.789956
0 0.786205 0.576342 0.0831331 0.789872
0 0.868404 0.567206 0.0885429 0.78828
0 0.550195 0.587721 0.0785538 0.779875
0 0.0348214 0.623557 0.0696428 0.730253
0 0.0348996 0.620502 0.0697993 0.727394
0 0.627771 0.584579 0.0824674 0.771527
0 0.551325 0.58751 0.0787083 0.771922
0 0.324791 0.60785 0.0784752 0.755139
0 0.868969 0.567448 0.0902466 0.784306
0 0.101077 0.619704 0.0847734 0.724094
0 0.706023 0.578952 0.0830176 0.778983
0 0.251666 0.609188 0.0800062 0.744079
0 0.176881 0.614833 0.0808779 0.73996
0 0.0341542 0.620566 0.0679668 0.727521
0 0.953787 0.558207 0.0913187 0.77626
0 0.475553 0.591943 0.0805158 0.763029
0 0.398652 0.599184 0.0804162 0.750926
0 0.786086 0.573249 0.0852817 0.778196
0 0.627771 0.584579 0.0824674 0.771527
0 0.551325 0.58751 0.0787083 0.771922
0 0.324791 0.60785 0.0784752 0.755139
0 0.868969 0.567448 0.0902466 0.784306
0 0.101077 0.619704 0.0847734 0.724094
0 0.706023 0.578952 0.0830176 0.778983
0 0.251666 0.609188 0.0800062 0.744079
0 0.176881 0.614833 0.0808779 0.73996
0 0.0341542 0.620566 0.0679668 0.727521
0 0.953787 0.558207 0.0913187 0.77626
0 0.475553 0.591943 0.0805158 0.763029
0 0.398652 0.599184 0.0804162 0.750926
0 0.786086 0.573249 0.0852817 0.778196
0 0.786059 0.575262 0.0853843 0.775711
0 0.627771 0.584579 0.0824674 0.771527
0 0.551325 0.58751 0.0787083 0.771922
0 0.324791 0.60785 0.0784752 0.755139
0 0.868969 0.567448 0.0902466 0.784306
0 0.101077 0.619704 0.0847734 0.724094
0 0.706023 0.578952 0.0830176 0.778983
0 0.251666 0.609188 0.0800062 0.744079
0 0.176881 0.614833 0.0808779 0.73996
0 0.0341542 0.620566 0.0679668 0.727521
0 0.953787 0.558207 0.0913187 0.77626
0 0.475553 0.591943 0.0805158 0.763029
0 0.398652 0.599184 0.0804162 0.750926
0 0.786086 0.573249 0.0852817 0.778196
0 0.627771 0.584579 0.0824674 0.771527
0 0.551325 0.58751 0.0787083 0.771922
0 0.324791 0.60785 0.0784752 0.755139
0 0.868969 0.567448 0.0902466 0.784306
0 0.101077 0.619704 0.0847734 0.724094
0 0.706023 0.578952 0.0830176 0.778983
0 0.251666 0.609188 0.0800062 0.744079
0 0.176881 0.614833 0.0808779 0.73996
0 0.0341542 0.620566 0.0679668 0.727521
0 0.953787 0.558207 0.0913187 0.77626
0 0.475553 0.591943 0.0805158 0.763029
0 0.398652 0.599184 0.0804162 0.750926
0 0.786086 0.573249 0.0852817 0.778196
