0 0.522546 0.449024 0.174313 0.716984
0 0.790653 0.364055 0.150881 0.662004
0 0.384979 0.513131 0.15872 0.652411
0 0.659285 0.407724 0.149398 0.670062
0 0.133445 0.542557 0.145005 0.549949
0 0.249769 0.53011 0.15756 0.591057
0 0.654553 0.351258 0.144017 0.556404
0 0.912341 0.306111 0.145874 0.607774
0 0.380319 0.467628 0.155109 0.547995
0 0.247295 0.513732 0.155684 0.553183
0 0.522546 0.449024 0.174313 0.716984
0 0.790653 0.364055 0.150881 0.662004
0 0.384979 0.513131 0.15872 0.652411
0 0.659285 0.407724 0.149398 0.670062
0 0.133445 0.542557 0.145005 0.549949
0 0.249769 0.53011 0.15756 0.591057
0 0.654553 0.351258 0.144017 0.556404
0 0.912341 0.306111 0.145874 0.607774
0 0.380319 0.467628 0.155109 0.547995
0 0.247295 0.513732 0.155684 0.553183
0 0.522546 0.449024 0.174313 0.716984
0 0.790653 0.364055 0.150881 0.662004
0 0.384979 0.513131 0.15872 0.652411
0 0.659285 0.407724 0.149398 0.670062
0 0.133445 0.542557 0.145005 0.549949
0 0.249769 0.53011 0.15756 0.591057
0 0.654553 0.351258 0.144017 0.556404
0 0.912341 0.306111 0.145874 0.607774
0 0.380319 0.467628 0.155109 0.547995
0 0.247295 0.513732 0.155684 0.553183
0 0.658507 0.431257 0.146537 0.663532
0 0.523331 0.473838 0.160678 0.678979
0 0.789096 0.367105 0.152378 0.666863
0 0.387861 0.532504 0.156034 0.643717
0 0.912017 0.328459 0.151237 0.656918
0 0.25309 0.561365 0.160546 0.606256
0 0.140209 0.554197 0.140707 0.5267
0 0.658507 0.431257 0.146537 0.663532
0 0.523331 0.473838 0.160678 0.678979
0 0.789096 0.367105 0.152378 0.666863
0 0.387861 0.532504 0.156034 0.643717
0 0.912017 0.328459 0.151237 0.656918
0 0.25309 0.561365 0.160546 0.606256
0 0.140209 0.554197 0.140707 0.5267
0 0.0375197 0.633113 0.0750395 0.596446
0 0.0441721 0.0595616 0.0881122 0.119123
0 0.24689 0.522384 0.154461 0.526005
0 0.658507 0.431257 0.146537 0.663532
0 0.523331 0.473838 0.160678 0.678979
0 0.789096 0.367105 0.152378 0.666863
0 0.387861 0.532504 0.156034 0.643717
0 0.912017 0.328459 0.151237 0.656918
0 0.25309 0.561365 0.160546 0.606256
0 0.140209 0.554197 0.140707 0.5267
