0 0.706753 0.781073 0.50294 0.397488
0 0.708238 0.431926 0.478656 0.334263
0 0.217685 0.785523 0.417943 0.401859
0 0.235507 0.362639 0.451052 0.494881
0 0.235243 0.359665 0.456643 0.499547
0 0.706753 0.781073 0.50294 0.397488
0 0.708238 0.431926 0.478656 0.334263
0 0.217685 0.785523 0.417943 0.401859
0 0.235507 0.362639 0.451052 0.494881
0 0.235243 0.359665 0.456643 0.499547
0 0.706753 0.781073 0.50294 0.397488
0 0.708238 0.431926 0.478656 0.334263
0 0.217685 0.785523 0.417943 0.401859
0 0.235507 0.362639 0.451052 0.494881
0 0.235243 0.359665 0.456643 0.499547
0 0.707088 0.435288 0.452798 0.351189
0 0.716598 0.771425 0.509516 0.389883
0 0.707088 0.435288 0.452798 0.351189
0 0.716598 0.771425 0.509516 0.389883
0 0.227607 0.332479 0.441287 0.435378
0 0.217159 0.696275 0.39892 0.2584
0 0.707088 0.435288 0.452798 0.351189
0 0.716598 0.771425 0.509516 0.389883
0 0.707088 0.435288 0.452798 0.351189
0 0.716598 0.771425 0.509516 0.389883
