0 0.601627 0.52401 0.168955 0.837432
0 0.761808 0.516171 0.156624 0.851724
0 0.428724 0.536453 0.17307 0.826318
0 0.26029 0.415231 0.165547 0.657427
0 0.0932347 0.5203 0.171861 0.866261
0 0.094526 0.517767 0.164066 0.871741
0 0.259535 0.527703 0.168768 0.859713
0 0.601627 0.52401 0.168955 0.837432
0 0.761808 0.516171 0.156624 0.851724
0 0.428724 0.536453 0.17307 0.826318
0 0.26029 0.415231 0.165547 0.657427
0 0.0932347 0.5203 0.171861 0.866261
0 0.094526 0.517767 0.164066 0.871741
0 0.259535 0.527703 0.168768 0.859713
0 0.601627 0.52401 0.168955 0.837432
0 0.761808 0.516171 0.156624 0.851724
0 0.428724 0.536453 0.17307 0.826318
0 0.26029 0.415231 0.165547 0.657427
0 0.0932347 0.5203 0.171861 0.866261
0 0.094526 0.517767 0.164066 0.871741
0 0.259535 0.527703 0.168768 0.859713
0 0.262107 0.288913 0.155262 0.368188
0 0.602609 0.538932 0.16992 0.834917
0 0.260247 0.84998 0.139143 0.219485
0 0.429188 0.554736 0.166184 0.819702
0 0.920545 0.326999 0.15623 0.365599
0 0.100322 0.293498 0.14976 0.358498
0 0.429547 0.721325 0.162648 0.475271
0 0.257128 0.604223 0.154884 0.244625
0 0.765544 0.293563 0.148148 0.365701
0 0.600363 0.71225 0.167037 0.470738
0 0.760863 0.831058 0.146061 0.23227
0 0.0960452 0.716788 0.147133 0.476531
0 0.917986 0.640098 0.152879 0.265418
0 0.761169 0.590883 0.143898 0.255786
0 0.262107 0.288913 0.155262 0.368188
0 0.602609 0.538932 0.16992 0.834917
0 0.260247 0.84998 0.139143 0.219485
0 0.429188 0.554736 0.166184 0.819702
0 0.920545 0.326999 0.15623 0.365599
0 0.100322 0.293498 0.14976 0.358498
0 0.429547 0.721325 0.162648 0.475271
0 0.257128 0.604223 0.154884 0.244625
0 0.765544 0.293563 0.148148 0.365701
0 0.600363 0.71225 0.167037 0.470738
0 0.760863 0.831058 0.146061 0.23227
0 0.0960452 0.716788 0.147133 0.476531
0 0.917986 0.640098 0.152879 0.265418
0 0.761169 0.590883 0.143898 0.255786
0 0.0118638 0.539716 0.0237276 0.835404
0 0.607682 0.311194 0.154321 0.370207
0 0.00913 0.576495 0.0180449 0.783648
0 0.262107 0.288913 0.155262 0.368188
0 0.602609 0.538932 0.16992 0.834917
0 0.260247 0.84998 0.139143 0.219485
0 0.429188 0.554736 0.166184 0.819702
0 0.920545 0.326999 0.15623 0.365599
0 0.100322 0.293498 0.14976 0.358498
0 0.429547 0.721325 0.162648 0.475271
0 0.257128 0.604223 0.154884 0.244625
0 0.765544 0.293563 0.148148 0.365701
0 0.600363 0.71225 0.167037 0.470738
0 0.760863 0.831058 0.146061 0.23227
0 0.0960452 0.716788 0.147133 0.476531
0 0.917986 0.640098 0.152879 0.265418
0 0.761169 0.590883 0.143898 0.255786
0 0.262107 0.288913 0.155262 0.368188
0 0.602609 0.538932 0.16992 0.834917
0 0.260247 0.84998 0.139143 0.219485
0 0.429188 0.554736 0.166184 0.819702
0 0.920545 0.326999 0.15623 0.365599
0 0.100322 0.293498 0.14976 0.358498
0 0.429547 0.721325 0.162648 0.475271
0 0.257128 0.604223 0.154884 0.244625
0 0.765544 0.293563 0.148148 0.365701
0 0.600363 0.71225 0.167037 0.470738
0 0.760863 0.831058 0.146061 0.23227
0 0.0960452 0.716788 0.147133 0.476531
0 0.917986 0.640098 0.152879 0.265418
0 0.761169 0.590883 0.143898 0.255786
