0 0.654046 0.300727 0.498302 0.560023
0 0.394704 0.783961 0.767944 0.427098
0 0.275608 0.342199 0.551215 0.523254
0 0.654046 0.300727 0.498302 0.560023
0 0.394704 0.783961 0.767944 0.427098
0 0.275608 0.342199 0.551215 0.523254
0 0.654046 0.300727 0.498302 0.560023
0 0.394704 0.783961 0.767944 0.427098
0 0.275608 0.342199 0.551215 0.523254
0 0.649733 0.290717 0.49951 0.561967
0 0.296735 0.789736 0.522911 0.420528
0 0.368533 0.331194 0.401197 0.490669
0 0.439655 0.777915 0.825736 0.444169
0 0.649733 0.290717 0.49951 0.561967
0 0.296735 0.789736 0.522911 0.420528
0 0.368533 0.331194 0.401197 0.490669
0 0.439655 0.777915 0.825736 0.444169
0 0.524232 0.301592 0.851186 0.583597
0 0.649733 0.290717 0.49951 0.561967
0 0.296735 0.789736 0.522911 0.420528
0 0.368533 0.331194 0.401197 0.490669
0 0.439655 0.777915 0.825736 0.444169
0 0.649733 0.290717 0.49951 0.561967
0 0.296735 0.789736 0.522911 0.420528
0 0.368533 0.331194 0.401197 0.490669
0 0.439655 0.777915 0.825736 0.444169
