0 0.302414 0.536859 0.604828 0.85027
0 0.771574 0.346409 0.456853 0.523148
0 0.304476 0.540537 0.608952 0.880245
0 0.302414 0.536859 0.604828 0.85027
0 0.771574 0.346409 0.456853 0.523148
0 0.304476 0.540537 0.608952 0.880245
0 0.302414 0.536859 0.604828 0.85027
0 0.771574 0.346409 0.456853 0.523148
0 0.304476 0.540537 0.608952 0.880245
0 0.294602 0.513711 0.586322 0.838953
0 0.294602 0.513711 0.586322 0.838953
0 0.775052 0.358079 0.447667 0.522801
0 0.742398 0.700163 0.515204 0.431827
0 0.294602 0.513711 0.586322 0.838953
0 0.294602 0.513711 0.586322 0.838953
