0 0.260668 0.537128 0.22338 0.925744
0 0.466162 0.533435 0.231767 0.931693
0 0.0863642 0.525943 0.172728 0.948114
0 0.881115 0.518566 0.230425 0.962868
0 0.671203 0.520205 0.225055 0.94784
0 0.260668 0.537128 0.22338 0.925744
0 0.466162 0.533435 0.231767 0.931693
0 0.0863642 0.525943 0.172728 0.948114
0 0.881115 0.518566 0.230425 0.962868
0 0.671203 0.520205 0.225055 0.94784
0 0.260668 0.537128 0.22338 0.925744
0 0.466162 0.533435 0.231767 0.931693
0 0.0863642 0.525943 0.172728 0.948114
0 0.881115 0.518566 0.230425 0.962868
0 0.671203 0.520205 0.225055 0.94784
0 0.885787 0.51061 0.226181 0.967173
0 0.469677 0.516104 0.222521 0.945248
0 0.674576 0.523252 0.215862 0.921051
0 0.262156 0.578957 0.207737 0.805897
0 0.0840699 0.582473 0.161222 0.786955
0 0.885787 0.51061 0.226181 0.967173
0 0.469677 0.516104 0.222521 0.945248
0 0.674576 0.523252 0.215862 0.921051
0 0.262156 0.578957 0.207737 0.805897
0 0.0840699 0.582473 0.161222 0.786955
0 0.308517 0.58863 0.118463 0.769619
0 0.885787 0.51061 0.226181 0.967173
0 0.469677 0.516104 0.222521 0.945248
0 0.674576 0.523252 0.215862 0.921051
0 0.262156 0.578957 0.207737 0.805897
0 0.0840699 0.582473 0.161222 0.786955
