0 0.44591 0.628632 0.256366 0.64188
0 0.227605 0.55183 0.187487 0.847555
0 0.0783749 0.533585 0.15675 0.888646
0 0.879725 0.576228 0.197669 0.620543
0 0.658857 0.479264 0.273072 0.894011
0 0.44591 0.628632 0.256366 0.64188
0 0.227605 0.55183 0.187487 0.847555
0 0.0783749 0.533585 0.15675 0.888646
0 0.879725 0.576228 0.197669 0.620543
0 0.658857 0.479264 0.273072 0.894011
0 0.44591 0.628632 0.256366 0.64188
0 0.227605 0.55183 0.187487 0.847555
0 0.0783749 0.533585 0.15675 0.888646
0 0.879725 0.576228 0.197669 0.620543
0 0.658857 0.479264 0.273072 0.894011
0 0.443485 0.63171 0.251917 0.643542
0 0.22599 0.604626 0.174239 0.723094
0 0.873635 0.600519 0.200895 0.585552
0 0.076937 0.605123 0.148748 0.742518
0 0.670575 0.575504 0.225024 0.68391
0 0.443485 0.63171 0.251917 0.643542
0 0.22599 0.604626 0.174239 0.723094
0 0.873635 0.600519 0.200895 0.585552
0 0.076937 0.605123 0.148748 0.742518
0 0.670575 0.575504 0.225024 0.68391
0 0.443485 0.63171 0.251917 0.643542
0 0.22599 0.604626 0.174239 0.723094
0 0.873635 0.600519 0.200895 0.585552
0 0.076937 0.605123 0.148748 0.742518
0 0.670575 0.575504 0.225024 0.68391
0 0.443485 0.63171 0.251917 0.643542
0 0.22599 0.604626 0.174239 0.723094
0 0.873635 0.600519 0.200895 0.585552
0 0.076937 0.605123 0.148748 0.742518
0 0.670575 0.575504 0.225024 0.68391
