0 0.231441 0.486911 0.462881 0.923564
0 0.716788 0.678037 0.417923 0.630947
0 0.665589 0.538909 0.55408 0.897482
0 0.231441 0.486911 0.462881 0.923564
0 0.716788 0.678037 0.417923 0.630947
0 0.665589 0.538909 0.55408 0.897482
0 0.231441 0.486911 0.462881 0.923564
0 0.716788 0.678037 0.417923 0.630947
0 0.665589 0.538909 0.55408 0.897482
0 0.231207 0.505038 0.258755 0.956412
0 0.685284 0.547513 0.489119 0.904974
0 0.231207 0.505038 0.258755 0.956412
0 0.685284 0.547513 0.489119 0.904974
0 0.231207 0.505038 0.258755 0.956412
0 0.685284 0.547513 0.489119 0.904974
0 0.231207 0.505038 0.258755 0.956412
0 0.685284 0.547513 0.489119 0.904974
