0 0.870198 0.678211 0.192993 0.601093
0 0.393151 0.596238 0.115927 0.602398
0 0.17798 0.536527 0.339296 0.821716
0 0.72416 0.66159 0.116419 0.65049
0 0.61633 0.645108 0.117991 0.681971
0 0.724399 0.65722 0.118192 0.645289
0 0.506579 0.631433 0.120097 0.672466
0 0.506307 0.632057 0.117134 0.666484
0 0.870198 0.678211 0.192993 0.601093
0 0.393151 0.596238 0.115927 0.602398
0 0.17798 0.536527 0.339296 0.821716
0 0.72416 0.66159 0.116419 0.65049
0 0.61633 0.645108 0.117991 0.681971
0 0.724399 0.65722 0.118192 0.645289
0 0.506579 0.631433 0.120097 0.672466
0 0.506307 0.632057 0.117134 0.666484
0 0.870198 0.678211 0.192993 0.601093
0 0.393151 0.596238 0.115927 0.602398
0 0.17798 0.536527 0.339296 0.821716
0 0.72416 0.66159 0.116419 0.65049
0 0.61633 0.645108 0.117991 0.681971
0 0.724399 0.65722 0.118192 0.645289
0 0.506579 0.631433 0.120097 0.672466
0 0.506307 0.632057 0.117134 0.666484
0 0.615718 0.668577 0.114064 0.62621
0 0.393792 0.623633 0.115067 0.563422
0 0.876471 0.567384 0.195372 0.837436
0 0.504924 0.656043 0.114268 0.609354
0 0.723291 0.67354 0.111304 0.615275
0 0.180579 0.575996 0.32157 0.705238
0 0.615718 0.668577 0.114064 0.62621
0 0.393792 0.623633 0.115067 0.563422
0 0.876471 0.567384 0.195372 0.837436
0 0.504924 0.656043 0.114268 0.609354
0 0.723291 0.67354 0.111304 0.615275
0 0.180579 0.575996 0.32157 0.705238
0 0.724514 0.673146 0.115061 0.625006
0 0.615718 0.668577 0.114064 0.62621
0 0.393792 0.623633 0.115067 0.563422
0 0.876471 0.567384 0.195372 0.837436
0 0.504924 0.656043 0.114268 0.609354
0 0.723291 0.67354 0.111304 0.615275
0 0.180579 0.575996 0.32157 0.705238
0 0.615718 0.668577 0.114064 0.62621
0 0.393792 0.623633 0.115067 0.563422
0 0.876471 0.567384 0.195372 0.837436
0 0.504924 0.656043 0.114268 0.609354
0 0.723291 0.67354 0.111304 0.615275
0 0.180579 0.575996 0.32157 0.705238
