0 0.121005 0.589849 0.178931 0.301858
0 0.832132 0.499881 0.231973 0.400925
0 0.534614 0.576274 0.134143 0.264371
0 0.39683 0.582181 0.133639 0.265251
0 0.394631 0.383949 0.140118 0.681073
0 0.657201 0.409451 0.130432 0.598123
0 0.528685 0.376691 0.143829 0.677289
0 0.270633 0.468032 0.112587 0.482426
0 0.522424 0.239234 0.134958 0.405929
0 0.649063 0.258321 0.120116 0.260741
0 0.121005 0.589849 0.178931 0.301858
0 0.832132 0.499881 0.231973 0.400925
0 0.534614 0.576274 0.134143 0.264371
0 0.39683 0.582181 0.133639 0.265251
0 0.394631 0.383949 0.140118 0.681073
0 0.657201 0.409451 0.130432 0.598123
0 0.528685 0.376691 0.143829 0.677289
0 0.270633 0.468032 0.112587 0.482426
0 0.522424 0.239234 0.134958 0.405929
0 0.649063 0.258321 0.120116 0.260741
0 0.121005 0.589849 0.178931 0.301858
0 0.832132 0.499881 0.231973 0.400925
0 0.534614 0.576274 0.134143 0.264371
0 0.39683 0.582181 0.133639 0.265251
0 0.394631 0.383949 0.140118 0.681073
0 0.657201 0.409451 0.130432 0.598123
0 0.528685 0.376691 0.143829 0.677289
0 0.270633 0.468032 0.112587 0.482426
0 0.522424 0.239234 0.134958 0.405929
0 0.649063 0.258321 0.120116 0.260741
0 0.120002 0.590607 0.171792 0.295509
0 0.831937 0.504357 0.226051 0.384133
0 0.272848 0.483507 0.108912 0.457542
0 0.65788 0.415871 0.124883 0.578611
0 0.397847 0.577957 0.132098 0.268705
0 0.393612 0.263428 0.125977 0.353406
0 0.52728 0.391592 0.142224 0.6287
0 0.523289 0.253568 0.132248 0.35303
0 0.534457 0.572891 0.130242 0.261439
0 0.651255 0.264557 0.116816 0.251322
0 0.120002 0.590607 0.171792 0.295509
0 0.831937 0.504357 0.226051 0.384133
0 0.272848 0.483507 0.108912 0.457542
0 0.65788 0.415871 0.124883 0.578611
0 0.397847 0.577957 0.132098 0.268705
0 0.393612 0.263428 0.125977 0.353406
0 0.52728 0.391592 0.142224 0.6287
0 0.523289 0.253568 0.132248 0.35303
0 0.534457 0.572891 0.130242 0.261439
0 0.651255 0.264557 0.116816 0.251322
0 0.534354 0.576587 0.130193 0.254599
