0 0.128957 0.334395 0.169695 0.650738
0 0.275283 0.383347 0.165047 0.63533
0 0.739003 0.561117 0.196674 0.669565
0 0.572739 0.501225 0.181478 0.69787
0 0.416252 0.45069 0.15993 0.674492
0 0.884506 0.642708 0.172975 0.681422
0 0.128957 0.334395 0.169695 0.650738
0 0.275283 0.383347 0.165047 0.63533
0 0.739003 0.561117 0.196674 0.669565
0 0.572739 0.501225 0.181478 0.69787
0 0.416252 0.45069 0.15993 0.674492
0 0.884506 0.642708 0.172975 0.681422
0 0.128957 0.334395 0.169695 0.650738
0 0.275283 0.383347 0.165047 0.63533
0 0.739003 0.561117 0.196674 0.669565
0 0.572739 0.501225 0.181478 0.69787
0 0.416252 0.45069 0.15993 0.674492
0 0.884506 0.642708 0.172975 0.681422
0 0.42058 0.454184 0.170345 0.652159
0 0.574521 0.506311 0.183518 0.645015
0 0.132382 0.337925 0.170197 0.616397
0 0.733103 0.57406 0.188417 0.677176
0 0.883234 0.649325 0.173661 0.668132
0 0.275047 0.390083 0.165169 0.612505
0 0.42058 0.454184 0.170345 0.652159
0 0.574521 0.506311 0.183518 0.645015
0 0.132382 0.337925 0.170197 0.616397
0 0.733103 0.57406 0.188417 0.677176
0 0.883234 0.649325 0.173661 0.668132
0 0.275047 0.390083 0.165169 0.612505
0 0.275184 0.391471 0.165494 0.612938
0 0.42058 0.454184 0.170345 0.652159
0 0.574521 0.506311 0.183518 0.645015
0 0.132382 0.337925 0.170197 0.616397
0 0.733103 0.57406 0.188417 0.677176
0 0.883234 0.649325 0.173661 0.668132
0 0.275047 0.390083 0.165169 0.612505
0 0.42058 0.454184 0.170345 0.652159
0 0.574521 0.506311 0.183518 0.645015
0 0.132382 0.337925 0.170197 0.616397
0 0.733103 0.57406 0.188417 0.677176
0 0.883234 0.649325 0.173661 0.668132
0 0.275047 0.390083 0.165169 0.612505
