0 0.710799 0.53073 0.112855 0.819529
0 0.822585 0.522082 0.112348 0.799993
0 0.383174 0.542293 0.106017 0.761103
0 0.275781 0.551684 0.106987 0.739503
0 0.93634 0.527174 0.112165 0.76855
0 0.0354808 0.668928 0.0496863 0.510204
0 0.169271 0.565529 0.109425 0.745241
0 0.169571 0.566173 0.109621 0.74413
0 0.493512 0.515908 0.116875 0.792469
0 0.0861536 0.658241 0.0560922 0.544513
0 0.00884609 0.664384 0.0169057 0.519225
0 0.602008 0.459334 0.108337 0.918668
0 0.710799 0.53073 0.112855 0.819529
0 0.822585 0.522082 0.112348 0.799993
0 0.383174 0.542293 0.106017 0.761103
0 0.275781 0.551684 0.106987 0.739503
0 0.93634 0.527174 0.112165 0.76855
0 0.0354808 0.668928 0.0496863 0.510204
0 0.169271 0.565529 0.109425 0.745241
0 0.169571 0.566173 0.109621 0.74413
0 0.493512 0.515908 0.116875 0.792469
0 0.0861536 0.658241 0.0560922 0.544513
0 0.00884609 0.664384 0.0169057 0.519225
0 0.602008 0.459334 0.108337 0.918668
0 0.710799 0.53073 0.112855 0.819529
0 0.822585 0.522082 0.112348 0.799993
0 0.383174 0.542293 0.106017 0.761103
0 0.275781 0.551684 0.106987 0.739503
0 0.93634 0.527174 0.112165 0.76855
0 0.0354808 0.668928 0.0496863 0.510204
0 0.169271 0.565529 0.109425 0.745241
0 0.169571 0.566173 0.109621 0.74413
0 0.493512 0.515908 0.116875 0.792469
0 0.0861536 0.658241 0.0560922 0.544513
0 0.00884609 0.664384 0.0169057 0.519225
0 0.602008 0.459334 0.108337 0.918668
0 0.710813 0.507587 0.115693 0.857235
0 0.492855 0.505253 0.11956 0.815887
0 0.823116 0.510364 0.11701 0.830932
0 0.382535 0.538379 0.104558 0.782144
0 0.169372 0.566798 0.109493 0.750862
0 0.275246 0.546875 0.108923 0.776853
0 0.935232 0.499207 0.108766 0.824441
0 0.0868222 0.650933 0.060717 0.547547
0 0.0342213 0.671473 0.0549765 0.51244
0 0.603412 0.472039 0.115289 0.944078
0 0.710813 0.507587 0.115693 0.857235
0 0.492855 0.505253 0.11956 0.815887
0 0.823116 0.510364 0.11701 0.830932
0 0.382535 0.538379 0.104558 0.782144
0 0.169372 0.566798 0.109493 0.750862
0 0.275246 0.546875 0.108923 0.776853
0 0.935232 0.499207 0.108766 0.824441
0 0.0868222 0.650933 0.060717 0.547547
0 0.0342213 0.671473 0.0549765 0.51244
0 0.603412 0.472039 0.115289 0.944078
0 0.986218 0.54274 0.0275643 0.790898
0 0.00604544 0.618159 0.0120909 0.428624
0 0.985697 0.584629 0.0286068 0.697139
0 0.00495033 0.630619 0.00990066 0.3984
0 0.710813 0.507587 0.115693 0.857235
0 0.492855 0.505253 0.11956 0.815887
0 0.823116 0.510364 0.11701 0.830932
0 0.382535 0.538379 0.104558 0.782144
0 0.169372 0.566798 0.109493 0.750862
0 0.275246 0.546875 0.108923 0.776853
0 0.935232 0.499207 0.108766 0.824441
0 0.0868222 0.650933 0.060717 0.547547
0 0.0342213 0.671473 0.0549765 0.51244
0 0.603412 0.472039 0.115289 0.944078
