0 0.897527 0.609457 0.187847 0.537211
0 0.384502 0.619093 0.128893 0.653153
0 0.503991 0.62207 0.133294 0.654231
0 0.621232 0.62001 0.133854 0.669331
0 0.26742 0.631098 0.128242 0.635791
0 0.748883 0.620832 0.138017 0.637019
0 0.157117 0.644935 0.129156 0.659519
0 0.897527 0.609457 0.187847 0.537211
0 0.384502 0.619093 0.128893 0.653153
0 0.503991 0.62207 0.133294 0.654231
0 0.621232 0.62001 0.133854 0.669331
0 0.26742 0.631098 0.128242 0.635791
0 0.748883 0.620832 0.138017 0.637019
0 0.157117 0.644935 0.129156 0.659519
0 0.897527 0.609457 0.187847 0.537211
0 0.384502 0.619093 0.128893 0.653153
0 0.503991 0.62207 0.133294 0.654231
0 0.621232 0.62001 0.133854 0.669331
0 0.26742 0.631098 0.128242 0.635791
0 0.748883 0.620832 0.138017 0.637019
0 0.157117 0.644935 0.129156 0.659519
0 0.624744 0.631764 0.140233 0.667217
0 0.752233 0.637199 0.144846 0.682518
0 0.896633 0.531616 0.204679 0.912775
0 0.155766 0.639387 0.138699 0.64158
0 0.386559 0.638395 0.134996 0.660772
0 0.156347 0.636071 0.130796 0.620257
0 0.505536 0.632849 0.135451 0.656976
0 0.751486 0.641542 0.147234 0.684026
0 0.505423 0.634913 0.136765 0.652805
0 0.624744 0.631764 0.140233 0.667217
0 0.752233 0.637199 0.144846 0.682518
0 0.896633 0.531616 0.204679 0.912775
0 0.155766 0.639387 0.138699 0.64158
0 0.386559 0.638395 0.134996 0.660772
0 0.156347 0.636071 0.130796 0.620257
0 0.505536 0.632849 0.135451 0.656976
0 0.751486 0.641542 0.147234 0.684026
0 0.505423 0.634913 0.136765 0.652805
0 0.267955 0.626684 0.130265 0.625394
0 0.269538 0.633965 0.131447 0.633061
0 0.624744 0.631764 0.140233 0.667217
0 0.752233 0.637199 0.144846 0.682518
0 0.896633 0.531616 0.204679 0.912775
0 0.155766 0.639387 0.138699 0.64158
0 0.386559 0.638395 0.134996 0.660772
0 0.156347 0.636071 0.130796 0.620257
0 0.505536 0.632849 0.135451 0.656976
0 0.751486 0.641542 0.147234 0.684026
0 0.505423 0.634913 0.136765 0.652805
