0 0.276177 0.570006 0.148976 0.626589
0 0.130461 0.642497 0.167461 0.636657
0 0.408338 0.493992 0.128383 0.601617
0 0.711588 0.876456 0.121326 0.247088
0 0.980578 0.326533 0.0384211 0.21719
0 0.933244 0.331976 0.056736 0.237772
0 0.608212 0.391461 0.111985 0.530772
0 0.0415069 0.0895428 0.0651297 0.179086
0 0.860308 0.371269 0.0746599 0.271982
0 0.86436 0.369656 0.0685368 0.270297
0 0.81572 0.870798 0.0922067 0.258404
0 0.276177 0.570006 0.148976 0.626589
0 0.130461 0.642497 0.167461 0.636657
0 0.408338 0.493992 0.128383 0.601617
0 0.711588 0.876456 0.121326 0.247088
0 0.980578 0.326533 0.0384211 0.21719
0 0.933244 0.331976 0.056736 0.237772
0 0.608212 0.391461 0.111985 0.530772
0 0.0415069 0.0895428 0.0651297 0.179086
0 0.860308 0.371269 0.0746599 0.271982
0 0.86436 0.369656 0.0685368 0.270297
0 0.81572 0.870798 0.0922067 0.258404
0 0.276177 0.570006 0.148976 0.626589
0 0.130461 0.642497 0.167461 0.636657
0 0.408338 0.493992 0.128383 0.601617
0 0.711588 0.876456 0.121326 0.247088
0 0.980578 0.326533 0.0384211 0.21719
0 0.933244 0.331976 0.056736 0.237772
0 0.608212 0.391461 0.111985 0.530772
0 0.0415069 0.0895428 0.0651297 0.179086
0 0.860308 0.371269 0.0746599 0.271982
0 0.86436 0.369656 0.0685368 0.270297
0 0.81572 0.870798 0.0922067 0.258404
0 0.608361 0.395825 0.112673 0.513061
0 0.136306 0.632078 0.173317 0.626333
0 0.511147 0.447031 0.120495 0.545767
0 0.407007 0.510944 0.131068 0.551307
0 0.931812 0.331542 0.0626092 0.227827
0 0.686176 0.378491 0.077382 0.437115
0 0.277337 0.577009 0.153819 0.613821
0 0.277762 0.577821 0.15397 0.615053
0 0.980649 0.323366 0.0386757 0.196836
0 0.608361 0.395825 0.112673 0.513061
0 0.136306 0.632078 0.173317 0.626333
0 0.511147 0.447031 0.120495 0.545767
0 0.407007 0.510944 0.131068 0.551307
0 0.931812 0.331542 0.0626092 0.227827
0 0.686176 0.378491 0.077382 0.437115
0 0.277337 0.577009 0.153819 0.613821
0 0.277762 0.577821 0.15397 0.615053
0 0.980649 0.323366 0.0386757 0.196836
0 0.86271 0.370257 0.0702063 0.259146
0 0.608361 0.395825 0.112673 0.513061
0 0.136306 0.632078 0.173317 0.626333
0 0.511147 0.447031 0.120495 0.545767
0 0.407007 0.510944 0.131068 0.551307
0 0.931812 0.331542 0.0626092 0.227827
0 0.686176 0.378491 0.077382 0.437115
0 0.277337 0.577009 0.153819 0.613821
0 0.277762 0.577821 0.15397 0.615053
0 0.980649 0.323366 0.0386757 0.196836
0 0.608361 0.395825 0.112673 0.513061
0 0.136306 0.632078 0.173317 0.626333
0 0.511147 0.447031 0.120495 0.545767
0 0.407007 0.510944 0.131068 0.551307
0 0.931812 0.331542 0.0626092 0.227827
0 0.686176 0.378491 0.077382 0.437115
0 0.277337 0.577009 0.153819 0.613821
0 0.277762 0.577821 0.15397 0.615053
0 0.980649 0.323366 0.0386757 0.196836
