0 0.559474 0.460116 0.408891 0.877601
0 0.191444 0.499291 0.365784 0.957171
0 0.559474 0.460116 0.408891 0.877601
0 0.191444 0.499291 0.365784 0.957171
0 0.559474 0.460116 0.408891 0.877601
0 0.191444 0.499291 0.365784 0.957171
0 0.566811 0.438605 0.372906 0.87721
0 0.88356 0.427566 0.230962 0.855132
0 0.194449 0.452917 0.343788 0.905833
0 0.566811 0.438605 0.372906 0.87721
0 0.88356 0.427566 0.230962 0.855132
0 0.194449 0.452917 0.343788 0.905833
0 0.188012 0.625344 0.327154 0.515054
0 0.566811 0.438605 0.372906 0.87721
0 0.88356 0.427566 0.230962 0.855132
0 0.194449 0.452917 0.343788 0.905833
0 0.566811 0.438605 0.372906 0.87721
0 0.88356 0.427566 0.230962 0.855132
0 0.194449 0.452917 0.343788 0.905833
