0 0.111425 0.593894 0.202317 0.750993
0 0.296057 0.593078 0.206063 0.743102
0 0.472909 0.587007 0.202224 0.759477
0 0.643138 0.591932 0.209277 0.7425
0 0.817995 0.584617 0.202039 0.761865
0 0.944742 0.598966 0.110516 0.742783
0 0.111425 0.593894 0.202317 0.750993
0 0.296057 0.593078 0.206063 0.743102
0 0.472909 0.587007 0.202224 0.759477
0 0.643138 0.591932 0.209277 0.7425
0 0.817995 0.584617 0.202039 0.761865
0 0.944742 0.598966 0.110516 0.742783
0 0.111425 0.593894 0.202317 0.750993
0 0.296057 0.593078 0.206063 0.743102
0 0.472909 0.587007 0.202224 0.759477
0 0.643138 0.591932 0.209277 0.7425
0 0.817995 0.584617 0.202039 0.761865
0 0.944742 0.598966 0.110516 0.742783
0 0.108413 0.597381 0.202777 0.75714
0 0.295149 0.596595 0.197472 0.747209
0 0.472646 0.593138 0.189681 0.73882
0 0.641582 0.589756 0.195748 0.735294
0 0.815519 0.602396 0.18977 0.727138
0 0.943952 0.607397 0.110945 0.708026
0 0.108413 0.597381 0.202777 0.75714
0 0.295149 0.596595 0.197472 0.747209
0 0.472646 0.593138 0.189681 0.73882
0 0.641582 0.589756 0.195748 0.735294
0 0.815519 0.602396 0.18977 0.727138
0 0.943952 0.607397 0.110945 0.708026
0 0.108413 0.597381 0.202777 0.75714
0 0.295149 0.596595 0.197472 0.747209
0 0.472646 0.593138 0.189681 0.73882
0 0.641582 0.589756 0.195748 0.735294
0 0.815519 0.602396 0.18977 0.727138
0 0.943952 0.607397 0.110945 0.708026
