0 0.550586 0.493694 0.2968 0.891874
0 0.788655 0.522456 0.218568 0.801564
0 0.932458 0.482314 0.135084 0.904615
0 0.114405 0.536646 0.227201 0.827374
0 0.269722 0.536279 0.159359 0.801965
0 0.550586 0.493694 0.2968 0.891874
0 0.788655 0.522456 0.218568 0.801564
0 0.932458 0.482314 0.135084 0.904615
0 0.114405 0.536646 0.227201 0.827374
0 0.269722 0.536279 0.159359 0.801965
0 0.550586 0.493694 0.2968 0.891874
0 0.788655 0.522456 0.218568 0.801564
0 0.932458 0.482314 0.135084 0.904615
0 0.114405 0.536646 0.227201 0.827374
0 0.269722 0.536279 0.159359 0.801965
0 0.557718 0.482736 0.281447 0.857793
0 0.789297 0.529662 0.201812 0.786824
0 0.179419 0.54054 0.358837 0.787294
0 0.939334 0.496498 0.121333 0.876415
0 0.939658 0.503708 0.120167 0.872052
0 0.557718 0.482736 0.281447 0.857793
0 0.789297 0.529662 0.201812 0.786824
0 0.179419 0.54054 0.358837 0.787294
0 0.939334 0.496498 0.121333 0.876415
0 0.939658 0.503708 0.120167 0.872052
0 0.179119 0.541981 0.358238 0.787741
0 0.557718 0.482736 0.281447 0.857793
0 0.789297 0.529662 0.201812 0.786824
0 0.179419 0.54054 0.358837 0.787294
0 0.939334 0.496498 0.121333 0.876415
0 0.939658 0.503708 0.120167 0.872052
