0 0.534187 0.574063 0.252083 0.60836
0 0.183791 0.484174 0.262566 0.603842
0 0.366598 0.550509 0.123882 0.612415
0 0.534187 0.574063 0.252083 0.60836
0 0.183791 0.484174 0.262566 0.603842
0 0.366598 0.550509 0.123882 0.612415
0 0.534187 0.574063 0.252083 0.60836
0 0.183791 0.484174 0.262566 0.603842
0 0.366598 0.550509 0.123882 0.612415
0 0.830923 0.653284 0.263017 0.637294
0 0.173677 0.485134 0.265038 0.637604
0 0.478606 0.566135 0.338631 0.646022
0 0.0170934 0.376898 0.0341867 0.440644
0 0.809143 0.0549063 0.0382811 0.0993908
0 0.830923 0.653284 0.263017 0.637294
0 0.173677 0.485134 0.265038 0.637604
0 0.478606 0.566135 0.338631 0.646022
0 0.0170934 0.376898 0.0341867 0.440644
0 0.809143 0.0549063 0.0382811 0.0993908
0 0.478484 0.564377 0.337247 0.652013
0 0.830923 0.653284 0.263017 0.637294
0 0.173677 0.485134 0.265038 0.637604
0 0.478606 0.566135 0.338631 0.646022
0 0.0170934 0.376898 0.0341867 0.440644
0 0.809143 0.0549063 0.0382811 0.0993908
0 0.830923 0.653284 0.263017 0.637294
0 0.173677 0.485134 0.265038 0.637604
0 0.478606 0.566135 0.338631 0.646022
0 0.0170934 0.376898 0.0341867 0.440644
0 0.809143 0.0549063 0.0382811 0.0993908
