0 0.337093 0.574369 0.158829 0.43085
0 0.615075 0.385431 0.139629 0.410406
0 0.618582 0.388258 0.139331 0.398437
0 0.188308 0.661 0.19757 0.461896
0 0.884348 0.184945 0.126951 0.242202
0 0.337093 0.574369 0.158829 0.43085
0 0.615075 0.385431 0.139629 0.410406
0 0.618582 0.388258 0.139331 0.398437
0 0.188308 0.661 0.19757 0.461896
0 0.884348 0.184945 0.126951 0.242202
0 0.337093 0.574369 0.158829 0.43085
0 0.615075 0.385431 0.139629 0.410406
0 0.618582 0.388258 0.139331 0.398437
0 0.188308 0.661 0.19757 0.461896
0 0.884348 0.184945 0.126951 0.242202
0 0.144647 0.705952 0.0869412 0.414122
0 0.22714 0.650455 0.104686 0.410889
0 0.492698 0.452989 0.160674 0.422897
0 0.740608 0.31022 0.129246 0.379715
0 0.603519 0.407221 0.0934526 0.37834
0 0.886844 0.196962 0.131889 0.26843
0 0.374142 0.551498 0.0938531 0.417553
0 0.302692 0.606289 0.0700891 0.394715
0 0.0325698 0.574395 0.0651396 0.767888
0 0.813247 0.339674 0.0790315 0.157073
0 0.498102 0.422837 0.182313 0.466118
0 0.144647 0.705952 0.0869412 0.414122
0 0.22714 0.650455 0.104686 0.410889
0 0.492698 0.452989 0.160674 0.422897
0 0.740608 0.31022 0.129246 0.379715
0 0.603519 0.407221 0.0934526 0.37834
0 0.886844 0.196962 0.131889 0.26843
0 0.374142 0.551498 0.0938531 0.417553
0 0.302692 0.606289 0.0700891 0.394715
0 0.0325698 0.574395 0.0651396 0.767888
0 0.813247 0.339674 0.0790315 0.157073
0 0.498102 0.422837 0.182313 0.466118
0 0.304289 0.601805 0.0721715 0.41223
0 0.144647 0.705952 0.0869412 0.414122
0 0.22714 0.650455 0.104686 0.410889
0 0.492698 0.452989 0.160674 0.422897
0 0.740608 0.31022 0.129246 0.379715
0 0.603519 0.407221 0.0934526 0.37834
0 0.886844 0.196962 0.131889 0.26843
0 0.374142 0.551498 0.0938531 0.417553
0 0.302692 0.606289 0.0700891 0.394715
0 0.0325698 0.574395 0.0651396 0.767888
0 0.813247 0.339674 0.0790315 0.157073
0 0.498102 0.422837 0.182313 0.466118
