0 0.839747 0.550962 0.219601 0.787505
0 0.208685 0.578716 0.229247 0.789853
0 0.633434 0.565829 0.217762 0.791213
0 0.42403 0.577174 0.220137 0.793819
0 0.839747 0.550962 0.219601 0.787505
0 0.208685 0.578716 0.229247 0.789853
0 0.633434 0.565829 0.217762 0.791213
0 0.42403 0.577174 0.220137 0.793819
0 0.839747 0.550962 0.219601 0.787505
0 0.208685 0.578716 0.229247 0.789853
0 0.633434 0.565829 0.217762 0.791213
0 0.42403 0.577174 0.220137 0.793819
0 0.842396 0.557687 0.216572 0.779887
0 0.635361 0.581164 0.212916 0.774423
0 0.426719 0.595931 0.213032 0.792159
0 0.20964 0.589722 0.223722 0.799592
0 0.842396 0.557687 0.216572 0.779887
0 0.635361 0.581164 0.212916 0.774423
0 0.426719 0.595931 0.213032 0.792159
0 0.20964 0.589722 0.223722 0.799592
0 0.842396 0.557687 0.216572 0.779887
0 0.635361 0.581164 0.212916 0.774423
0 0.426719 0.595931 0.213032 0.792159
0 0.20964 0.589722 0.223722 0.799592
0 0.842396 0.557687 0.216572 0.779887
0 0.635361 0.581164 0.212916 0.774423
0 0.426719 0.595931 0.213032 0.792159
0 0.20964 0.589722 0.223722 0.799592
