0 0.707451 0.588605 0.108657 0.719185
0 0.605734 0.551912 0.126406 0.775149
0 0.810306 0.556994 0.119381 0.801262
0 0.131093 0.556063 0.190948 0.865837
0 0.495842 0.542422 0.120384 0.792543
0 0.91869 0.556734 0.118016 0.810109
0 0.282445 0.507515 0.123922 0.862612
0 0.389234 0.575353 0.0999325 0.691168
0 0.707451 0.588605 0.108657 0.719185
0 0.605734 0.551912 0.126406 0.775149
0 0.810306 0.556994 0.119381 0.801262
0 0.131093 0.556063 0.190948 0.865837
0 0.495842 0.542422 0.120384 0.792543
0 0.91869 0.556734 0.118016 0.810109
0 0.282445 0.507515 0.123922 0.862612
0 0.389234 0.575353 0.0999325 0.691168
0 0.707451 0.588605 0.108657 0.719185
0 0.605734 0.551912 0.126406 0.775149
0 0.810306 0.556994 0.119381 0.801262
0 0.131093 0.556063 0.190948 0.865837
0 0.495842 0.542422 0.120384 0.792543
0 0.91869 0.556734 0.118016 0.810109
0 0.282445 0.507515 0.123922 0.862612
0 0.389234 0.575353 0.0999325 0.691168
0 0.495588 0.552409 0.115524 0.772406
0 0.602632 0.554415 0.128168 0.79923
0 0.392344 0.59287 0.107282 0.677761
0 0.867581 0.565048 0.222809 0.846191
0 0.192539 0.517545 0.309805 0.866315
0 0.705331 0.591321 0.105359 0.727372
0 0.495588 0.552409 0.115524 0.772406
0 0.602632 0.554415 0.128168 0.79923
0 0.392344 0.59287 0.107282 0.677761
0 0.867581 0.565048 0.222809 0.846191
0 0.192539 0.517545 0.309805 0.866315
0 0.705331 0.591321 0.105359 0.727372
0 0.392059 0.583434 0.105373 0.678211
0 0.190363 0.520741 0.310704 0.870767
0 0.173973 0.430304 0.111155 0.624727
0 0.706843 0.588983 0.110375 0.743162
0 0.495588 0.552409 0.115524 0.772406
0 0.602632 0.554415 0.128168 0.79923
0 0.392344 0.59287 0.107282 0.677761
0 0.867581 0.565048 0.222809 0.846191
0 0.192539 0.517545 0.309805 0.866315
0 0.705331 0.591321 0.105359 0.727372
