0 0.722392 0.588012 0.180816 0.604314
0 0.158303 0.390345 0.125757 0.504701
0 0.593988 0.548583 0.168019 0.573977
0 0.864824 0.628677 0.200516 0.635446
0 0.261117 0.418 0.138175 0.510308
0 0.0641317 0.355431 0.115401 0.489117
0 0.480248 0.478176 0.15208 0.53946
0 0.960219 0.669966 0.0794209 0.653436
0 0.722392 0.588012 0.180816 0.604314
0 0.158303 0.390345 0.125757 0.504701
0 0.593988 0.548583 0.168019 0.573977
0 0.864824 0.628677 0.200516 0.635446
0 0.261117 0.418 0.138175 0.510308
0 0.0641317 0.355431 0.115401 0.489117
0 0.480248 0.478176 0.15208 0.53946
0 0.960219 0.669966 0.0794209 0.653436
0 0.722392 0.588012 0.180816 0.604314
0 0.158303 0.390345 0.125757 0.504701
0 0.593988 0.548583 0.168019 0.573977
0 0.864824 0.628677 0.200516 0.635446
0 0.261117 0.418 0.138175 0.510308
0 0.0641317 0.355431 0.115401 0.489117
0 0.480248 0.478176 0.15208 0.53946
0 0.960219 0.669966 0.0794209 0.653436
0 0.722335 0.585109 0.188066 0.587813
0 0.596308 0.53934 0.176943 0.563952
0 0.867888 0.626716 0.203305 0.615199
0 0.481934 0.479002 0.161021 0.534598
0 0.160797 0.396249 0.137968 0.503095
0 0.06707 0.362175 0.126653 0.490466
0 0.261104 0.421788 0.152151 0.502415
0 0.368341 0.457201 0.160116 0.521903
0 0.0227555 0.3723 0.045511 0.500124
0 0.962593 0.667335 0.0748137 0.626912
0 0.0237094 0.361915 0.0474187 0.502574
0 0.2616 0.421474 0.165509 0.508323
0 0.722335 0.585109 0.188066 0.587813
0 0.596308 0.53934 0.176943 0.563952
0 0.867888 0.626716 0.203305 0.615199
0 0.481934 0.479002 0.161021 0.534598
0 0.160797 0.396249 0.137968 0.503095
0 0.06707 0.362175 0.126653 0.490466
0 0.261104 0.421788 0.152151 0.502415
0 0.368341 0.457201 0.160116 0.521903
0 0.0227555 0.3723 0.045511 0.500124
0 0.962593 0.667335 0.0748137 0.626912
0 0.0237094 0.361915 0.0474187 0.502574
0 0.2616 0.421474 0.165509 0.508323
0 0.368482 0.457699 0.160334 0.520856
0 0.96134 0.666227 0.0773201 0.653861
0 0.722335 0.585109 0.188066 0.587813
0 0.596308 0.53934 0.176943 0.563952
0 0.867888 0.626716 0.203305 0.615199
0 0.481934 0.479002 0.161021 0.534598
0 0.160797 0.396249 0.137968 0.503095
0 0.06707 0.362175 0.126653 0.490466
0 0.261104 0.421788 0.152151 0.502415
0 0.368341 0.457201 0.160116 0.521903
0 0.0227555 0.3723 0.045511 0.500124
0 0.962593 0.667335 0.0748137 0.626912
0 0.0237094 0.361915 0.0474187 0.502574
0 0.2616 0.421474 0.165509 0.508323
0 0.722335 0.585109 0.188066 0.587813
0 0.596308 0.53934 0.176943 0.563952
0 0.867888 0.626716 0.203305 0.615199
0 0.481934 0.479002 0.161021 0.534598
0 0.160797 0.396249 0.137968 0.503095
0 0.06707 0.362175 0.126653 0.490466
0 0.261104 0.421788 0.152151 0.502415
0 0.368341 0.457201 0.160116 0.521903
0 0.0227555 0.3723 0.045511 0.500124
0 0.962593 0.667335 0.0748137 0.626912
0 0.0237094 0.361915 0.0474187 0.502574
0 0.2616 0.421474 0.165509 0.508323
