0 0.421835 0.492733 0.127934 0.735478
0 0.310645 0.463316 0.124862 0.719185
0 0.91367 0.589586 0.14651 0.770054
0 0.192833 0.232771 0.115673 0.33115
0 0.657937 0.530515 0.138328 0.792817
0 0.539148 0.520452 0.129356 0.760416
0 0.10055 0.395527 0.121107 0.695529
0 0.421835 0.492733 0.127934 0.735478
0 0.310645 0.463316 0.124862 0.719185
0 0.91367 0.589586 0.14651 0.770054
0 0.192833 0.232771 0.115673 0.33115
0 0.657937 0.530515 0.138328 0.792817
0 0.539148 0.520452 0.129356 0.760416
0 0.10055 0.395527 0.121107 0.695529
0 0.421835 0.492733 0.127934 0.735478
0 0.310645 0.463316 0.124862 0.719185
0 0.91367 0.589586 0.14651 0.770054
0 0.192833 0.232771 0.115673 0.33115
0 0.657937 0.530515 0.138328 0.792817
0 0.539148 0.520452 0.129356 0.760416
0 0.10055 0.395527 0.121107 0.695529
0 0.421242 0.555594 0.124534 0.600489
0 0.912245 0.667584 0.137737 0.621992
0 0.658976 0.612743 0.136759 0.614792
0 0.785985 0.642813 0.13685 0.618195
0 0.538589 0.584407 0.128806 0.606443
0 0.205004 0.43279 0.119673 0.673955
0 0.100686 0.39912 0.120854 0.683972
0 0.313371 0.505656 0.122456 0.608223
0 0.312205 0.517191 0.122213 0.600257
0 0.421242 0.555594 0.124534 0.600489
0 0.912245 0.667584 0.137737 0.621992
0 0.658976 0.612743 0.136759 0.614792
0 0.785985 0.642813 0.13685 0.618195
0 0.538589 0.584407 0.128806 0.606443
0 0.205004 0.43279 0.119673 0.673955
0 0.100686 0.39912 0.120854 0.683972
0 0.313371 0.505656 0.122456 0.608223
0 0.312205 0.517191 0.122213 0.600257
0 0.421242 0.555594 0.124534 0.600489
0 0.912245 0.667584 0.137737 0.621992
0 0.658976 0.612743 0.136759 0.614792
0 0.785985 0.642813 0.13685 0.618195
0 0.538589 0.584407 0.128806 0.606443
0 0.205004 0.43279 0.119673 0.673955
0 0.100686 0.39912 0.120854 0.683972
0 0.313371 0.505656 0.122456 0.608223
0 0.312205 0.517191 0.122213 0.600257
0 0.421242 0.555594 0.124534 0.600489
0 0.912245 0.667584 0.137737 0.621992
0 0.658976 0.612743 0.136759 0.614792
0 0.785985 0.642813 0.13685 0.618195
0 0.538589 0.584407 0.128806 0.606443
0 0.205004 0.43279 0.119673 0.673955
0 0.100686 0.39912 0.120854 0.683972
0 0.313371 0.505656 0.122456 0.608223
0 0.312205 0.517191 0.122213 0.600257
