0 0.141258 0.751787 0.0973825 0.458088
0 0.703429 0.635187 0.0931283 0.425944
0 0.141258 0.751787 0.0973825 0.458088
0 0.703429 0.635187 0.0931283 0.425944
0 0.141258 0.751787 0.0973825 0.458088
0 0.703429 0.635187 0.0931283 0.425944
0 0.237262 0.697542 0.09449 0.589745
0 0.441003 0.679884 0.0898197 0.619884
0 0.522602 0.399268 0.0753672 0.399028
0 0.135983 0.695717 0.106213 0.597717
0 0.839276 0.327203 0.166044 0.303195
0 0.0460413 0.657578 0.0915236 0.671998
0 0.34296 0.68763 0.103224 0.607897
0 0.595547 0.524023 0.10507 0.589407
0 0.237262 0.697542 0.09449 0.589745
0 0.441003 0.679884 0.0898197 0.619884
0 0.522602 0.399268 0.0753672 0.399028
0 0.135983 0.695717 0.106213 0.597717
0 0.839276 0.327203 0.166044 0.303195
0 0.0460413 0.657578 0.0915236 0.671998
0 0.34296 0.68763 0.103224 0.607897
0 0.595547 0.524023 0.10507 0.589407
0 0.703585 0.660322 0.0874927 0.501568
0 0.444897 0.173304 0.0715553 0.303555
0 0.343739 0.691687 0.102811 0.605701
0 0.987466 0.625173 0.0250684 0.393453
0 0.880054 0.72002 0.190053 0.55996
0 0.811746 0.1265 0.139155 0.206278
0 0.237262 0.697542 0.09449 0.589745
0 0.441003 0.679884 0.0898197 0.619884
0 0.522602 0.399268 0.0753672 0.399028
0 0.135983 0.695717 0.106213 0.597717
0 0.839276 0.327203 0.166044 0.303195
0 0.0460413 0.657578 0.0915236 0.671998
0 0.34296 0.68763 0.103224 0.607897
0 0.595547 0.524023 0.10507 0.589407
0 0.237262 0.697542 0.09449 0.589745
0 0.441003 0.679884 0.0898197 0.619884
0 0.522602 0.399268 0.0753672 0.399028
0 0.135983 0.695717 0.106213 0.597717
0 0.839276 0.327203 0.166044 0.303195
0 0.0460413 0.657578 0.0915236 0.671998
0 0.34296 0.68763 0.103224 0.607897
0 0.595547 0.524023 0.10507 0.589407
