0 0.568517 0.676283 0.0777185 0.57007
0 0.709459 0.609433 0.0470369 0.755352
0 0.791496 0.633988 0.0477737 0.71585
0 0.40628 0.641822 0.080728 0.568954
0 0.319752 0.612646 0.0870186 0.552519
0 0.23037 0.614738 0.083463 0.569495
0 0.141425 0.589571 0.0941638 0.603179
0 0.0492312 0.576338 0.0829346 0.599534
0 0.750619 0.613948 0.0415955 0.735548
0 0.62791 0.771042 0.0407901 0.389644
0 0.846129 0.639424 0.0695888 0.705909
0 0.487905 0.666341 0.0793749 0.577559
0 0.98224 0.689985 0.0354604 0.619717
0 0.928059 0.655251 0.0792024 0.689499
0 0.926408 0.665633 0.0761781 0.658074
0 0.666927 0.777076 0.0377036 0.397893
0 0.750221 0.618816 0.0413602 0.727991
0 0.00709429 0.565221 0.013512 0.604254
0 0.858603 0.633996 0.0701767 0.719348
0 0.568517 0.676283 0.0777185 0.57007
0 0.709459 0.609433 0.0470369 0.755352
0 0.791496 0.633988 0.0477737 0.71585
0 0.40628 0.641822 0.080728 0.568954
0 0.319752 0.612646 0.0870186 0.552519
0 0.23037 0.614738 0.083463 0.569495
0 0.141425 0.589571 0.0941638 0.603179
0 0.0492312 0.576338 0.0829346 0.599534
0 0.750619 0.613948 0.0415955 0.735548
0 0.62791 0.771042 0.0407901 0.389644
0 0.846129 0.639424 0.0695888 0.705909
0 0.487905 0.666341 0.0793749 0.577559
0 0.98224 0.689985 0.0354604 0.619717
0 0.928059 0.655251 0.0792024 0.689499
0 0.926408 0.665633 0.0761781 0.658074
0 0.666927 0.777076 0.0377036 0.397893
0 0.750221 0.618816 0.0413602 0.727991
0 0.00709429 0.565221 0.013512 0.604254
0 0.858603 0.633996 0.0701767 0.719348
0 0.568517 0.676283 0.0777185 0.57007
0 0.709459 0.609433 0.0470369 0.755352
0 0.791496 0.633988 0.0477737 0.71585
0 0.40628 0.641822 0.080728 0.568954
0 0.319752 0.612646 0.0870186 0.552519
0 0.23037 0.614738 0.083463 0.569495
0 0.141425 0.589571 0.0941638 0.603179
0 0.0492312 0.576338 0.0829346 0.599534
0 0.750619 0.613948 0.0415955 0.735548
0 0.62791 0.771042 0.0407901 0.389644
0 0.846129 0.639424 0.0695888 0.705909
0 0.487905 0.666341 0.0793749 0.577559
0 0.98224 0.689985 0.0354604 0.619717
0 0.928059 0.655251 0.0792024 0.689499
0 0.926408 0.665633 0.0761781 0.658074
0 0.666927 0.777076 0.0377036 0.397893
0 0.750221 0.618816 0.0413602 0.727991
0 0.00709429 0.565221 0.013512 0.604254
0 0.858603 0.633996 0.0701767 0.719348
0 0.405659 0.638288 0.0828207 0.575369
0 0.487996 0.669307 0.0813587 0.582187
0 0.792774 0.633434 0.0471117 0.733133
0 0.0461484 0.581892 0.0885991 0.615013
0 0.140451 0.594425 0.0943376 0.598782
0 0.751142 0.622565 0.0434413 0.748792
0 0.319061 0.615542 0.0888216 0.57092
0 0.831689 0.642512 0.0441498 0.714976
0 0.711044 0.613965 0.0475284 0.759708
0 0.230896 0.612426 0.085457 0.570817
0 0.574076 0.690085 0.0663265 0.550281
0 0.981945 0.671146 0.0361096 0.657709
0 0.911357 0.681664 0.0464308 0.636671
0 0.628417 0.778766 0.0420164 0.384166
0 0.870407 0.644987 0.0452343 0.703739
0 0.651708 0.591673 0.0769506 0.748016
0 0.952154 0.666986 0.0318707 0.658343
0 0.405659 0.638288 0.0828207 0.575369
0 0.487996 0.669307 0.0813587 0.582187
0 0.792774 0.633434 0.0471117 0.733133
0 0.0461484 0.581892 0.0885991 0.615013
0 0.140451 0.594425 0.0943376 0.598782
0 0.751142 0.622565 0.0434413 0.748792
0 0.319061 0.615542 0.0888216 0.57092
0 0.831689 0.642512 0.0441498 0.714976
0 0.711044 0.613965 0.0475284 0.759708
0 0.230896 0.612426 0.085457 0.570817
0 0.574076 0.690085 0.0663265 0.550281
0 0.981945 0.671146 0.0361096 0.657709
0 0.911357 0.681664 0.0464308 0.636671
0 0.628417 0.778766 0.0420164 0.384166
0 0.870407 0.644987 0.0452343 0.703739
0 0.651708 0.591673 0.0769506 0.748016
0 0.952154 0.666986 0.0318707 0.658343
0 0.871584 0.651209 0.0435882 0.689796
0 0.662972 0.78994 0.0488988 0.371511
0 0.00740391 0.573799 0.0143664 0.58269
0 0.945656 0.680224 0.0410376 0.636629
0 0.537607 0.671648 0.0244522 0.543379
0 0.405659 0.638288 0.0828207 0.575369
0 0.487996 0.669307 0.0813587 0.582187
0 0.792774 0.633434 0.0471117 0.733133
0 0.0461484 0.581892 0.0885991 0.615013
0 0.140451 0.594425 0.0943376 0.598782
0 0.751142 0.622565 0.0434413 0.748792
0 0.319061 0.615542 0.0888216 0.57092
0 0.831689 0.642512 0.0441498 0.714976
0 0.711044 0.613965 0.0475284 0.759708
0 0.230896 0.612426 0.085457 0.570817
0 0.574076 0.690085 0.0663265 0.550281
0 0.981945 0.671146 0.0361096 0.657709
0 0.911357 0.681664 0.0464308 0.636671
0 0.628417 0.778766 0.0420164 0.384166
0 0.870407 0.644987 0.0452343 0.703739
0 0.651708 0.591673 0.0769506 0.748016
0 0.952154 0.666986 0.0318707 0.658343
0 0.405659 0.638288 0.0828207 0.575369
0 0.487996 0.669307 0.0813587 0.582187
0 0.792774 0.633434 0.0471117 0.733133
0 0.0461484 0.581892 0.0885991 0.615013
0 0.140451 0.594425 0.0943376 0.598782
0 0.751142 0.622565 0.0434413 0.748792
0 0.319061 0.615542 0.0888216 0.57092
0 0.831689 0.642512 0.0441498 0.714976
0 0.711044 0.613965 0.0475284 0.759708
0 0.230896 0.612426 0.085457 0.570817
0 0.574076 0.690085 0.0663265 0.550281
0 0.981945 0.671146 0.0361096 0.657709
0 0.911357 0.681664 0.0464308 0.636671
0 0.628417 0.778766 0.0420164 0.384166
0 0.870407 0.644987 0.0452343 0.703739
0 0.651708 0.591673 0.0769506 0.748016
0 0.952154 0.666986 0.0318707 0.658343
