0 0.853803 0.596608 0.249884 0.570993
0 0.610517 0.64395 0.189307 0.689795
0 0.382963 0.585119 0.220809 0.550846
0 0.145936 0.561109 0.207407 0.569185
0 0.853803 0.596608 0.249884 0.570993
0 0.610517 0.64395 0.189307 0.689795
0 0.382963 0.585119 0.220809 0.550846
0 0.145936 0.561109 0.207407 0.569185
0 0.853803 0.596608 0.249884 0.570993
0 0.610517 0.64395 0.189307 0.689795
0 0.382963 0.585119 0.220809 0.550846
0 0.145936 0.561109 0.207407 0.569185
0 0.610297 0.658436 0.191638 0.663897
0 0.381875 0.579378 0.225518 0.572353
0 0.852455 0.591552 0.250599 0.594048
0 0.149424 0.554308 0.227448 0.592255
0 0.610297 0.658436 0.191638 0.663897
0 0.381875 0.579378 0.225518 0.572353
0 0.852455 0.591552 0.250599 0.594048
0 0.149424 0.554308 0.227448 0.592255
0 0.123981 0.142199 0.167486 0.284399
0 0.610297 0.658436 0.191638 0.663897
0 0.381875 0.579378 0.225518 0.572353
0 0.852455 0.591552 0.250599 0.594048
0 0.149424 0.554308 0.227448 0.592255
