0 0.778027 0.533277 0.185036 0.520114
0 0.585703 0.514847 0.189121 0.528676
0 0.413927 0.451724 0.169276 0.359887
0 0.778027 0.533277 0.185036 0.520114
0 0.585703 0.514847 0.189121 0.528676
0 0.413927 0.451724 0.169276 0.359887
0 0.778027 0.533277 0.185036 0.520114
0 0.585703 0.514847 0.189121 0.528676
0 0.413927 0.451724 0.169276 0.359887
0 0.777129 0.510911 0.180278 0.503626
0 0.585918 0.513057 0.191258 0.540696
0 0.182601 0.312948 0.260929 0.625896
0 0.4156 0.42714 0.17271 0.41405
0 0.0306602 0.291932 0.0608963 0.583864
0 0.777129 0.510911 0.180278 0.503626
0 0.585918 0.513057 0.191258 0.540696
0 0.182601 0.312948 0.260929 0.625896
0 0.4156 0.42714 0.17271 0.41405
0 0.0306602 0.291932 0.0608963 0.583864
0 0.777129 0.510911 0.180278 0.503626
0 0.585918 0.513057 0.191258 0.540696
0 0.182601 0.312948 0.260929 0.625896
0 0.4156 0.42714 0.17271 0.41405
0 0.0306602 0.291932 0.0608963 0.583864
0 0.777129 0.510911 0.180278 0.503626
0 0.585918 0.513057 0.191258 0.540696
0 0.182601 0.312948 0.260929 0.625896
0 0.4156 0.42714 0.17271 0.41405
0 0.0306602 0.291932 0.0608963 0.583864
