0 0.174282 0.691797 0.283107 0.608803
0 0.466421 0.634201 0.223534 0.533325
0 0.799551 0.621937 0.250113 0.459573
0 0.174282 0.691797 0.283107 0.608803
0 0.466421 0.634201 0.223534 0.533325
0 0.799551 0.621937 0.250113 0.459573
0 0.174282 0.691797 0.283107 0.608803
0 0.466421 0.634201 0.223534 0.533325
0 0.799551 0.621937 0.250113 0.459573
0 0.178004 0.689061 0.288419 0.621878
0 0.801564 0.625346 0.245336 0.464117
0 0.468336 0.637013 0.209991 0.538831
0 0.178004 0.689061 0.288419 0.621878
0 0.801564 0.625346 0.245336 0.464117
0 0.468336 0.637013 0.209991 0.538831
0 0.805389 0.49018 0.259415 0.755629
0 0.468003 0.639354 0.210226 0.537649
0 0.178004 0.689061 0.288419 0.621878
0 0.801564 0.625346 0.245336 0.464117
0 0.468336 0.637013 0.209991 0.538831
0 0.178004 0.689061 0.288419 0.621878
0 0.801564 0.625346 0.245336 0.464117
0 0.468336 0.637013 0.209991 0.538831
