0 0.369755 0.529402 0.335558 0.798905
0 0.662911 0.525541 0.289406 0.755329
0 0.755026 0.488898 0.471386 0.873067
0 0.369755 0.529402 0.335558 0.798905
0 0.662911 0.525541 0.289406 0.755329
0 0.755026 0.488898 0.471386 0.873067
0 0.369755 0.529402 0.335558 0.798905
0 0.662911 0.525541 0.289406 0.755329
0 0.755026 0.488898 0.471386 0.873067
0 0.657115 0.580112 0.265798 0.651893
0 0.394679 0.580861 0.275084 0.702355
0 0.874934 0.596335 0.212618 0.599647
0 0.657115 0.580112 0.265798 0.651893
0 0.394679 0.580861 0.275084 0.702355
0 0.874934 0.596335 0.212618 0.599647
0 0.657115 0.580112 0.265798 0.651893
0 0.394679 0.580861 0.275084 0.702355
0 0.874934 0.596335 0.212618 0.599647
0 0.657115 0.580112 0.265798 0.651893
0 0.394679 0.580861 0.275084 0.702355
0 0.874934 0.596335 0.212618 0.599647
