0 0.20526 0.461568 0.280795 0.840478
0 0.846416 0.544378 0.275154 0.838857
0 0.508933 0.502313 0.279093 0.872983
0 0.20526 0.461568 0.280795 0.840478
0 0.846416 0.544378 0.275154 0.838857
0 0.508933 0.502313 0.279093 0.872983
0 0.20526 0.461568 0.280795 0.840478
0 0.846416 0.544378 0.275154 0.838857
0 0.508933 0.502313 0.279093 0.872983
0 0.202096 0.473635 0.274542 0.830233
0 0.508593 0.513823 0.274021 0.860211
0 0.032198 0.576811 0.0640125 0.527272
0 0.844175 0.554833 0.26634 0.837636
0 0.202096 0.473635 0.274542 0.830233
0 0.508593 0.513823 0.274021 0.860211
0 0.032198 0.576811 0.0640125 0.527272
0 0.844175 0.554833 0.26634 0.837636
0 0.841949 0.554506 0.270099 0.842402
0 0.202096 0.473635 0.274542 0.830233
0 0.508593 0.513823 0.274021 0.860211
0 0.032198 0.576811 0.0640125 0.527272
0 0.844175 0.554833 0.26634 0.837636
