0 0.0943019 0.425039 0.065937 0.633888
0 0.417512 0.514147 0.0583793 0.636067
0 0.290849 0.473913 0.0664652 0.653837
0 0.662833 0.59179 0.0584099 0.612296
0 0.83511 0.641685 0.0583051 0.595334
0 0.778497 0.622569 0.0580607 0.61228
0 0.890565 0.656318 0.0555308 0.600108
0 0.160595 0.448807 0.066289 0.625711
0 0.356233 0.48467 0.0620876 0.660091
0 0.720946 0.601443 0.0596559 0.617152
0 0.226175 0.456563 0.065423 0.638007
0 0.481195 0.539177 0.0631057 0.644484
0 0.603918 0.573849 0.0605661 0.62561
0 0.945732 0.669989 0.0551281 0.596793
0 0.98759 0.671462 0.0248202 0.559739
0 0.0302221 0.409186 0.0601173 0.640259
0 0.542447 0.550612 0.0589088 0.641491
0 0.0299237 0.406584 0.0596737 0.628946
0 0.0943019 0.425039 0.065937 0.633888
0 0.417512 0.514147 0.0583793 0.636067
0 0.290849 0.473913 0.0664652 0.653837
0 0.662833 0.59179 0.0584099 0.612296
0 0.83511 0.641685 0.0583051 0.595334
0 0.778497 0.622569 0.0580607 0.61228
0 0.890565 0.656318 0.0555308 0.600108
0 0.160595 0.448807 0.066289 0.625711
0 0.356233 0.48467 0.0620876 0.660091
0 0.720946 0.601443 0.0596559 0.617152
0 0.226175 0.456563 0.065423 0.638007
0 0.481195 0.539177 0.0631057 0.644484
0 0.603918 0.573849 0.0605661 0.62561
0 0.945732 0.669989 0.0551281 0.596793
0 0.98759 0.671462 0.0248202 0.559739
0 0.0302221 0.409186 0.0601173 0.640259
0 0.542447 0.550612 0.0589088 0.641491
0 0.0299237 0.406584 0.0596737 0.628946
0 0.0943019 0.425039 0.065937 0.633888
0 0.417512 0.514147 0.0583793 0.636067
0 0.290849 0.473913 0.0664652 0.653837
0 0.662833 0.59179 0.0584099 0.612296
0 0.83511 0.641685 0.0583051 0.595334
0 0.778497 0.622569 0.0580607 0.61228
0 0.890565 0.656318 0.0555308 0.600108
0 0.160595 0.448807 0.066289 0.625711
0 0.356233 0.48467 0.0620876 0.660091
0 0.720946 0.601443 0.0596559 0.617152
0 0.226175 0.456563 0.065423 0.638007
0 0.481195 0.539177 0.0631057 0.644484
0 0.603918 0.573849 0.0605661 0.62561
0 0.945732 0.669989 0.0551281 0.596793
0 0.98759 0.671462 0.0248202 0.559739
0 0.0302221 0.409186 0.0601173 0.640259
0 0.542447 0.550612 0.0589088 0.641491
0 0.0299237 0.406584 0.0596737 0.628946
0 0.160246 0.447821 0.0681327 0.631793
0 0.945585 0.680755 0.0561172 0.582888
0 0.834464 0.646916 0.0599329 0.596118
0 0.0942656 0.428519 0.0679852 0.623847
0 0.542716 0.555804 0.0617813 0.630159
0 0.890027 0.665823 0.057446 0.591501
0 0.290279 0.472118 0.0689683 0.658448
0 0.662192 0.591312 0.0612068 0.616581
0 0.778124 0.623471 0.0578182 0.605769
0 0.418295 0.511258 0.0619611 0.640032
0 0.355903 0.485197 0.0630014 0.660039
0 0.481088 0.538703 0.0648318 0.658958
0 0.603304 0.576612 0.0617926 0.622237
0 0.721197 0.599533 0.0610916 0.61935
0 0.0299313 0.405155 0.0598626 0.61443
0 0.98631 0.6893 0.0273476 0.5658
0 0.225339 0.461523 0.0646877 0.656676
0 0.160246 0.447821 0.0681327 0.631793
0 0.945585 0.680755 0.0561172 0.582888
0 0.834464 0.646916 0.0599329 0.596118
0 0.0942656 0.428519 0.0679852 0.623847
0 0.542716 0.555804 0.0617813 0.630159
0 0.890027 0.665823 0.057446 0.591501
0 0.290279 0.472118 0.0689683 0.658448
0 0.662192 0.591312 0.0612068 0.616581
0 0.778124 0.623471 0.0578182 0.605769
0 0.418295 0.511258 0.0619611 0.640032
0 0.355903 0.485197 0.0630014 0.660039
0 0.481088 0.538703 0.0648318 0.658958
0 0.603304 0.576612 0.0617926 0.622237
0 0.721197 0.599533 0.0610916 0.61935
0 0.0299313 0.405155 0.0598626 0.61443
0 0.98631 0.6893 0.0273476 0.5658
0 0.225339 0.461523 0.0646877 0.656676
