0 0.262677 0.575352 0.113846 0.352712
0 0.151251 0.571657 0.123319 0.359088
0 0.379961 0.472248 0.143365 0.545589
0 0.519822 0.391733 0.159119 0.704449
0 0.822381 0.453383 0.270601 0.59728
0 0.650444 0.462499 0.135208 0.586643
0 0.262677 0.575352 0.113846 0.352712
0 0.151251 0.571657 0.123319 0.359088
0 0.379961 0.472248 0.143365 0.545589
0 0.519822 0.391733 0.159119 0.704449
0 0.822381 0.453383 0.270601 0.59728
0 0.650444 0.462499 0.135208 0.586643
0 0.262677 0.575352 0.113846 0.352712
0 0.151251 0.571657 0.123319 0.359088
0 0.379961 0.472248 0.143365 0.545589
0 0.519822 0.391733 0.159119 0.704449
0 0.822381 0.453383 0.270601 0.59728
0 0.650444 0.462499 0.135208 0.586643
0 0.152849 0.577316 0.115388 0.340761
0 0.262702 0.577965 0.111494 0.346708
0 0.380634 0.471859 0.14276 0.55
0 0.52045 0.396405 0.151203 0.687358
0 0.652059 0.496006 0.126153 0.511539
0 0.827571 0.485551 0.257407 0.552188
0 0.152849 0.577316 0.115388 0.340761
0 0.262702 0.577965 0.111494 0.346708
0 0.380634 0.471859 0.14276 0.55
0 0.52045 0.396405 0.151203 0.687358
0 0.652059 0.496006 0.126153 0.511539
0 0.827571 0.485551 0.257407 0.552188
0 0.519761 0.434129 0.143267 0.621518
0 0.152849 0.577316 0.115388 0.340761
0 0.262702 0.577965 0.111494 0.346708
0 0.380634 0.471859 0.14276 0.55
0 0.52045 0.396405 0.151203 0.687358
0 0.652059 0.496006 0.126153 0.511539
0 0.827571 0.485551 0.257407 0.552188
0 0.152849 0.577316 0.115388 0.340761
0 0.262702 0.577965 0.111494 0.346708
0 0.380634 0.471859 0.14276 0.55
0 0.52045 0.396405 0.151203 0.687358
0 0.652059 0.496006 0.126153 0.511539
0 0.827571 0.485551 0.257407 0.552188
