0 0.164911 0.653014 0.263291 0.657964
0 0.873204 0.69611 0.238275 0.544649
0 0.636715 0.6204 0.240541 0.412802
0 0.0306346 0.750781 0.0610866 0.470134
0 0.401301 0.43496 0.238279 0.591464
0 0.485533 0.849999 0.0879249 0.261483
0 0.485622 0.850516 0.0869806 0.265919
0 0.164911 0.653014 0.263291 0.657964
0 0.873204 0.69611 0.238275 0.544649
0 0.636715 0.6204 0.240541 0.412802
0 0.0306346 0.750781 0.0610866 0.470134
0 0.401301 0.43496 0.238279 0.591464
0 0.485533 0.849999 0.0879249 0.261483
0 0.485622 0.850516 0.0869806 0.265919
0 0.164911 0.653014 0.263291 0.657964
0 0.873204 0.69611 0.238275 0.544649
0 0.636715 0.6204 0.240541 0.412802
0 0.0306346 0.750781 0.0610866 0.470134
0 0.401301 0.43496 0.238279 0.591464
0 0.485533 0.849999 0.0879249 0.261483
0 0.485622 0.850516 0.0869806 0.265919
0 0.640337 0.660878 0.23905 0.646295
0 0.168884 0.656218 0.266822 0.663753
0 0.877913 0.691559 0.236606 0.583197
0 0.408095 0.635258 0.244063 0.712342
0 0.62877 0.242832 0.196628 0.189373
0 0.840869 0.251411 0.202795 0.172431
0 0.0345108 0.702054 0.0673503 0.586229
0 0.640337 0.660878 0.23905 0.646295
0 0.168884 0.656218 0.266822 0.663753
0 0.877913 0.691559 0.236606 0.583197
0 0.408095 0.635258 0.244063 0.712342
0 0.62877 0.242832 0.196628 0.189373
0 0.840869 0.251411 0.202795 0.172431
0 0.0345108 0.702054 0.0673503 0.586229
0 0.41907 0.845297 0.21856 0.281592
0 0.640337 0.660878 0.23905 0.646295
0 0.168884 0.656218 0.266822 0.663753
0 0.877913 0.691559 0.236606 0.583197
0 0.408095 0.635258 0.244063 0.712342
0 0.62877 0.242832 0.196628 0.189373
0 0.840869 0.251411 0.202795 0.172431
0 0.0345108 0.702054 0.0673503 0.586229
0 0.640337 0.660878 0.23905 0.646295
0 0.168884 0.656218 0.266822 0.663753
0 0.877913 0.691559 0.236606 0.583197
0 0.408095 0.635258 0.244063 0.712342
0 0.62877 0.242832 0.196628 0.189373
0 0.840869 0.251411 0.202795 0.172431
0 0.0345108 0.702054 0.0673503 0.586229
