0 0.47521 0.740714 0.108189 0.463591
0 0.690309 0.716968 0.109119 0.472306
0 0.582571 0.732874 0.108662 0.464931
0 0.927901 0.69491 0.113197 0.478368
0 0.0626945 0.782163 0.104947 0.435673
0 0.802888 0.70767 0.114196 0.474756
0 0.166774 0.77555 0.102893 0.447374
0 0.367739 0.676484 0.101223 0.29421
0 0.266237 0.681167 0.0954883 0.268382
0 0.323014 0.765934 0.202492 0.468132
0 0.00760526 0.787099 0.0152105 0.425802
0 0.47521 0.740714 0.108189 0.463591
0 0.690309 0.716968 0.109119 0.472306
0 0.582571 0.732874 0.108662 0.464931
0 0.927901 0.69491 0.113197 0.478368
0 0.0626945 0.782163 0.104947 0.435673
0 0.802888 0.70767 0.114196 0.474756
0 0.166774 0.77555 0.102893 0.447374
0 0.367739 0.676484 0.101223 0.29421
0 0.266237 0.681167 0.0954883 0.268382
0 0.323014 0.765934 0.202492 0.468132
0 0.00760526 0.787099 0.0152105 0.425802
0 0.47521 0.740714 0.108189 0.463591
0 0.690309 0.716968 0.109119 0.472306
0 0.582571 0.732874 0.108662 0.464931
0 0.927901 0.69491 0.113197 0.478368
0 0.0626945 0.782163 0.104947 0.435673
0 0.802888 0.70767 0.114196 0.474756
0 0.166774 0.77555 0.102893 0.447374
0 0.367739 0.676484 0.101223 0.29421
0 0.266237 0.681167 0.0954883 0.268382
0 0.323014 0.765934 0.202492 0.468132
0 0.00760526 0.787099 0.0152105 0.425802
0 0.475592 0.743405 0.110539 0.458029
0 0.582661 0.736042 0.109392 0.45859
0 0.802485 0.713109 0.115345 0.462157
0 0.166635 0.776644 0.106332 0.437224
0 0.0642577 0.782433 0.106146 0.435133
0 0.929063 0.696332 0.116105 0.472798
0 0.691308 0.721992 0.112512 0.46292
0 0.368825 0.65279 0.1045 0.24779
0 0.266089 0.670422 0.098055 0.241447
0 0.990191 0.685194 0.0195708 0.494534
0 0.475592 0.743405 0.110539 0.458029
0 0.582661 0.736042 0.109392 0.45859
0 0.802485 0.713109 0.115345 0.462157
0 0.166635 0.776644 0.106332 0.437224
0 0.0642577 0.782433 0.106146 0.435133
0 0.929063 0.696332 0.116105 0.472798
0 0.691308 0.721992 0.112512 0.46292
0 0.368825 0.65279 0.1045 0.24779
0 0.266089 0.670422 0.098055 0.241447
0 0.990191 0.685194 0.0195708 0.494534
0 0.264548 0.771105 0.0945419 0.45779
0 0.029426 0.301027 0.0580233 0.602054
0 0.324578 0.876324 0.184818 0.247353
0 0.265624 0.768568 0.0984174 0.462863
0 0.00874763 0.789371 0.0174953 0.421258
0 0.320464 0.877461 0.200606 0.245078
0 0.369017 0.75646 0.108153 0.478909
0 0.1271 0.281213 0.146422 0.562425
0 0.324508 0.766474 0.195559 0.467052
0 0.475592 0.743405 0.110539 0.458029
0 0.582661 0.736042 0.109392 0.45859
0 0.802485 0.713109 0.115345 0.462157
0 0.166635 0.776644 0.106332 0.437224
0 0.0642577 0.782433 0.106146 0.435133
0 0.929063 0.696332 0.116105 0.472798
0 0.691308 0.721992 0.112512 0.46292
0 0.368825 0.65279 0.1045 0.24779
0 0.266089 0.670422 0.098055 0.241447
0 0.990191 0.685194 0.0195708 0.494534
0 0.475592 0.743405 0.110539 0.458029
0 0.582661 0.736042 0.109392 0.45859
0 0.802485 0.713109 0.115345 0.462157
0 0.166635 0.776644 0.106332 0.437224
0 0.0642577 0.782433 0.106146 0.435133
0 0.929063 0.696332 0.116105 0.472798
0 0.691308 0.721992 0.112512 0.46292
0 0.368825 0.65279 0.1045 0.24779
0 0.266089 0.670422 0.098055 0.241447
0 0.990191 0.685194 0.0195708 0.494534
