0 0.850482 0.696484 0.203782 0.388425
0 0.363905 0.701696 0.209725 0.516548
0 0.12195 0.708362 0.207616 0.535631
0 0.625353 0.704597 0.212527 0.443029
0 0.850482 0.696484 0.203782 0.388425
0 0.363905 0.701696 0.209725 0.516548
0 0.12195 0.708362 0.207616 0.535631
0 0.625353 0.704597 0.212527 0.443029
0 0.850482 0.696484 0.203782 0.388425
0 0.363905 0.701696 0.209725 0.516548
0 0.12195 0.708362 0.207616 0.535631
0 0.625353 0.704597 0.212527 0.443029
0 0.627444 0.696408 0.203598 0.461081
0 0.3658 0.696115 0.204529 0.509533
0 0.124546 0.713362 0.203318 0.52575
0 0.849208 0.702806 0.207212 0.402667
0 0.627444 0.696408 0.203598 0.461081
0 0.3658 0.696115 0.204529 0.509533
0 0.124546 0.713362 0.203318 0.52575
0 0.849208 0.702806 0.207212 0.402667
0 0.627444 0.696408 0.203598 0.461081
0 0.3658 0.696115 0.204529 0.509533
0 0.124546 0.713362 0.203318 0.52575
0 0.849208 0.702806 0.207212 0.402667
0 0.627444 0.696408 0.203598 0.461081
0 0.3658 0.696115 0.204529 0.509533
0 0.124546 0.713362 0.203318 0.52575
0 0.849208 0.702806 0.207212 0.402667
