0 0.965314 0.263047 0.0693725 0.431185
0 0.890947 0.267199 0.0961679 0.417804
0 0.184225 0.675981 0.342761 0.500008
0 0.96049 0.687486 0.0782562 0.387821
0 0.871822 0.691573 0.12012 0.384647
0 0.965314 0.263047 0.0693725 0.431185
0 0.890947 0.267199 0.0961679 0.417804
0 0.184225 0.675981 0.342761 0.500008
0 0.96049 0.687486 0.0782562 0.387821
0 0.871822 0.691573 0.12012 0.384647
0 0.965314 0.263047 0.0693725 0.431185
0 0.890947 0.267199 0.0961679 0.417804
0 0.184225 0.675981 0.342761 0.500008
0 0.96049 0.687486 0.0782562 0.387821
0 0.871822 0.691573 0.12012 0.384647
0 0.889674 0.266946 0.0938918 0.430873
0 0.871029 0.688813 0.112438 0.384608
0 0.960865 0.670951 0.0782693 0.418597
0 0.967469 0.263054 0.0650617 0.423496
0 0.791635 0.299535 0.104833 0.427766
0 0.181584 0.480569 0.316406 0.2972
0 0.187727 0.770081 0.324079 0.302658
0 0.189277 0.76368 0.320509 0.301756
0 0.714243 0.718173 0.213469 0.372817
0 0.889674 0.266946 0.0938918 0.430873
0 0.871029 0.688813 0.112438 0.384608
0 0.960865 0.670951 0.0782693 0.418597
0 0.967469 0.263054 0.0650617 0.423496
0 0.791635 0.299535 0.104833 0.427766
0 0.181584 0.480569 0.316406 0.2972
0 0.187727 0.770081 0.324079 0.302658
0 0.189277 0.76368 0.320509 0.301756
0 0.714243 0.718173 0.213469 0.372817
0 0.478082 0.439492 0.284702 0.772475
0 0.421353 0.744162 0.137379 0.366935
0 0.678685 0.325732 0.125996 0.428636
0 0.550889 0.421888 0.114263 0.230942
0 0.42134 0.409249 0.142647 0.264477
0 0.71609 0.506542 0.21987 0.796249
0 0.711152 0.713856 0.212289 0.377649
0 0.188048 0.772154 0.32169 0.298729
0 0.889674 0.266946 0.0938918 0.430873
0 0.871029 0.688813 0.112438 0.384608
0 0.960865 0.670951 0.0782693 0.418597
0 0.967469 0.263054 0.0650617 0.423496
0 0.791635 0.299535 0.104833 0.427766
0 0.181584 0.480569 0.316406 0.2972
0 0.187727 0.770081 0.324079 0.302658
0 0.189277 0.76368 0.320509 0.301756
0 0.714243 0.718173 0.213469 0.372817
0 0.889674 0.266946 0.0938918 0.430873
0 0.871029 0.688813 0.112438 0.384608
0 0.960865 0.670951 0.0782693 0.418597
0 0.967469 0.263054 0.0650617 0.423496
0 0.791635 0.299535 0.104833 0.427766
0 0.181584 0.480569 0.316406 0.2972
0 0.187727 0.770081 0.324079 0.302658
0 0.189277 0.76368 0.320509 0.301756
0 0.714243 0.718173 0.213469 0.372817
