0 0.284795 0.465441 0.172663 0.919124
0 0.284795 0.465441 0.172663 0.919124
0 0.284795 0.465441 0.172663 0.919124
0 0.956022 0.635097 0.0867456 0.584081
0 0.296089 0.575865 0.143665 0.694311
0 0.0723816 0.566439 0.131913 0.706928
0 0.181079 0.588484 0.0936166 0.636963
0 0.880552 0.66566 0.0855417 0.534465
0 0.956022 0.635097 0.0867456 0.584081
0 0.296089 0.575865 0.143665 0.694311
0 0.0723816 0.566439 0.131913 0.706928
0 0.181079 0.588484 0.0936166 0.636963
0 0.880552 0.66566 0.0855417 0.534465
0 0.956022 0.635097 0.0867456 0.584081
0 0.296089 0.575865 0.143665 0.694311
0 0.0723816 0.566439 0.131913 0.706928
0 0.181079 0.588484 0.0936166 0.636963
0 0.880552 0.66566 0.0855417 0.534465
0 0.956022 0.635097 0.0867456 0.584081
0 0.296089 0.575865 0.143665 0.694311
0 0.0723816 0.566439 0.131913 0.706928
0 0.181079 0.588484 0.0936166 0.636963
0 0.880552 0.66566 0.0855417 0.534465
