0 0.211699 0.516923 0.137462 0.851847
0 0.466914 0.535358 0.138719 0.880478
0 0.715862 0.54152 0.137067 0.832011
0 0.340717 0.53134 0.1479 0.910818
0 0.877432 0.490512 0.193749 0.981024
0 0.593244 0.554784 0.133864 0.81732
0 0.0866183 0.698477 0.131763 0.570999
0 0.0829288 0.542776 0.151375 0.903718
0 0.211699 0.516923 0.137462 0.851847
0 0.466914 0.535358 0.138719 0.880478
0 0.715862 0.54152 0.137067 0.832011
0 0.340717 0.53134 0.1479 0.910818
0 0.877432 0.490512 0.193749 0.981024
0 0.593244 0.554784 0.133864 0.81732
0 0.0866183 0.698477 0.131763 0.570999
0 0.0829288 0.542776 0.151375 0.903718
0 0.211699 0.516923 0.137462 0.851847
0 0.466914 0.535358 0.138719 0.880478
0 0.715862 0.54152 0.137067 0.832011
0 0.340717 0.53134 0.1479 0.910818
0 0.877432 0.490512 0.193749 0.981024
0 0.593244 0.554784 0.133864 0.81732
0 0.0866183 0.698477 0.131763 0.570999
0 0.0829288 0.542776 0.151375 0.903718
0 0.716973 0.552195 0.136075 0.797473
0 0.211847 0.54169 0.136816 0.82863
0 0.876284 0.463597 0.182226 0.927024
0 0.342209 0.552249 0.141908 0.841635
0 0.594282 0.563822 0.135034 0.792399
0 0.0864225 0.561689 0.142606 0.84362
0 0.468083 0.573153 0.135854 0.798324
0 0.469039 0.573762 0.136617 0.805618
0 0.716973 0.552195 0.136075 0.797473
0 0.211847 0.54169 0.136816 0.82863
0 0.876284 0.463597 0.182226 0.927024
0 0.342209 0.552249 0.141908 0.841635
0 0.594282 0.563822 0.135034 0.792399
0 0.0864225 0.561689 0.142606 0.84362
0 0.468083 0.573153 0.135854 0.798324
0 0.469039 0.573762 0.136617 0.805618
0 0.716973 0.552195 0.136075 0.797473
0 0.211847 0.54169 0.136816 0.82863
0 0.876284 0.463597 0.182226 0.927024
0 0.342209 0.552249 0.141908 0.841635
0 0.594282 0.563822 0.135034 0.792399
0 0.0864225 0.561689 0.142606 0.84362
0 0.468083 0.573153 0.135854 0.798324
0 0.469039 0.573762 0.136617 0.805618
