0 0.18577 0.621984 0.110366 0.641844
0 0.388242 0.64383 0.144181 0.619486
0 0.274276 0.626587 0.0993497 0.613805
0 0.837752 0.708655 0.118315 0.553409
0 0.947013 0.673724 0.102937 0.652553
0 0.0672075 0.562156 0.134415 0.806622
0 0.721784 0.801519 0.0942612 0.357065
0 0.18577 0.621984 0.110366 0.641844
0 0.388242 0.64383 0.144181 0.619486
0 0.274276 0.626587 0.0993497 0.613805
0 0.837752 0.708655 0.118315 0.553409
0 0.947013 0.673724 0.102937 0.652553
0 0.0672075 0.562156 0.134415 0.806622
0 0.721784 0.801519 0.0942612 0.357065
0 0.18577 0.621984 0.110366 0.641844
0 0.388242 0.64383 0.144181 0.619486
0 0.274276 0.626587 0.0993497 0.613805
0 0.837752 0.708655 0.118315 0.553409
0 0.947013 0.673724 0.102937 0.652553
0 0.0672075 0.562156 0.134415 0.806622
0 0.721784 0.801519 0.0942612 0.357065
0 0.184754 0.632646 0.103173 0.615026
0 0.388124 0.549636 0.145434 0.804946
0 0.951157 0.677485 0.0935383 0.630445
0 0.837079 0.711689 0.109894 0.544023
0 0.608586 0.678908 0.134589 0.594508
0 0.721472 0.69313 0.0978546 0.568089
0 0.274555 0.63857 0.0961439 0.616574
0 0.0730776 0.635029 0.132581 0.583262
0 0.0734286 0.635152 0.128106 0.582676
0 0.184754 0.632646 0.103173 0.615026
0 0.388124 0.549636 0.145434 0.804946
0 0.951157 0.677485 0.0935383 0.630445
0 0.837079 0.711689 0.109894 0.544023
0 0.608586 0.678908 0.134589 0.594508
0 0.721472 0.69313 0.0978546 0.568089
0 0.274555 0.63857 0.0961439 0.616574
0 0.0730776 0.635029 0.132581 0.583262
0 0.0734286 0.635152 0.128106 0.582676
0 0.274685 0.625995 0.0964453 0.647312
0 0.184754 0.632646 0.103173 0.615026
0 0.388124 0.549636 0.145434 0.804946
0 0.951157 0.677485 0.0935383 0.630445
0 0.837079 0.711689 0.109894 0.544023
0 0.608586 0.678908 0.134589 0.594508
0 0.721472 0.69313 0.0978546 0.568089
0 0.274555 0.63857 0.0961439 0.616574
0 0.0730776 0.635029 0.132581 0.583262
0 0.0734286 0.635152 0.128106 0.582676
