0 0.678978 0.557259 0.152359 0.683034
0 0.226199 0.496029 0.142441 0.629747
0 0.524176 0.491728 0.160906 0.773794
0 0.0850658 0.521369 0.151199 0.537549
0 0.954858 0.6374 0.0902848 0.691576
0 0.830161 0.595787 0.154263 0.489748
0 0.363948 0.50693 0.155685 0.666642
0 0.817098 0.228084 0.144286 0.317269
0 0.364908 0.50714 0.156333 0.668431
0 0.523061 0.492066 0.159714 0.782058
0 0.678978 0.557259 0.152359 0.683034
0 0.226199 0.496029 0.142441 0.629747
0 0.524176 0.491728 0.160906 0.773794
0 0.0850658 0.521369 0.151199 0.537549
0 0.954858 0.6374 0.0902848 0.691576
0 0.830161 0.595787 0.154263 0.489748
0 0.363948 0.50693 0.155685 0.666642
0 0.817098 0.228084 0.144286 0.317269
0 0.364908 0.50714 0.156333 0.668431
0 0.523061 0.492066 0.159714 0.782058
0 0.678978 0.557259 0.152359 0.683034
0 0.226199 0.496029 0.142441 0.629747
0 0.524176 0.491728 0.160906 0.773794
0 0.0850658 0.521369 0.151199 0.537549
0 0.954858 0.6374 0.0902848 0.691576
0 0.830161 0.595787 0.154263 0.489748
0 0.363948 0.50693 0.155685 0.666642
0 0.817098 0.228084 0.144286 0.317269
0 0.364908 0.50714 0.156333 0.668431
0 0.523061 0.492066 0.159714 0.782058
0 0.365544 0.514156 0.153774 0.674293
0 0.0867908 0.520109 0.145496 0.522958
0 0.524419 0.499874 0.165046 0.787201
0 0.680925 0.561642 0.155441 0.68332
0 0.830716 0.587568 0.151076 0.437893
0 0.952075 0.633034 0.0958503 0.687752
0 0.225931 0.497443 0.141921 0.630471
0 0.0114162 0.546838 0.0228323 0.479761
0 0.947018 0.22882 0.104689 0.336453
0 0.22606 0.499884 0.143488 0.632427
0 0.365544 0.514156 0.153774 0.674293
0 0.0867908 0.520109 0.145496 0.522958
0 0.524419 0.499874 0.165046 0.787201
0 0.680925 0.561642 0.155441 0.68332
0 0.830716 0.587568 0.151076 0.437893
0 0.952075 0.633034 0.0958503 0.687752
0 0.225931 0.497443 0.141921 0.630471
0 0.0114162 0.546838 0.0228323 0.479761
0 0.947018 0.22882 0.104689 0.336453
0 0.22606 0.499884 0.143488 0.632427
0 0.818524 0.232274 0.150732 0.331518
0 0.365544 0.514156 0.153774 0.674293
0 0.0867908 0.520109 0.145496 0.522958
0 0.524419 0.499874 0.165046 0.787201
0 0.680925 0.561642 0.155441 0.68332
0 0.830716 0.587568 0.151076 0.437893
0 0.952075 0.633034 0.0958503 0.687752
0 0.225931 0.497443 0.141921 0.630471
0 0.0114162 0.546838 0.0228323 0.479761
0 0.947018 0.22882 0.104689 0.336453
0 0.22606 0.499884 0.143488 0.632427
0 0.365544 0.514156 0.153774 0.674293
0 0.0867908 0.520109 0.145496 0.522958
0 0.524419 0.499874 0.165046 0.787201
0 0.680925 0.561642 0.155441 0.68332
0 0.830716 0.587568 0.151076 0.437893
0 0.952075 0.633034 0.0958503 0.687752
0 0.225931 0.497443 0.141921 0.630471
0 0.0114162 0.546838 0.0228323 0.479761
0 0.947018 0.22882 0.104689 0.336453
0 0.22606 0.499884 0.143488 0.632427
