0 0.778475 0.553954 0.135166 0.74763
0 0.655573 0.53853 0.134642 0.746481
0 0.488464 0.506894 0.206852 0.726745
0 0.122386 0.519632 0.171798 0.905103
0 0.914106 0.563547 0.158603 0.771586
0 0.34239 0.489196 0.119273 0.702332
0 0.778475 0.553954 0.135166 0.74763
0 0.655573 0.53853 0.134642 0.746481
0 0.488464 0.506894 0.206852 0.726745
0 0.122386 0.519632 0.171798 0.905103
0 0.914106 0.563547 0.158603 0.771586
0 0.34239 0.489196 0.119273 0.702332
0 0.778475 0.553954 0.135166 0.74763
0 0.655573 0.53853 0.134642 0.746481
0 0.488464 0.506894 0.206852 0.726745
0 0.122386 0.519632 0.171798 0.905103
0 0.914106 0.563547 0.158603 0.771586
0 0.34239 0.489196 0.119273 0.702332
0 0.657095 0.539322 0.124138 0.707911
0 0.912065 0.562957 0.139254 0.728563
0 0.440983 0.502055 0.105472 0.675731
0 0.341141 0.481467 0.111498 0.674919
0 0.238413 0.465088 0.112118 0.66919
0 0.543675 0.521572 0.116575 0.683489
0 0.78005 0.555416 0.132068 0.723019
0 0.439662 0.493456 0.102495 0.682961
0 0.657095 0.539322 0.124138 0.707911
0 0.912065 0.562957 0.139254 0.728563
0 0.440983 0.502055 0.105472 0.675731
0 0.341141 0.481467 0.111498 0.674919
0 0.238413 0.465088 0.112118 0.66919
0 0.543675 0.521572 0.116575 0.683489
0 0.78005 0.555416 0.132068 0.723019
0 0.439662 0.493456 0.102495 0.682961
0 0.780045 0.556091 0.131649 0.725846
0 0.657095 0.539322 0.124138 0.707911
0 0.912065 0.562957 0.139254 0.728563
0 0.440983 0.502055 0.105472 0.675731
0 0.341141 0.481467 0.111498 0.674919
0 0.238413 0.465088 0.112118 0.66919
0 0.543675 0.521572 0.116575 0.683489
0 0.78005 0.555416 0.132068 0.723019
0 0.439662 0.493456 0.102495 0.682961
0 0.657095 0.539322 0.124138 0.707911
0 0.912065 0.562957 0.139254 0.728563
0 0.440983 0.502055 0.105472 0.675731
0 0.341141 0.481467 0.111498 0.674919
0 0.238413 0.465088 0.112118 0.66919
0 0.543675 0.521572 0.116575 0.683489
0 0.78005 0.555416 0.132068 0.723019
0 0.439662 0.493456 0.102495 0.682961
