0 0.119516 0.389298 0.151461 0.652462
0 0.428147 0.448193 0.186696 0.761755
0 0.265347 0.440803 0.152246 0.677108
0 0.631886 0.512518 0.234516 0.800264
0 0.85958 0.570866 0.223387 0.820573
0 0.119516 0.389298 0.151461 0.652462
0 0.428147 0.448193 0.186696 0.761755
0 0.265347 0.440803 0.152246 0.677108
0 0.631886 0.512518 0.234516 0.800264
0 0.85958 0.570866 0.223387 0.820573
0 0.119516 0.389298 0.151461 0.652462
0 0.428147 0.448193 0.186696 0.761755
0 0.265347 0.440803 0.152246 0.677108
0 0.631886 0.512518 0.234516 0.800264
0 0.85958 0.570866 0.223387 0.820573
0 0.269221 0.435979 0.161402 0.680714
0 0.632969 0.515553 0.241173 0.79223
0 0.122516 0.393944 0.160154 0.638713
0 0.428053 0.445076 0.192677 0.742681
0 0.864183 0.574399 0.236122 0.799413
0 0.269221 0.435979 0.161402 0.680714
0 0.632969 0.515553 0.241173 0.79223
0 0.122516 0.393944 0.160154 0.638713
0 0.428053 0.445076 0.192677 0.742681
0 0.864183 0.574399 0.236122 0.799413
0 0.269221 0.435979 0.161402 0.680714
0 0.632969 0.515553 0.241173 0.79223
0 0.122516 0.393944 0.160154 0.638713
0 0.428053 0.445076 0.192677 0.742681
0 0.864183 0.574399 0.236122 0.799413
