0 0.885211 0.488746 0.192033 0.977492
0 0.724526 0.493685 0.183118 0.98737
0 0.570924 0.5 0.168139 1
0 0.261605 0.527899 0.151281 0.944202
0 0.40281 0.50719 0.196075 0.985619
0 0.110714 0.515432 0.185955 0.969136
0 0.885211 0.488746 0.192033 0.977492
0 0.724526 0.493685 0.183118 0.98737
0 0.570924 0.5 0.168139 1
0 0.261605 0.527899 0.151281 0.944202
0 0.40281 0.50719 0.196075 0.985619
0 0.110714 0.515432 0.185955 0.969136
0 0.885211 0.488746 0.192033 0.977492
0 0.724526 0.493685 0.183118 0.98737
0 0.570924 0.5 0.168139 1
0 0.261605 0.527899 0.151281 0.944202
0 0.40281 0.50719 0.196075 0.985619
0 0.110714 0.515432 0.185955 0.969136
0 0.264654 0.536703 0.159708 0.926595
0 0.572275 0.510459 0.171751 0.978504
0 0.413543 0.523436 0.191021 0.953128
0 0.722421 0.501652 0.182424 0.975148
0 0.882547 0.494968 0.196217 0.973641
0 0.112519 0.532264 0.186271 0.935471
0 0.264654 0.536703 0.159708 0.926595
0 0.572275 0.510459 0.171751 0.978504
0 0.413543 0.523436 0.191021 0.953128
0 0.722421 0.501652 0.182424 0.975148
0 0.882547 0.494968 0.196217 0.973641
0 0.112519 0.532264 0.186271 0.935471
0 0.017416 0.517896 0.0348319 0.964208
0 0.980979 0.5 0.0379988 1
0 0.982023 0.5 0.0359537 1
0 0.264654 0.536703 0.159708 0.926595
0 0.572275 0.510459 0.171751 0.978504
0 0.413543 0.523436 0.191021 0.953128
0 0.722421 0.501652 0.182424 0.975148
0 0.882547 0.494968 0.196217 0.973641
0 0.112519 0.532264 0.186271 0.935471
0 0.264654 0.536703 0.159708 0.926595
0 0.572275 0.510459 0.171751 0.978504
0 0.413543 0.523436 0.191021 0.953128
0 0.722421 0.501652 0.182424 0.975148
0 0.882547 0.494968 0.196217 0.973641
0 0.112519 0.532264 0.186271 0.935471
