0 0.30015 0.696551 0.200093 0.602419
0 0.872164 0.68913 0.201352 0.567767
0 0.113719 0.696063 0.203753 0.602068
0 0.675343 0.701694 0.202537 0.563408
0 0.485087 0.691715 0.198756 0.60169
0 0.30015 0.696551 0.200093 0.602419
0 0.872164 0.68913 0.201352 0.567767
0 0.113719 0.696063 0.203753 0.602068
0 0.675343 0.701694 0.202537 0.563408
0 0.485087 0.691715 0.198756 0.60169
0 0.30015 0.696551 0.200093 0.602419
0 0.872164 0.68913 0.201352 0.567767
0 0.113719 0.696063 0.203753 0.602068
0 0.675343 0.701694 0.202537 0.563408
0 0.485087 0.691715 0.198756 0.60169
0 0.677888 0.699982 0.201952 0.5631
0 0.487076 0.700653 0.197795 0.578607
0 0.872925 0.687098 0.200924 0.56889
0 0.300509 0.704951 0.202037 0.58401
0 0.11741 0.708176 0.200116 0.583649
0 0.677888 0.699982 0.201952 0.5631
0 0.487076 0.700653 0.197795 0.578607
0 0.872925 0.687098 0.200924 0.56889
0 0.300509 0.704951 0.202037 0.58401
0 0.11741 0.708176 0.200116 0.583649
0 0.677888 0.699982 0.201952 0.5631
0 0.487076 0.700653 0.197795 0.578607
0 0.872925 0.687098 0.200924 0.56889
0 0.300509 0.704951 0.202037 0.58401
0 0.11741 0.708176 0.200116 0.583649
0 0.677888 0.699982 0.201952 0.5631
0 0.487076 0.700653 0.197795 0.578607
0 0.872925 0.687098 0.200924 0.56889
0 0.300509 0.704951 0.202037 0.58401
0 0.11741 0.708176 0.200116 0.583649
