0 0.483449 0.563957 0.38715 0.872086
0 0.822745 0.572621 0.323636 0.813449
0 0.156216 0.549548 0.312432 0.900904
0 0.483449 0.563957 0.38715 0.872086
0 0.822745 0.572621 0.323636 0.813449
0 0.156216 0.549548 0.312432 0.900904
0 0.483449 0.563957 0.38715 0.872086
0 0.822745 0.572621 0.323636 0.813449
0 0.156216 0.549548 0.312432 0.900904
0 0.826665 0.58638 0.316747 0.780519
0 0.48425 0.588468 0.380266 0.823063
0 0.189062 0.555172 0.223143 0.851623
0 0.0543751 0.558482 0.10875 0.843785
0 0.826665 0.58638 0.316747 0.780519
0 0.48425 0.588468 0.380266 0.823063
0 0.189062 0.555172 0.223143 0.851623
0 0.0543751 0.558482 0.10875 0.843785
