0 0.599865 0.564704 0.128968 0.774376
0 0.49453 0.557543 0.118565 0.76211
0 0.275292 0.533174 0.130054 0.753794
0 0.934973 0.589218 0.129141 0.803604
0 0.710989 0.574676 0.130344 0.794703
0 0.393234 0.554841 0.128809 0.751273
0 0.158056 0.449551 0.162355 0.878835
0 0.823595 0.586425 0.140015 0.820424
0 0.823435 0.582107 0.142155 0.815291
0 0.599865 0.564704 0.128968 0.774376
0 0.49453 0.557543 0.118565 0.76211
0 0.275292 0.533174 0.130054 0.753794
0 0.934973 0.589218 0.129141 0.803604
0 0.710989 0.574676 0.130344 0.794703
0 0.393234 0.554841 0.128809 0.751273
0 0.158056 0.449551 0.162355 0.878835
0 0.823595 0.586425 0.140015 0.820424
0 0.823435 0.582107 0.142155 0.815291
0 0.274203 0.539265 0.12874 0.739565
0 0.391123 0.552505 0.127138 0.74948
0 0.599865 0.564704 0.128968 0.774376
0 0.49453 0.557543 0.118565 0.76211
0 0.275292 0.533174 0.130054 0.753794
0 0.934973 0.589218 0.129141 0.803604
0 0.710989 0.574676 0.130344 0.794703
0 0.393234 0.554841 0.128809 0.751273
0 0.158056 0.449551 0.162355 0.878835
0 0.823595 0.586425 0.140015 0.820424
0 0.823435 0.582107 0.142155 0.815291
