0 0.730121 0.667478 0.141869 0.562159
0 0.468718 0.620431 0.158116 0.579316
0 0.894436 0.75638 0.168847 0.438996
0 0.291086 0.521834 0.22686 0.675718
0 0.0995148 0.440872 0.19903 0.723363
0 0.604967 0.634136 0.144273 0.57992
0 0.60415 0.635125 0.145952 0.58876
0 0.0999716 0.441441 0.197872 0.723372
0 0.730121 0.667478 0.141869 0.562159
0 0.468718 0.620431 0.158116 0.579316
0 0.894436 0.75638 0.168847 0.438996
0 0.291086 0.521834 0.22686 0.675718
0 0.0995148 0.440872 0.19903 0.723363
0 0.604967 0.634136 0.144273 0.57992
0 0.60415 0.635125 0.145952 0.58876
0 0.0999716 0.441441 0.197872 0.723372
0 0.730121 0.667478 0.141869 0.562159
0 0.468718 0.620431 0.158116 0.579316
0 0.894436 0.75638 0.168847 0.438996
0 0.291086 0.521834 0.22686 0.675718
0 0.0995148 0.440872 0.19903 0.723363
0 0.604967 0.634136 0.144273 0.57992
0 0.60415 0.635125 0.145952 0.58876
0 0.0999716 0.441441 0.197872 0.723372
0 0.60515 0.635835 0.132344 0.575843
0 0.730277 0.670989 0.133146 0.534874
0 0.893471 0.763567 0.151705 0.414687
0 0.295195 0.529999 0.2169 0.652264
0 0.467764 0.616321 0.149676 0.552843
0 0.0956454 0.448665 0.18838 0.731472
0 0.604241 0.635408 0.132729 0.571694
0 0.60515 0.635835 0.132344 0.575843
0 0.730277 0.670989 0.133146 0.534874
0 0.893471 0.763567 0.151705 0.414687
0 0.295195 0.529999 0.2169 0.652264
0 0.467764 0.616321 0.149676 0.552843
0 0.0956454 0.448665 0.18838 0.731472
0 0.604241 0.635408 0.132729 0.571694
0 0.60515 0.635835 0.132344 0.575843
0 0.730277 0.670989 0.133146 0.534874
0 0.893471 0.763567 0.151705 0.414687
0 0.295195 0.529999 0.2169 0.652264
0 0.467764 0.616321 0.149676 0.552843
0 0.0956454 0.448665 0.18838 0.731472
0 0.604241 0.635408 0.132729 0.571694
