0 0.736077 0.581265 0.341477 0.761132
0 0.17559 0.517139 0.326641 0.785236
0 0.451551 0.558957 0.336618 0.748577
0 0.38278 0.569843 0.202609 0.73463
0 0.736077 0.581265 0.341477 0.761132
0 0.17559 0.517139 0.326641 0.785236
0 0.451551 0.558957 0.336618 0.748577
0 0.38278 0.569843 0.202609 0.73463
0 0.736077 0.581265 0.341477 0.761132
0 0.17559 0.517139 0.326641 0.785236
0 0.451551 0.558957 0.336618 0.748577
0 0.38278 0.569843 0.202609 0.73463
0 0.734927 0.577695 0.329603 0.84461
0 0.448522 0.537109 0.320468 0.817623
0 0.165419 0.506275 0.314558 0.82488
0 0.73478 0.570337 0.333251 0.825313
0 0.734927 0.577695 0.329603 0.84461
0 0.448522 0.537109 0.320468 0.817623
0 0.165419 0.506275 0.314558 0.82488
0 0.73478 0.570337 0.333251 0.825313
0 0.734927 0.577695 0.329603 0.84461
0 0.448522 0.537109 0.320468 0.817623
0 0.165419 0.506275 0.314558 0.82488
0 0.73478 0.570337 0.333251 0.825313
