0 0.747754 0.503919 0.148546 0.584077
0 0.134157 0.405442 0.136371 0.687353
0 0.611855 0.539984 0.144117 0.73158
0 0.901803 0.5508 0.154203 0.625516
0 0.482884 0.517761 0.13233 0.70626
0 0.611344 0.53752 0.142737 0.725963
0 0.483775 0.52742 0.123395 0.33923
0 0.484715 0.505054 0.134635 0.721701
0 0.747754 0.503919 0.148546 0.584077
0 0.134157 0.405442 0.136371 0.687353
0 0.611855 0.539984 0.144117 0.73158
0 0.901803 0.5508 0.154203 0.625516
0 0.482884 0.517761 0.13233 0.70626
0 0.611344 0.53752 0.142737 0.725963
0 0.483775 0.52742 0.123395 0.33923
0 0.484715 0.505054 0.134635 0.721701
0 0.747754 0.503919 0.148546 0.584077
0 0.134157 0.405442 0.136371 0.687353
0 0.611855 0.539984 0.144117 0.73158
0 0.901803 0.5508 0.154203 0.625516
0 0.482884 0.517761 0.13233 0.70626
0 0.611344 0.53752 0.142737 0.725963
0 0.483775 0.52742 0.123395 0.33923
0 0.484715 0.505054 0.134635 0.721701
0 0.258503 0.443013 0.135124 0.671361
0 0.746231 0.580685 0.152588 0.704272
0 0.611759 0.547764 0.147156 0.705862
0 0.369517 0.481824 0.124373 0.684478
0 0.902907 0.54368 0.154986 0.57393
0 0.13526 0.406319 0.142703 0.667167
0 0.486495 0.48443 0.136278 0.637882
0 0.258503 0.443013 0.135124 0.671361
0 0.746231 0.580685 0.152588 0.704272
0 0.611759 0.547764 0.147156 0.705862
0 0.369517 0.481824 0.124373 0.684478
0 0.902907 0.54368 0.154986 0.57393
0 0.13526 0.406319 0.142703 0.667167
0 0.486495 0.48443 0.136278 0.637882
0 0.487015 0.460516 0.137255 0.590458
0 0.258503 0.443013 0.135124 0.671361
0 0.746231 0.580685 0.152588 0.704272
0 0.611759 0.547764 0.147156 0.705862
0 0.369517 0.481824 0.124373 0.684478
0 0.902907 0.54368 0.154986 0.57393
0 0.13526 0.406319 0.142703 0.667167
0 0.486495 0.48443 0.136278 0.637882
0 0.258503 0.443013 0.135124 0.671361
0 0.746231 0.580685 0.152588 0.704272
0 0.611759 0.547764 0.147156 0.705862
0 0.369517 0.481824 0.124373 0.684478
0 0.902907 0.54368 0.154986 0.57393
0 0.13526 0.406319 0.142703 0.667167
0 0.486495 0.48443 0.136278 0.637882
