0 0.166165 0.567109 0.237716 0.658859
0 0.763547 0.508247 0.467362 0.728591
0 0.0313992 0.539837 0.0624144 0.768959
0 0.312307 0.563397 0.496943 0.636255
0 0.166165 0.567109 0.237716 0.658859
0 0.763547 0.508247 0.467362 0.728591
0 0.0313992 0.539837 0.0624144 0.768959
0 0.312307 0.563397 0.496943 0.636255
0 0.166165 0.567109 0.237716 0.658859
0 0.763547 0.508247 0.467362 0.728591
0 0.0313992 0.539837 0.0624144 0.768959
0 0.312307 0.563397 0.496943 0.636255
0 0.167941 0.570438 0.225519 0.656571
0 0.411904 0.563062 0.27499 0.59943
0 0.0281285 0.540804 0.0553423 0.743559
0 0.765235 0.463255 0.438341 0.632859
0 0.639332 0.48962 0.189515 0.66639
0 0.167941 0.570438 0.225519 0.656571
0 0.411904 0.563062 0.27499 0.59943
0 0.0281285 0.540804 0.0553423 0.743559
0 0.765235 0.463255 0.438341 0.632859
0 0.639332 0.48962 0.189515 0.66639
0 0.167941 0.570438 0.225519 0.656571
0 0.411904 0.563062 0.27499 0.59943
0 0.0281285 0.540804 0.0553423 0.743559
0 0.765235 0.463255 0.438341 0.632859
0 0.639332 0.48962 0.189515 0.66639
