0 0.80298 0.231315 0.361266 0.354222
0 0.80298 0.231315 0.361266 0.354222
0 0.80298 0.231315 0.361266 0.354222
0 0.804501 0.530241 0.390998 0.931819
0 0.60439 0.777193 0.152729 0.281873
0 0.294738 0.547603 0.333485 0.890329
0 0.804501 0.530241 0.390998 0.931819
0 0.60439 0.777193 0.152729 0.281873
0 0.294738 0.547603 0.333485 0.890329
0 0.29519 0.549611 0.329943 0.881306
0 0.804501 0.530241 0.390998 0.931819
0 0.60439 0.777193 0.152729 0.281873
0 0.294738 0.547603 0.333485 0.890329
0 0.804501 0.530241 0.390998 0.931819
0 0.60439 0.777193 0.152729 0.281873
0 0.294738 0.547603 0.333485 0.890329
