0 0.874547 0.634354 0.213621 0.699338
0 0.707957 0.618557 0.12442 0.762886
0 0.126406 0.613232 0.208235 0.735662
0 0.58604 0.61885 0.11887 0.744141
0 0.423449 0.617545 0.193178 0.705111
0 0.874547 0.634354 0.213621 0.699338
0 0.707957 0.618557 0.12442 0.762886
0 0.126406 0.613232 0.208235 0.735662
0 0.58604 0.61885 0.11887 0.744141
0 0.423449 0.617545 0.193178 0.705111
0 0.874547 0.634354 0.213621 0.699338
0 0.707957 0.618557 0.12442 0.762886
0 0.126406 0.613232 0.208235 0.735662
0 0.58604 0.61885 0.11887 0.744141
0 0.423449 0.617545 0.193178 0.705111
0 0.590896 0.611183 0.116241 0.720206
0 0.708394 0.597141 0.126007 0.763696
0 0.0884832 0.550841 0.106735 0.574292
0 0.877516 0.500497 0.213119 0.976323
0 0.183832 0.559927 0.0926687 0.614753
0 0.488248 0.6153 0.098812 0.708235
0 0.284514 0.605302 0.11577 0.678633
0 0.388152 0.610633 0.105863 0.692953
0 0.284613 0.610734 0.115164 0.681826
0 0.590896 0.611183 0.116241 0.720206
0 0.708394 0.597141 0.126007 0.763696
0 0.0884832 0.550841 0.106735 0.574292
0 0.877516 0.500497 0.213119 0.976323
0 0.183832 0.559927 0.0926687 0.614753
0 0.488248 0.6153 0.098812 0.708235
0 0.284514 0.605302 0.11577 0.678633
0 0.388152 0.610633 0.105863 0.692953
0 0.284613 0.610734 0.115164 0.681826
0 0.590896 0.611183 0.116241 0.720206
0 0.708394 0.597141 0.126007 0.763696
0 0.0884832 0.550841 0.106735 0.574292
0 0.877516 0.500497 0.213119 0.976323
0 0.183832 0.559927 0.0926687 0.614753
0 0.488248 0.6153 0.098812 0.708235
0 0.284514 0.605302 0.11577 0.678633
0 0.388152 0.610633 0.105863 0.692953
0 0.284613 0.610734 0.115164 0.681826
0 0.590896 0.611183 0.116241 0.720206
0 0.708394 0.597141 0.126007 0.763696
0 0.0884832 0.550841 0.106735 0.574292
0 0.877516 0.500497 0.213119 0.976323
0 0.183832 0.559927 0.0926687 0.614753
0 0.488248 0.6153 0.098812 0.708235
0 0.284514 0.605302 0.11577 0.678633
0 0.388152 0.610633 0.105863 0.692953
0 0.284613 0.610734 0.115164 0.681826
