0 0.112751 0.461935 0.0444235 0.691373
0 0.989391 0.61773 0.0212179 0.684662
0 0.957434 0.616927 0.0410795 0.681951
0 0.206354 0.469596 0.0457822 0.729319
0 0.63671 0.529833 0.0392774 0.711206
0 0.591371 0.520279 0.0443977 0.715325
0 0.159441 0.463364 0.0437707 0.703267
0 0.543525 0.52543 0.0451437 0.754595
0 0.064635 0.473456 0.0442902 0.697154
0 0.680862 0.535939 0.0441063 0.697576
0 0.360138 0.537915 0.0452872 0.795531
0 0.311368 0.517011 0.0484641 0.784494
0 0.497683 0.510268 0.0436966 0.751912
0 0.405993 0.53258 0.0448581 0.777355
0 0.868215 0.499564 0.0407414 0.578466
0 0.451506 0.506551 0.045537 0.772627
0 0.912169 0.542838 0.0375784 0.598015
0 0.0195923 0.46581 0.0391488 0.708495
0 0.020172 0.465028 0.0393963 0.716125
0 0.775259 0.513517 0.0462024 0.686604
0 0.822487 0.507901 0.0430347 0.639284
0 0.25721 0.50442 0.050739 0.794464
0 0.25767 0.50413 0.0508033 0.786485
0 0.726575 0.51484 0.0451306 0.693375
0 0.311546 0.513483 0.0481721 0.808593
0 0.112751 0.461935 0.0444235 0.691373
0 0.989391 0.61773 0.0212179 0.684662
0 0.957434 0.616927 0.0410795 0.681951
0 0.206354 0.469596 0.0457822 0.729319
0 0.63671 0.529833 0.0392774 0.711206
0 0.591371 0.520279 0.0443977 0.715325
0 0.159441 0.463364 0.0437707 0.703267
0 0.543525 0.52543 0.0451437 0.754595
0 0.064635 0.473456 0.0442902 0.697154
0 0.680862 0.535939 0.0441063 0.697576
0 0.360138 0.537915 0.0452872 0.795531
0 0.311368 0.517011 0.0484641 0.784494
0 0.497683 0.510268 0.0436966 0.751912
0 0.405993 0.53258 0.0448581 0.777355
0 0.868215 0.499564 0.0407414 0.578466
0 0.451506 0.506551 0.045537 0.772627
0 0.912169 0.542838 0.0375784 0.598015
0 0.0195923 0.46581 0.0391488 0.708495
0 0.020172 0.465028 0.0393963 0.716125
0 0.775259 0.513517 0.0462024 0.686604
0 0.822487 0.507901 0.0430347 0.639284
0 0.25721 0.50442 0.050739 0.794464
0 0.25767 0.50413 0.0508033 0.786485
0 0.726575 0.51484 0.0451306 0.693375
0 0.311546 0.513483 0.0481721 0.808593
0 0.112751 0.461935 0.0444235 0.691373
0 0.989391 0.61773 0.0212179 0.684662
0 0.957434 0.616927 0.0410795 0.681951
0 0.206354 0.469596 0.0457822 0.729319
0 0.63671 0.529833 0.0392774 0.711206
0 0.591371 0.520279 0.0443977 0.715325
0 0.159441 0.463364 0.0437707 0.703267
0 0.543525 0.52543 0.0451437 0.754595
0 0.064635 0.473456 0.0442902 0.697154
0 0.680862 0.535939 0.0441063 0.697576
0 0.360138 0.537915 0.0452872 0.795531
0 0.311368 0.517011 0.0484641 0.784494
0 0.497683 0.510268 0.0436966 0.751912
0 0.405993 0.53258 0.0448581 0.777355
0 0.868215 0.499564 0.0407414 0.578466
0 0.451506 0.506551 0.045537 0.772627
0 0.912169 0.542838 0.0375784 0.598015
0 0.0195923 0.46581 0.0391488 0.708495
0 0.020172 0.465028 0.0393963 0.716125
0 0.775259 0.513517 0.0462024 0.686604
0 0.822487 0.507901 0.0430347 0.639284
0 0.25721 0.50442 0.050739 0.794464
0 0.25767 0.50413 0.0508033 0.786485
0 0.726575 0.51484 0.0451306 0.693375
0 0.311546 0.513483 0.0481721 0.808593
0 0.499202 0.489992 0.0450656 0.757427
0 0.453632 0.487859 0.0468494 0.778828
0 0.776791 0.493432 0.0483176 0.731288
0 0.207696 0.457433 0.0491099 0.746684
0 0.159581 0.445704 0.0471962 0.710456
0 0.112164 0.454457 0.048017 0.708071
0 0.25812 0.501624 0.0521018 0.819243
0 0.0641681 0.480947 0.0472477 0.689257
0 0.727985 0.48717 0.0476844 0.75237
0 0.406854 0.480522 0.0463224 0.804269
0 0.591955 0.494848 0.0471084 0.712532
0 0.359832 0.506708 0.0488745 0.807622
0 0.957956 0.605548 0.0429912 0.706307
0 0.637606 0.48387 0.0448987 0.71188
0 0.311219 0.510449 0.0501675 0.820167
0 0.682492 0.466132 0.046472 0.732362
0 0.823245 0.533696 0.0433039 0.678624
0 0.544712 0.496646 0.0463551 0.732508
0 0.989615 0.606558 0.0207212 0.715735
0 0.545609 0.497027 0.0453872 0.720016
0 0.0200096 0.487214 0.0400192 0.7277
0 0.912764 0.581407 0.040213 0.669898
0 0.868637 0.536757 0.045614 0.674254
0 0.0214031 0.4758 0.0397524 0.709575
0 0.499202 0.489992 0.0450656 0.757427
0 0.453632 0.487859 0.0468494 0.778828
0 0.776791 0.493432 0.0483176 0.731288
0 0.207696 0.457433 0.0491099 0.746684
0 0.159581 0.445704 0.0471962 0.710456
0 0.112164 0.454457 0.048017 0.708071
0 0.25812 0.501624 0.0521018 0.819243
0 0.0641681 0.480947 0.0472477 0.689257
0 0.727985 0.48717 0.0476844 0.75237
0 0.406854 0.480522 0.0463224 0.804269
0 0.591955 0.494848 0.0471084 0.712532
0 0.359832 0.506708 0.0488745 0.807622
0 0.957956 0.605548 0.0429912 0.706307
0 0.637606 0.48387 0.0448987 0.71188
0 0.311219 0.510449 0.0501675 0.820167
0 0.682492 0.466132 0.046472 0.732362
0 0.823245 0.533696 0.0433039 0.678624
0 0.544712 0.496646 0.0463551 0.732508
0 0.989615 0.606558 0.0207212 0.715735
0 0.545609 0.497027 0.0453872 0.720016
0 0.0200096 0.487214 0.0400192 0.7277
0 0.912764 0.581407 0.040213 0.669898
0 0.868637 0.536757 0.045614 0.674254
0 0.0214031 0.4758 0.0397524 0.709575
0 0.823034 0.5207 0.0442987 0.699038
0 0.913445 0.557473 0.0380289 0.654266
0 0.499202 0.489992 0.0450656 0.757427
0 0.453632 0.487859 0.0468494 0.778828
0 0.776791 0.493432 0.0483176 0.731288
0 0.207696 0.457433 0.0491099 0.746684
0 0.159581 0.445704 0.0471962 0.710456
0 0.112164 0.454457 0.048017 0.708071
0 0.25812 0.501624 0.0521018 0.819243
0 0.0641681 0.480947 0.0472477 0.689257
0 0.727985 0.48717 0.0476844 0.75237
0 0.406854 0.480522 0.0463224 0.804269
0 0.591955 0.494848 0.0471084 0.712532
0 0.359832 0.506708 0.0488745 0.807622
0 0.957956 0.605548 0.0429912 0.706307
0 0.637606 0.48387 0.0448987 0.71188
0 0.311219 0.510449 0.0501675 0.820167
0 0.682492 0.466132 0.046472 0.732362
0 0.823245 0.533696 0.0433039 0.678624
0 0.544712 0.496646 0.0463551 0.732508
0 0.989615 0.606558 0.0207212 0.715735
0 0.545609 0.497027 0.0453872 0.720016
0 0.0200096 0.487214 0.0400192 0.7277
0 0.912764 0.581407 0.040213 0.669898
0 0.868637 0.536757 0.045614 0.674254
0 0.0214031 0.4758 0.0397524 0.709575
