0 0.180592 0.402435 0.334619 0.802788
0 0.897792 0.468488 0.143457 0.912742
0 0.400568 0.41013 0.114587 0.799467
0 0.767416 0.460651 0.128749 0.909577
0 0.512318 0.443583 0.127289 0.869397
0 0.638651 0.456818 0.138853 0.892883
0 0.180592 0.402435 0.334619 0.802788
0 0.897792 0.468488 0.143457 0.912742
0 0.400568 0.41013 0.114587 0.799467
0 0.767416 0.460651 0.128749 0.909577
0 0.512318 0.443583 0.127289 0.869397
0 0.638651 0.456818 0.138853 0.892883
0 0.180592 0.402435 0.334619 0.802788
0 0.897792 0.468488 0.143457 0.912742
0 0.400568 0.41013 0.114587 0.799467
0 0.767416 0.460651 0.128749 0.909577
0 0.512318 0.443583 0.127289 0.869397
0 0.638651 0.456818 0.138853 0.892883
0 0.639568 0.456538 0.135731 0.891052
0 0.512897 0.445606 0.125536 0.859726
0 0.897969 0.462089 0.139493 0.910902
0 0.400828 0.414717 0.108349 0.793244
0 0.766688 0.455462 0.126053 0.901301
0 0.185999 0.413723 0.32275 0.804034
0 0.398473 0.400958 0.105452 0.797638
0 0.639568 0.456538 0.135731 0.891052
0 0.512897 0.445606 0.125536 0.859726
0 0.897969 0.462089 0.139493 0.910902
0 0.400828 0.414717 0.108349 0.793244
0 0.766688 0.455462 0.126053 0.901301
0 0.185999 0.413723 0.32275 0.804034
0 0.398473 0.400958 0.105452 0.797638
0 0.76668 0.46026 0.126952 0.905768
0 0.639568 0.456538 0.135731 0.891052
0 0.512897 0.445606 0.125536 0.859726
0 0.897969 0.462089 0.139493 0.910902
0 0.400828 0.414717 0.108349 0.793244
0 0.766688 0.455462 0.126053 0.901301
0 0.185999 0.413723 0.32275 0.804034
0 0.398473 0.400958 0.105452 0.797638
