0 0.667058 0.72399 0.275327 0.481259
0 0.139542 0.705013 0.272113 0.53193
0 0.89647 0.735274 0.19458 0.480241
0 0.401995 0.704413 0.272118 0.506161
0 0.667058 0.72399 0.275327 0.481259
0 0.139542 0.705013 0.272113 0.53193
0 0.89647 0.735274 0.19458 0.480241
0 0.401995 0.704413 0.272118 0.506161
0 0.667058 0.72399 0.275327 0.481259
0 0.139542 0.705013 0.272113 0.53193
0 0.89647 0.735274 0.19458 0.480241
0 0.401995 0.704413 0.272118 0.506161
0 0.142966 0.701733 0.267198 0.553974
0 0.666074 0.715182 0.273237 0.515627
0 0.4039 0.705569 0.268476 0.514239
0 0.891516 0.688617 0.197491 0.594329
0 0.142966 0.701733 0.267198 0.553974
0 0.666074 0.715182 0.273237 0.515627
0 0.4039 0.705569 0.268476 0.514239
0 0.891516 0.688617 0.197491 0.594329
0 0.142966 0.701733 0.267198 0.553974
0 0.666074 0.715182 0.273237 0.515627
0 0.4039 0.705569 0.268476 0.514239
0 0.891516 0.688617 0.197491 0.594329
0 0.142966 0.701733 0.267198 0.553974
0 0.666074 0.715182 0.273237 0.515627
0 0.4039 0.705569 0.268476 0.514239
0 0.891516 0.688617 0.197491 0.594329
