0 0.0983634 0.533434 0.16023 0.840394
0 0.365401 0.520789 0.135247 0.852772
0 0.612096 0.539639 0.124238 0.812592
0 0.727755 0.519436 0.121446 0.824818
0 0.494129 0.542855 0.130248 0.801438
0 0.889336 0.497651 0.208569 0.821664
0 0.235185 0.527369 0.146559 0.83965
0 0.0983634 0.533434 0.16023 0.840394
0 0.365401 0.520789 0.135247 0.852772
0 0.612096 0.539639 0.124238 0.812592
0 0.727755 0.519436 0.121446 0.824818
0 0.494129 0.542855 0.130248 0.801438
0 0.889336 0.497651 0.208569 0.821664
0 0.235185 0.527369 0.146559 0.83965
0 0.0983634 0.533434 0.16023 0.840394
0 0.365401 0.520789 0.135247 0.852772
0 0.612096 0.539639 0.124238 0.812592
0 0.727755 0.519436 0.121446 0.824818
0 0.494129 0.542855 0.130248 0.801438
0 0.889336 0.497651 0.208569 0.821664
0 0.235185 0.527369 0.146559 0.83965
0 0.239345 0.53582 0.142091 0.808126
0 0.613514 0.548609 0.122717 0.769699
0 0.368201 0.548493 0.132341 0.787609
0 0.10008 0.5094 0.148866 0.731735
0 0.495976 0.550772 0.127897 0.774684
0 0.730048 0.531564 0.120653 0.771498
0 0.841205 0.521135 0.107949 0.764954
0 0.938795 0.483153 0.107749 0.719102
0 0.239345 0.53582 0.142091 0.808126
0 0.613514 0.548609 0.122717 0.769699
0 0.368201 0.548493 0.132341 0.787609
0 0.10008 0.5094 0.148866 0.731735
0 0.495976 0.550772 0.127897 0.774684
0 0.730048 0.531564 0.120653 0.771498
0 0.841205 0.521135 0.107949 0.764954
0 0.938795 0.483153 0.107749 0.719102
0 0.839477 0.514269 0.109339 0.773649
0 0.936115 0.504667 0.105332 0.750469
0 0.239345 0.53582 0.142091 0.808126
0 0.613514 0.548609 0.122717 0.769699
0 0.368201 0.548493 0.132341 0.787609
0 0.10008 0.5094 0.148866 0.731735
0 0.495976 0.550772 0.127897 0.774684
0 0.730048 0.531564 0.120653 0.771498
0 0.841205 0.521135 0.107949 0.764954
0 0.938795 0.483153 0.107749 0.719102
