0 0.401947 0.423681 0.265142 0.610637
0 0.870912 0.63715 0.225807 0.671093
0 0.133425 0.414523 0.248093 0.633537
0 0.401947 0.423681 0.265142 0.610637
0 0.870912 0.63715 0.225807 0.671093
0 0.133425 0.414523 0.248093 0.633537
0 0.401947 0.423681 0.265142 0.610637
0 0.870912 0.63715 0.225807 0.671093
0 0.133425 0.414523 0.248093 0.633537
0 0.808693 0.630444 0.354951 0.698345
0 0.145817 0.42934 0.242777 0.600125
0 0.288992 0.428881 0.527864 0.635014
0 0.808693 0.630444 0.354951 0.698345
0 0.145817 0.42934 0.242777 0.600125
0 0.288992 0.428881 0.527864 0.635014
0 0.397171 0.424556 0.264083 0.619757
0 0.808693 0.630444 0.354951 0.698345
0 0.145817 0.42934 0.242777 0.600125
0 0.288992 0.428881 0.527864 0.635014
0 0.808693 0.630444 0.354951 0.698345
0 0.145817 0.42934 0.242777 0.600125
0 0.288992 0.428881 0.527864 0.635014
