0 0.799366 0.599845 0.331644 0.774372
0 0.315668 0.567224 0.329246 0.774706
0 0.0395057 0.553483 0.0790114 0.800749
0 0.799366 0.599845 0.331644 0.774372
0 0.315668 0.567224 0.329246 0.774706
0 0.0395057 0.553483 0.0790114 0.800749
0 0.799366 0.599845 0.331644 0.774372
0 0.315668 0.567224 0.329246 0.774706
0 0.0395057 0.553483 0.0790114 0.800749
0 0.812038 0.614611 0.345113 0.746804
0 0.358671 0.578712 0.397516 0.755259
0 0.0401777 0.573408 0.0793321 0.738847
0 0.0403753 0.567219 0.0804756 0.749754
0 0.812038 0.614611 0.345113 0.746804
0 0.358671 0.578712 0.397516 0.755259
0 0.0401777 0.573408 0.0793321 0.738847
0 0.0403753 0.567219 0.0804756 0.749754
0 0.812038 0.614611 0.345113 0.746804
0 0.358671 0.578712 0.397516 0.755259
0 0.0401777 0.573408 0.0793321 0.738847
0 0.0403753 0.567219 0.0804756 0.749754
