0 0.366368 0.816232 0.471324 0.306985
0 0.366368 0.816232 0.471324 0.306985
0 0.366368 0.816232 0.471324 0.306985
0 0.365902 0.823272 0.455223 0.301767
0 0.449132 0.333433 0.82291 0.656914
0 0.365902 0.823272 0.455223 0.301767
0 0.449132 0.333433 0.82291 0.656914
0 0.542902 0.331441 0.914195 0.658526
0 0.744893 0.874452 0.420781 0.141131
0 0.785622 0.314943 0.428757 0.628418
0 0.365902 0.823272 0.455223 0.301767
0 0.449132 0.333433 0.82291 0.656914
0 0.365902 0.823272 0.455223 0.301767
0 0.449132 0.333433 0.82291 0.656914
