0 0.874909 0.529822 0.250182 0.880466
0 0.0837365 0.678371 0.167473 0.525058
0 0.558517 0.507356 0.413636 0.878028
0 0.250488 0.641325 0.181219 0.609705
0 0.874909 0.529822 0.250182 0.880466
0 0.0837365 0.678371 0.167473 0.525058
0 0.558517 0.507356 0.413636 0.878028
0 0.250488 0.641325 0.181219 0.609705
0 0.874909 0.529822 0.250182 0.880466
0 0.0837365 0.678371 0.167473 0.525058
0 0.558517 0.507356 0.413636 0.878028
0 0.250488 0.641325 0.181219 0.609705
0 0.87363 0.515516 0.252208 0.835277
0 0.0848227 0.688248 0.166485 0.516286
0 0.538068 0.477543 0.397984 0.823551
0 0.237667 0.652824 0.162493 0.575125
0 0.390047 0.861402 0.154595 0.277197
0 0.87363 0.515516 0.252208 0.835277
0 0.0848227 0.688248 0.166485 0.516286
0 0.538068 0.477543 0.397984 0.823551
0 0.237667 0.652824 0.162493 0.575125
0 0.390047 0.861402 0.154595 0.277197
0 0.24045 0.726971 0.148354 0.408131
0 0.389584 0.858208 0.148014 0.283583
0 0.87363 0.515516 0.252208 0.835277
0 0.0848227 0.688248 0.166485 0.516286
0 0.538068 0.477543 0.397984 0.823551
0 0.237667 0.652824 0.162493 0.575125
0 0.390047 0.861402 0.154595 0.277197
0 0.87363 0.515516 0.252208 0.835277
0 0.0848227 0.688248 0.166485 0.516286
0 0.538068 0.477543 0.397984 0.823551
0 0.237667 0.652824 0.162493 0.575125
0 0.390047 0.861402 0.154595 0.277197
