0 0.257131 0.714148 0.273612 0.430443
0 0.238484 0.289246 0.303541 0.501658
0 0.0651006 0.666824 0.130201 0.431152
0 0.540797 0.291406 0.278746 0.51785
0 0.049622 0.25795 0.0991986 0.431898
0 0.560062 0.750661 0.199446 0.414856
0 0.838611 0.315128 0.31423 0.533033
0 0.257131 0.714148 0.273612 0.430443
0 0.238484 0.289246 0.303541 0.501658
0 0.0651006 0.666824 0.130201 0.431152
0 0.540797 0.291406 0.278746 0.51785
0 0.049622 0.25795 0.0991986 0.431898
0 0.560062 0.750661 0.199446 0.414856
0 0.838611 0.315128 0.31423 0.533033
0 0.257131 0.714148 0.273612 0.430443
0 0.238484 0.289246 0.303541 0.501658
0 0.0651006 0.666824 0.130201 0.431152
0 0.540797 0.291406 0.278746 0.51785
0 0.049622 0.25795 0.0991986 0.431898
0 0.560062 0.750661 0.199446 0.414856
0 0.838611 0.315128 0.31423 0.533033
0 0.80883 0.774243 0.291025 0.451515
0 0.256689 0.707469 0.278523 0.429609
0 0.0503712 0.29334 0.100464 0.37148
0 0.837963 0.348024 0.302886 0.475497
0 0.235869 0.284003 0.30016 0.487268
0 0.0714163 0.670851 0.142833 0.44003
0 0.548395 0.284308 0.294186 0.508123
0 0.541469 0.71181 0.165139 0.35865
0 0.80883 0.774243 0.291025 0.451515
0 0.256689 0.707469 0.278523 0.429609
0 0.0503712 0.29334 0.100464 0.37148
0 0.837963 0.348024 0.302886 0.475497
0 0.235869 0.284003 0.30016 0.487268
0 0.0714163 0.670851 0.142833 0.44003
0 0.548395 0.284308 0.294186 0.508123
0 0.541469 0.71181 0.165139 0.35865
0 0.436053 0.733358 0.084424 0.396843
0 0.80883 0.774243 0.291025 0.451515
0 0.256689 0.707469 0.278523 0.429609
0 0.0503712 0.29334 0.100464 0.37148
0 0.837963 0.348024 0.302886 0.475497
0 0.235869 0.284003 0.30016 0.487268
0 0.0714163 0.670851 0.142833 0.44003
0 0.548395 0.284308 0.294186 0.508123
0 0.541469 0.71181 0.165139 0.35865
0 0.80883 0.774243 0.291025 0.451515
0 0.256689 0.707469 0.278523 0.429609
0 0.0503712 0.29334 0.100464 0.37148
0 0.837963 0.348024 0.302886 0.475497
0 0.235869 0.284003 0.30016 0.487268
0 0.0714163 0.670851 0.142833 0.44003
0 0.548395 0.284308 0.294186 0.508123
0 0.541469 0.71181 0.165139 0.35865
