0 0.335687 0.552491 0.278168 0.720236
0 0.779724 0.488519 0.308654 0.855543
0 0.539452 0.497832 0.294377 0.894887
0 0.121318 0.543641 0.241621 0.740007
0 0.11927 0.545938 0.23854 0.736135
0 0.571191 0.762138 0.210179 0.343384
0 0.94633 0.481192 0.10734 0.603699
0 0.335687 0.552491 0.278168 0.720236
0 0.779724 0.488519 0.308654 0.855543
0 0.539452 0.497832 0.294377 0.894887
0 0.121318 0.543641 0.241621 0.740007
0 0.11927 0.545938 0.23854 0.736135
0 0.571191 0.762138 0.210179 0.343384
0 0.94633 0.481192 0.10734 0.603699
0 0.335687 0.552491 0.278168 0.720236
0 0.779724 0.488519 0.308654 0.855543
0 0.539452 0.497832 0.294377 0.894887
0 0.121318 0.543641 0.241621 0.740007
0 0.11927 0.545938 0.23854 0.736135
0 0.571191 0.762138 0.210179 0.343384
0 0.94633 0.481192 0.10734 0.603699
0 0.546837 0.508998 0.275671 0.867705
0 0.789235 0.570545 0.293853 0.765876
0 0.344985 0.565432 0.279761 0.736938
0 0.125766 0.553669 0.251532 0.735618
0 0.342482 0.567217 0.278468 0.735301
0 0.546837 0.508998 0.275671 0.867705
0 0.789235 0.570545 0.293853 0.765876
0 0.344985 0.565432 0.279761 0.736938
0 0.125766 0.553669 0.251532 0.735618
0 0.342482 0.567217 0.278468 0.735301
0 0.546837 0.508998 0.275671 0.867705
0 0.789235 0.570545 0.293853 0.765876
0 0.344985 0.565432 0.279761 0.736938
0 0.125766 0.553669 0.251532 0.735618
0 0.342482 0.567217 0.278468 0.735301
0 0.546837 0.508998 0.275671 0.867705
0 0.789235 0.570545 0.293853 0.765876
0 0.344985 0.565432 0.279761 0.736938
0 0.125766 0.553669 0.251532 0.735618
0 0.342482 0.567217 0.278468 0.735301
