0 0.681963 0.537923 0.123292 0.798448
0 0.172221 0.436109 0.122675 0.769231
0 0.549647 0.507917 0.120068 0.817324
0 0.0535595 0.40197 0.107119 0.78454
0 0.426597 0.476493 0.120023 0.804347
0 0.299744 0.468682 0.119588 0.759666
0 0.930886 0.590319 0.122723 0.804506
0 0.804931 0.563076 0.124028 0.834266
0 0.804683 0.565775 0.124924 0.824064
0 0.681963 0.537923 0.123292 0.798448
0 0.172221 0.436109 0.122675 0.769231
0 0.549647 0.507917 0.120068 0.817324
0 0.0535595 0.40197 0.107119 0.78454
0 0.426597 0.476493 0.120023 0.804347
0 0.299744 0.468682 0.119588 0.759666
0 0.930886 0.590319 0.122723 0.804506
0 0.804931 0.563076 0.124028 0.834266
0 0.804683 0.565775 0.124924 0.824064
0 0.681963 0.537923 0.123292 0.798448
0 0.172221 0.436109 0.122675 0.769231
0 0.549647 0.507917 0.120068 0.817324
0 0.0535595 0.40197 0.107119 0.78454
0 0.426597 0.476493 0.120023 0.804347
0 0.299744 0.468682 0.119588 0.759666
0 0.930886 0.590319 0.122723 0.804506
0 0.804931 0.563076 0.124028 0.834266
0 0.804683 0.565775 0.124924 0.824064
0 0.0545513 0.409857 0.109103 0.776691
0 0.428517 0.477107 0.123549 0.829158
0 0.171059 0.428612 0.128666 0.779506
0 0.300464 0.470792 0.123094 0.76482
0 0.808051 0.565322 0.129522 0.828126
0 0.682675 0.535635 0.128716 0.819402
0 0.550174 0.50345 0.123737 0.827494
0 0.934723 0.585413 0.128319 0.810867
0 0.0545513 0.409857 0.109103 0.776691
0 0.428517 0.477107 0.123549 0.829158
0 0.171059 0.428612 0.128666 0.779506
0 0.300464 0.470792 0.123094 0.76482
0 0.808051 0.565322 0.129522 0.828126
0 0.682675 0.535635 0.128716 0.819402
0 0.550174 0.50345 0.123737 0.827494
0 0.934723 0.585413 0.128319 0.810867
0 0.934356 0.584985 0.128243 0.808973
0 0.0545513 0.409857 0.109103 0.776691
0 0.428517 0.477107 0.123549 0.829158
0 0.171059 0.428612 0.128666 0.779506
0 0.300464 0.470792 0.123094 0.76482
0 0.808051 0.565322 0.129522 0.828126
0 0.682675 0.535635 0.128716 0.819402
0 0.550174 0.50345 0.123737 0.827494
0 0.934723 0.585413 0.128319 0.810867
0 0.0545513 0.409857 0.109103 0.776691
0 0.428517 0.477107 0.123549 0.829158
0 0.171059 0.428612 0.128666 0.779506
0 0.300464 0.470792 0.123094 0.76482
0 0.808051 0.565322 0.129522 0.828126
0 0.682675 0.535635 0.128716 0.819402
0 0.550174 0.50345 0.123737 0.827494
0 0.934723 0.585413 0.128319 0.810867
