0 0.189071 0.687808 0.125383 0.529765
0 0.528124 0.572022 0.113609 0.690492
0 0.958372 0.541598 0.0832563 0.714917
0 0.414592 0.575782 0.112791 0.719992
0 0.866919 0.543892 0.124002 0.720667
0 0.303974 0.684047 0.114736 0.499118
0 0.755244 0.555902 0.115732 0.710311
0 0.643165 0.5574 0.112678 0.70186
0 0.0704585 0.688227 0.123664 0.515183
0 0.643367 0.561147 0.113322 0.703788
0 0.00814086 0.712611 0.0162817 0.499431
0 0.189071 0.687808 0.125383 0.529765
0 0.528124 0.572022 0.113609 0.690492
0 0.958372 0.541598 0.0832563 0.714917
0 0.414592 0.575782 0.112791 0.719992
0 0.866919 0.543892 0.124002 0.720667
0 0.303974 0.684047 0.114736 0.499118
0 0.755244 0.555902 0.115732 0.710311
0 0.643165 0.5574 0.112678 0.70186
0 0.0704585 0.688227 0.123664 0.515183
0 0.643367 0.561147 0.113322 0.703788
0 0.00814086 0.712611 0.0162817 0.499431
0 0.189071 0.687808 0.125383 0.529765
0 0.528124 0.572022 0.113609 0.690492
0 0.958372 0.541598 0.0832563 0.714917
0 0.414592 0.575782 0.112791 0.719992
0 0.866919 0.543892 0.124002 0.720667
0 0.303974 0.684047 0.114736 0.499118
0 0.755244 0.555902 0.115732 0.710311
0 0.643165 0.5574 0.112678 0.70186
0 0.0704585 0.688227 0.123664 0.515183
0 0.643367 0.561147 0.113322 0.703788
0 0.00814086 0.712611 0.0162817 0.499431
0 0.528217 0.577546 0.114591 0.679437
0 0.189243 0.68601 0.123499 0.526371
0 0.756279 0.558005 0.116007 0.708426
0 0.867809 0.553197 0.122308 0.714295
0 0.643748 0.563752 0.114504 0.683611
0 0.0702742 0.693256 0.123289 0.522395
0 0.415809 0.58089 0.112881 0.695828
0 0.959108 0.550032 0.0817542 0.70251
0 0.305214 0.684603 0.112449 0.499419
0 0.528217 0.577546 0.114591 0.679437
0 0.189243 0.68601 0.123499 0.526371
0 0.756279 0.558005 0.116007 0.708426
0 0.867809 0.553197 0.122308 0.714295
0 0.643748 0.563752 0.114504 0.683611
0 0.0702742 0.693256 0.123289 0.522395
0 0.415809 0.58089 0.112881 0.695828
0 0.959108 0.550032 0.0817542 0.70251
0 0.305214 0.684603 0.112449 0.499419
0 0.00715305 0.705708 0.0143061 0.504343
0 0.528217 0.577546 0.114591 0.679437
0 0.189243 0.68601 0.123499 0.526371
0 0.756279 0.558005 0.116007 0.708426
0 0.867809 0.553197 0.122308 0.714295
0 0.643748 0.563752 0.114504 0.683611
0 0.0702742 0.693256 0.123289 0.522395
0 0.415809 0.58089 0.112881 0.695828
0 0.959108 0.550032 0.0817542 0.70251
0 0.305214 0.684603 0.112449 0.499419
0 0.528217 0.577546 0.114591 0.679437
0 0.189243 0.68601 0.123499 0.526371
0 0.756279 0.558005 0.116007 0.708426
0 0.867809 0.553197 0.122308 0.714295
0 0.643748 0.563752 0.114504 0.683611
0 0.0702742 0.693256 0.123289 0.522395
0 0.415809 0.58089 0.112881 0.695828
0 0.959108 0.550032 0.0817542 0.70251
0 0.305214 0.684603 0.112449 0.499419
