0 0.273629 0.608748 0.105478 0.710999
0 0.485429 0.612916 0.105981 0.70619
0 0.695307 0.601546 0.102578 0.707296
0 0.173189 0.612636 0.10548 0.714105
0 0.59276 0.602506 0.105536 0.715122
0 0.381104 0.609916 0.104558 0.69948
0 0.797434 0.593671 0.104182 0.71265
0 0.0726244 0.623906 0.104132 0.697349
0 0.904432 0.588346 0.116793 0.723179
0 0.592404 0.604741 0.105395 0.705824
0 0.273629 0.608748 0.105478 0.710999
0 0.485429 0.612916 0.105981 0.70619
0 0.695307 0.601546 0.102578 0.707296
0 0.173189 0.612636 0.10548 0.714105
0 0.59276 0.602506 0.105536 0.715122
0 0.381104 0.609916 0.104558 0.69948
0 0.797434 0.593671 0.104182 0.71265
0 0.0726244 0.623906 0.104132 0.697349
0 0.904432 0.588346 0.116793 0.723179
0 0.592404 0.604741 0.105395 0.705824
0 0.273629 0.608748 0.105478 0.710999
0 0.485429 0.612916 0.105981 0.70619
0 0.695307 0.601546 0.102578 0.707296
0 0.173189 0.612636 0.10548 0.714105
0 0.59276 0.602506 0.105536 0.715122
0 0.381104 0.609916 0.104558 0.69948
0 0.797434 0.593671 0.104182 0.71265
0 0.0726244 0.623906 0.104132 0.697349
0 0.904432 0.588346 0.116793 0.723179
0 0.592404 0.604741 0.105395 0.705824
0 0.695211 0.603808 0.103642 0.710916
0 0.277163 0.612972 0.103925 0.697608
0 0.48643 0.610722 0.107899 0.702448
0 0.592794 0.60579 0.107273 0.69776
0 0.175409 0.61602 0.104614 0.704953
0 0.79832 0.600448 0.103953 0.697112
0 0.382064 0.610823 0.105981 0.692821
0 0.0727602 0.62428 0.105747 0.689276
0 0.907285 0.594824 0.112374 0.707758
0 0.987168 0.504458 0.0256137 0.88276
0 0.695211 0.603808 0.103642 0.710916
0 0.277163 0.612972 0.103925 0.697608
0 0.48643 0.610722 0.107899 0.702448
0 0.592794 0.60579 0.107273 0.69776
0 0.175409 0.61602 0.104614 0.704953
0 0.79832 0.600448 0.103953 0.697112
0 0.382064 0.610823 0.105981 0.692821
0 0.0727602 0.62428 0.105747 0.689276
0 0.907285 0.594824 0.112374 0.707758
0 0.987168 0.504458 0.0256137 0.88276
0 0.986747 0.523503 0.0264606 0.849041
0 0.695211 0.603808 0.103642 0.710916
0 0.277163 0.612972 0.103925 0.697608
0 0.48643 0.610722 0.107899 0.702448
0 0.592794 0.60579 0.107273 0.69776
0 0.175409 0.61602 0.104614 0.704953
0 0.79832 0.600448 0.103953 0.697112
0 0.382064 0.610823 0.105981 0.692821
0 0.0727602 0.62428 0.105747 0.689276
0 0.907285 0.594824 0.112374 0.707758
0 0.987168 0.504458 0.0256137 0.88276
