0 0.898384 0.565892 0.200631 0.805562
0 0.685949 0.653828 0.271465 0.568356
0 0.390443 0.65191 0.296836 0.550297
0 0.898384 0.565892 0.200631 0.805562
0 0.685949 0.653828 0.271465 0.568356
0 0.390443 0.65191 0.296836 0.550297
0 0.898384 0.565892 0.200631 0.805562
0 0.685949 0.653828 0.271465 0.568356
0 0.390443 0.65191 0.296836 0.550297
0 0.68601 0.661256 0.266706 0.573555
0 0.90142 0.593874 0.195799 0.755298
0 0.189317 0.671743 0.125644 0.526717
0 0.39715 0.654637 0.29827 0.564863
0 0.68601 0.661256 0.266706 0.573555
0 0.90142 0.593874 0.195799 0.755298
0 0.189317 0.671743 0.125644 0.526717
0 0.39715 0.654637 0.29827 0.564863
0 0.396345 0.654384 0.300809 0.56053
0 0.68601 0.661256 0.266706 0.573555
0 0.90142 0.593874 0.195799 0.755298
0 0.189317 0.671743 0.125644 0.526717
0 0.39715 0.654637 0.29827 0.564863
