0 0.404265 0.565536 0.120592 0.770634
0 0.0722428 0.529706 0.135272 0.73139
0 0.837306 0.371181 0.242329 0.580226
0 0.591898 0.494393 0.237279 0.647782
0 0.297547 0.57346 0.115263 0.74377
0 0.187046 0.534178 0.115648 0.714755
0 0.187215 0.532161 0.113788 0.704173
0 0.404265 0.565536 0.120592 0.770634
0 0.0722428 0.529706 0.135272 0.73139
0 0.837306 0.371181 0.242329 0.580226
0 0.591898 0.494393 0.237279 0.647782
0 0.297547 0.57346 0.115263 0.74377
0 0.187046 0.534178 0.115648 0.714755
0 0.187215 0.532161 0.113788 0.704173
0 0.404265 0.565536 0.120592 0.770634
0 0.0722428 0.529706 0.135272 0.73139
0 0.837306 0.371181 0.242329 0.580226
0 0.591898 0.494393 0.237279 0.647782
0 0.297547 0.57346 0.115263 0.74377
0 0.187046 0.534178 0.115648 0.714755
0 0.187215 0.532161 0.113788 0.704173
0 0.0751693 0.525904 0.125323 0.724704
0 0.406391 0.570596 0.125215 0.780981
0 0.838778 0.38267 0.242644 0.58436
0 0.188426 0.537278 0.117029 0.71391
0 0.297989 0.565731 0.114514 0.762163
0 0.591499 0.519118 0.241471 0.704518
0 0.592368 0.521124 0.239924 0.7042
0 0.0751693 0.525904 0.125323 0.724704
0 0.406391 0.570596 0.125215 0.780981
0 0.838778 0.38267 0.242644 0.58436
0 0.188426 0.537278 0.117029 0.71391
0 0.297989 0.565731 0.114514 0.762163
0 0.591499 0.519118 0.241471 0.704518
0 0.592368 0.521124 0.239924 0.7042
0 0.0751693 0.525904 0.125323 0.724704
0 0.406391 0.570596 0.125215 0.780981
0 0.838778 0.38267 0.242644 0.58436
0 0.188426 0.537278 0.117029 0.71391
0 0.297989 0.565731 0.114514 0.762163
0 0.591499 0.519118 0.241471 0.704518
0 0.592368 0.521124 0.239924 0.7042
