0 0.766818 0.508862 0.466364 0.811295
0 0.464514 0.600451 0.580854 0.71911
0 0.178144 0.588782 0.356288 0.701858
0 0.766818 0.508862 0.466364 0.811295
0 0.464514 0.600451 0.580854 0.71911
0 0.178144 0.588782 0.356288 0.701858
0 0.766818 0.508862 0.466364 0.811295
0 0.464514 0.600451 0.580854 0.71911
0 0.178144 0.588782 0.356288 0.701858
0 0.479999 0.628636 0.495501 0.648024
0 0.164647 0.599495 0.329293 0.732515
0 0.769019 0.458315 0.461963 0.914406
0 0.773027 0.520931 0.453946 0.816948
0 0.479999 0.628636 0.495501 0.648024
0 0.164647 0.599495 0.329293 0.732515
0 0.769019 0.458315 0.461963 0.914406
0 0.773027 0.520931 0.453946 0.816948
0 0.479999 0.628636 0.495501 0.648024
0 0.164647 0.599495 0.329293 0.732515
0 0.769019 0.458315 0.461963 0.914406
0 0.773027 0.520931 0.453946 0.816948
0 0.479999 0.628636 0.495501 0.648024
0 0.164647 0.599495 0.329293 0.732515
0 0.769019 0.458315 0.461963 0.914406
0 0.773027 0.520931 0.453946 0.816948
