0 0.506372 0.58961 0.133967 0.814521
0 0.382444 0.684581 0.131272 0.621775
0 0.619025 0.567801 0.135559 0.824261
0 0.942027 0.575292 0.115637 0.834839
0 0.141254 0.59633 0.141028 0.807341
0 0.728645 0.52853 0.14013 0.91548
0 0.263406 0.690406 0.136621 0.606263
0 0.0445435 0.60148 0.089087 0.794247
0 0.844739 0.563425 0.119926 0.838359
0 0.943957 0.740455 0.107892 0.48349
0 0.0439202 0.615436 0.087741 0.768686
0 0.506372 0.58961 0.133967 0.814521
0 0.382444 0.684581 0.131272 0.621775
0 0.619025 0.567801 0.135559 0.824261
0 0.942027 0.575292 0.115637 0.834839
0 0.141254 0.59633 0.141028 0.807341
0 0.728645 0.52853 0.14013 0.91548
0 0.263406 0.690406 0.136621 0.606263
0 0.0445435 0.60148 0.089087 0.794247
0 0.844739 0.563425 0.119926 0.838359
0 0.943957 0.740455 0.107892 0.48349
0 0.0439202 0.615436 0.087741 0.768686
0 0.506372 0.58961 0.133967 0.814521
0 0.382444 0.684581 0.131272 0.621775
0 0.619025 0.567801 0.135559 0.824261
0 0.942027 0.575292 0.115637 0.834839
0 0.141254 0.59633 0.141028 0.807341
0 0.728645 0.52853 0.14013 0.91548
0 0.263406 0.690406 0.136621 0.606263
0 0.0445435 0.60148 0.089087 0.794247
0 0.844739 0.563425 0.119926 0.838359
0 0.943957 0.740455 0.107892 0.48349
0 0.0439202 0.615436 0.087741 0.768686
0 0.0458419 0.65638 0.0916837 0.68724
0 0.143523 0.619489 0.140233 0.761023
0 0.387316 0.602149 0.143425 0.795701
0 0.942289 0.569977 0.115423 0.837689
0 0.507118 0.585034 0.137327 0.829932
0 0.261493 0.643812 0.136487 0.70308
0 0.724945 0.411521 0.147726 0.739314
0 0.945594 0.752939 0.108063 0.459155
0 0.506447 0.582298 0.137067 0.835403
0 0.844034 0.559216 0.126663 0.819237
0 0.0458419 0.65638 0.0916837 0.68724
0 0.143523 0.619489 0.140233 0.761023
0 0.387316 0.602149 0.143425 0.795701
0 0.942289 0.569977 0.115423 0.837689
0 0.507118 0.585034 0.137327 0.829932
0 0.261493 0.643812 0.136487 0.70308
0 0.724945 0.411521 0.147726 0.739314
0 0.945594 0.752939 0.108063 0.459155
0 0.506447 0.582298 0.137067 0.835403
0 0.844034 0.559216 0.126663 0.819237
0 0.264624 0.636615 0.141422 0.717923
0 0.723537 0.285506 0.147544 0.457491
0 0.843626 0.55957 0.125571 0.812508
0 0.619044 0.485813 0.130635 0.552906
0 0.0458419 0.65638 0.0916837 0.68724
0 0.143523 0.619489 0.140233 0.761023
0 0.387316 0.602149 0.143425 0.795701
0 0.942289 0.569977 0.115423 0.837689
0 0.507118 0.585034 0.137327 0.829932
0 0.261493 0.643812 0.136487 0.70308
0 0.724945 0.411521 0.147726 0.739314
0 0.945594 0.752939 0.108063 0.459155
0 0.506447 0.582298 0.137067 0.835403
0 0.844034 0.559216 0.126663 0.819237
