0 0.449209 0.575916 0.122129 0.756699
0 0.691529 0.416846 0.11855 0.558329
0 0.573858 0.446734 0.1241 0.580258
0 0.907089 0.432935 0.119992 0.705784
0 0.193767 0.580363 0.139214 0.780121
0 0.068893 0.583884 0.133044 0.78613
0 0.800905 0.465545 0.117423 0.690986
0 0.326946 0.587556 0.126215 0.744555
0 0.326696 0.588635 0.125812 0.745132
0 0.449209 0.575916 0.122129 0.756699
0 0.691529 0.416846 0.11855 0.558329
0 0.573858 0.446734 0.1241 0.580258
0 0.907089 0.432935 0.119992 0.705784
0 0.193767 0.580363 0.139214 0.780121
0 0.068893 0.583884 0.133044 0.78613
0 0.800905 0.465545 0.117423 0.690986
0 0.326946 0.587556 0.126215 0.744555
0 0.326696 0.588635 0.125812 0.745132
0 0.449209 0.575916 0.122129 0.756699
0 0.691529 0.416846 0.11855 0.558329
0 0.573858 0.446734 0.1241 0.580258
0 0.907089 0.432935 0.119992 0.705784
0 0.193767 0.580363 0.139214 0.780121
0 0.068893 0.583884 0.133044 0.78613
0 0.800905 0.465545 0.117423 0.690986
0 0.326946 0.587556 0.126215 0.744555
0 0.326696 0.588635 0.125812 0.745132
0 0.906991 0.429836 0.113325 0.656067
0 0.328649 0.593737 0.125126 0.731445
0 0.450533 0.561376 0.121171 0.701763
0 0.193537 0.589107 0.131365 0.763964
0 0.691133 0.429827 0.116661 0.541479
0 0.799477 0.464976 0.108519 0.664601
0 0.573884 0.459344 0.118195 0.540432
0 0.0618159 0.619113 0.117505 0.742283
0 0.906991 0.429836 0.113325 0.656067
0 0.328649 0.593737 0.125126 0.731445
0 0.450533 0.561376 0.121171 0.701763
0 0.193537 0.589107 0.131365 0.763964
0 0.691133 0.429827 0.116661 0.541479
0 0.799477 0.464976 0.108519 0.664601
0 0.573884 0.459344 0.118195 0.540432
0 0.0618159 0.619113 0.117505 0.742283
0 0.986414 0.371361 0.0271592 0.648857
0 0.067873 0.611635 0.114836 0.755112
0 0.906991 0.429836 0.113325 0.656067
0 0.328649 0.593737 0.125126 0.731445
0 0.450533 0.561376 0.121171 0.701763
0 0.193537 0.589107 0.131365 0.763964
0 0.691133 0.429827 0.116661 0.541479
0 0.799477 0.464976 0.108519 0.664601
0 0.573884 0.459344 0.118195 0.540432
0 0.0618159 0.619113 0.117505 0.742283
