0 0.72501 0.327855 0.150061 0.557161
0 0.432967 0.499132 0.160174 0.515118
0 0.279509 0.587558 0.196923 0.586349
0 0.859245 0.273167 0.143206 0.498709
0 0.582035 0.420901 0.168592 0.566306
0 0.119184 0.687863 0.164625 0.576138
0 0.72501 0.327855 0.150061 0.557161
0 0.432967 0.499132 0.160174 0.515118
0 0.279509 0.587558 0.196923 0.586349
0 0.859245 0.273167 0.143206 0.498709
0 0.582035 0.420901 0.168592 0.566306
0 0.119184 0.687863 0.164625 0.576138
0 0.72501 0.327855 0.150061 0.557161
0 0.432967 0.499132 0.160174 0.515118
0 0.279509 0.587558 0.196923 0.586349
0 0.859245 0.273167 0.143206 0.498709
0 0.582035 0.420901 0.168592 0.566306
0 0.119184 0.687863 0.164625 0.576138
0 0.582735 0.417673 0.162135 0.54111
0 0.278017 0.588105 0.195055 0.565477
0 0.437783 0.506393 0.150908 0.491179
0 0.861542 0.262695 0.138668 0.507219
0 0.726657 0.326988 0.148605 0.527062
0 0.121453 0.691958 0.156903 0.569062
0 0.726395 0.322656 0.148591 0.525246
0 0.582735 0.417673 0.162135 0.54111
0 0.278017 0.588105 0.195055 0.565477
0 0.437783 0.506393 0.150908 0.491179
0 0.861542 0.262695 0.138668 0.507219
0 0.726657 0.326988 0.148605 0.527062
0 0.121453 0.691958 0.156903 0.569062
0 0.726395 0.322656 0.148591 0.525246
0 0.860986 0.266107 0.138017 0.49784
0 0.582735 0.417673 0.162135 0.54111
0 0.278017 0.588105 0.195055 0.565477
0 0.437783 0.506393 0.150908 0.491179
0 0.861542 0.262695 0.138668 0.507219
0 0.726657 0.326988 0.148605 0.527062
0 0.121453 0.691958 0.156903 0.569062
0 0.726395 0.322656 0.148591 0.525246
