0 0.85233 0.499417 0.203292 0.596726
0 0.494571 0.595541 0.341949 0.649242
0 0.17208 0.677313 0.301163 0.639475
0 0.715934 0.543899 0.110692 0.677088
0 0.85233 0.499417 0.203292 0.596726
0 0.494571 0.595541 0.341949 0.649242
0 0.17208 0.677313 0.301163 0.639475
0 0.715934 0.543899 0.110692 0.677088
0 0.85233 0.499417 0.203292 0.596726
0 0.494571 0.595541 0.341949 0.649242
0 0.17208 0.677313 0.301163 0.639475
0 0.715934 0.543899 0.110692 0.677088
0 0.809494 0.506886 0.284451 0.651339
0 0.490858 0.593008 0.319175 0.657398
0 0.167496 0.672629 0.294342 0.650448
0 0.809494 0.506886 0.284451 0.651339
0 0.490858 0.593008 0.319175 0.657398
0 0.167496 0.672629 0.294342 0.650448
0 0.809494 0.506886 0.284451 0.651339
0 0.490858 0.593008 0.319175 0.657398
0 0.167496 0.672629 0.294342 0.650448
0 0.809494 0.506886 0.284451 0.651339
0 0.490858 0.593008 0.319175 0.657398
0 0.167496 0.672629 0.294342 0.650448
