0 0.799602 0.473835 0.130553 0.767295
0 0.450015 0.660349 0.126044 0.524254
0 0.326987 0.690667 0.126889 0.505798
0 0.205189 0.706867 0.130421 0.507114
0 0.0737418 0.726659 0.136146 0.516567
0 0.68999 0.500458 0.138886 0.733296
0 0.898479 0.488506 0.135884 0.869659
0 0.56775 0.570918 0.132641 0.657032
0 0.686212 0.508782 0.132634 0.720032
0 0.568443 0.608714 0.128895 0.582089
0 0.799602 0.473835 0.130553 0.767295
0 0.450015 0.660349 0.126044 0.524254
0 0.326987 0.690667 0.126889 0.505798
0 0.205189 0.706867 0.130421 0.507114
0 0.0737418 0.726659 0.136146 0.516567
0 0.68999 0.500458 0.138886 0.733296
0 0.898479 0.488506 0.135884 0.869659
0 0.56775 0.570918 0.132641 0.657032
0 0.686212 0.508782 0.132634 0.720032
0 0.568443 0.608714 0.128895 0.582089
0 0.799602 0.473835 0.130553 0.767295
0 0.450015 0.660349 0.126044 0.524254
0 0.326987 0.690667 0.126889 0.505798
0 0.205189 0.706867 0.130421 0.507114
0 0.0737418 0.726659 0.136146 0.516567
0 0.68999 0.500458 0.138886 0.733296
0 0.898479 0.488506 0.135884 0.869659
0 0.56775 0.570918 0.132641 0.657032
0 0.686212 0.508782 0.132634 0.720032
0 0.568443 0.608714 0.128895 0.582089
0 0.568706 0.555109 0.128971 0.663733
0 0.0782094 0.635835 0.133058 0.690531
0 0.330169 0.626655 0.128269 0.620414
0 0.452856 0.601373 0.12702 0.621916
0 0.205911 0.638901 0.130833 0.637819
0 0.799935 0.48992 0.115874 0.648919
0 0.689332 0.525017 0.122761 0.657435
0 0.903308 0.44421 0.116442 0.647257
0 0.568706 0.555109 0.128971 0.663733
0 0.0782094 0.635835 0.133058 0.690531
0 0.330169 0.626655 0.128269 0.620414
0 0.452856 0.601373 0.12702 0.621916
0 0.205911 0.638901 0.130833 0.637819
0 0.799935 0.48992 0.115874 0.648919
0 0.689332 0.525017 0.122761 0.657435
0 0.903308 0.44421 0.116442 0.647257
0 0.981117 0.38235 0.0377651 0.651405
0 0.00909685 0.65671 0.0181937 0.653969
0 0.568706 0.555109 0.128971 0.663733
0 0.0782094 0.635835 0.133058 0.690531
0 0.330169 0.626655 0.128269 0.620414
0 0.452856 0.601373 0.12702 0.621916
0 0.205911 0.638901 0.130833 0.637819
0 0.799935 0.48992 0.115874 0.648919
0 0.689332 0.525017 0.122761 0.657435
0 0.903308 0.44421 0.116442 0.647257
