0 0.139855 0.638788 0.206146 0.715613
0 0.863519 0.376183 0.184984 0.669702
0 0.523636 0.557322 0.191217 0.692572
0 0.696946 0.482168 0.181968 0.677566
0 0.337875 0.618467 0.199897 0.701928
0 0.337459 0.611981 0.200663 0.707349
0 0.139855 0.638788 0.206146 0.715613
0 0.863519 0.376183 0.184984 0.669702
0 0.523636 0.557322 0.191217 0.692572
0 0.696946 0.482168 0.181968 0.677566
0 0.337875 0.618467 0.199897 0.701928
0 0.337459 0.611981 0.200663 0.707349
0 0.139855 0.638788 0.206146 0.715613
0 0.863519 0.376183 0.184984 0.669702
0 0.523636 0.557322 0.191217 0.692572
0 0.696946 0.482168 0.181968 0.677566
0 0.337875 0.618467 0.199897 0.701928
0 0.337459 0.611981 0.200663 0.707349
0 0.337796 0.617433 0.186365 0.692768
0 0.523448 0.561689 0.175164 0.678127
0 0.867459 0.369365 0.166639 0.682862
0 0.143407 0.646613 0.192764 0.693941
0 0.697557 0.485212 0.163546 0.663116
0 0.337796 0.617433 0.186365 0.692768
0 0.523448 0.561689 0.175164 0.678127
0 0.867459 0.369365 0.166639 0.682862
0 0.143407 0.646613 0.192764 0.693941
0 0.697557 0.485212 0.163546 0.663116
0 0.337796 0.617433 0.186365 0.692768
0 0.523448 0.561689 0.175164 0.678127
0 0.867459 0.369365 0.166639 0.682862
0 0.143407 0.646613 0.192764 0.693941
0 0.697557 0.485212 0.163546 0.663116
0 0.337796 0.617433 0.186365 0.692768
0 0.523448 0.561689 0.175164 0.678127
0 0.867459 0.369365 0.166639 0.682862
0 0.143407 0.646613 0.192764 0.693941
0 0.697557 0.485212 0.163546 0.663116
