0 0.191965 0.624256 0.32645 0.735793
0 0.492035 0.610282 0.299687 0.646325
0 0.808235 0.464022 0.358804 0.789985
0 0.0345361 0.582946 0.0685456 0.792588
0 0.191965 0.624256 0.32645 0.735793
0 0.492035 0.610282 0.299687 0.646325
0 0.808235 0.464022 0.358804 0.789985
0 0.0345361 0.582946 0.0685456 0.792588
0 0.191965 0.624256 0.32645 0.735793
0 0.492035 0.610282 0.299687 0.646325
0 0.808235 0.464022 0.358804 0.789985
0 0.0345361 0.582946 0.0685456 0.792588
0 0.193908 0.628639 0.292975 0.720971
0 0.493715 0.611492 0.288485 0.625343
0 0.814675 0.479572 0.35477 0.767359
0 0.829307 0.640076 0.331148 0.420846
0 0.0286314 0.597175 0.0572629 0.741113
0 0.193908 0.628639 0.292975 0.720971
0 0.493715 0.611492 0.288485 0.625343
0 0.814675 0.479572 0.35477 0.767359
0 0.829307 0.640076 0.331148 0.420846
0 0.0286314 0.597175 0.0572629 0.741113
0 0.193908 0.628639 0.292975 0.720971
0 0.493715 0.611492 0.288485 0.625343
0 0.814675 0.479572 0.35477 0.767359
0 0.829307 0.640076 0.331148 0.420846
0 0.0286314 0.597175 0.0572629 0.741113
