0 0.871866 0.493542 0.204565 0.94786
0 0.137138 0.613866 0.233438 0.678435
0 0.719179 0.63564 0.109226 0.665834
0 0.301362 0.624173 0.116934 0.699474
0 0.615956 0.626054 0.108135 0.669999
0 0.0190044 0.606129 0.0380087 0.714244
0 0.19388 0.613313 0.114398 0.673151
0 0.51075 0.625838 0.110449 0.674632
0 0.511765 0.626982 0.110701 0.672189
0 0.871866 0.493542 0.204565 0.94786
0 0.137138 0.613866 0.233438 0.678435
0 0.719179 0.63564 0.109226 0.665834
0 0.301362 0.624173 0.116934 0.699474
0 0.615956 0.626054 0.108135 0.669999
0 0.0190044 0.606129 0.0380087 0.714244
0 0.19388 0.613313 0.114398 0.673151
0 0.51075 0.625838 0.110449 0.674632
0 0.511765 0.626982 0.110701 0.672189
0 0.871866 0.493542 0.204565 0.94786
0 0.137138 0.613866 0.233438 0.678435
0 0.719179 0.63564 0.109226 0.665834
0 0.301362 0.624173 0.116934 0.699474
0 0.615956 0.626054 0.108135 0.669999
0 0.0190044 0.606129 0.0380087 0.714244
0 0.19388 0.613313 0.114398 0.673151
0 0.51075 0.625838 0.110449 0.674632
0 0.511765 0.626982 0.110701 0.672189
0 0.617067 0.635129 0.107455 0.65002
0 0.512447 0.63296 0.108737 0.656779
0 0.0886365 0.596445 0.118349 0.633321
0 0.874723 0.49579 0.195393 0.958891
0 0.4073 0.635638 0.113184 0.672546
0 0.195986 0.628965 0.114515 0.677533
0 0.720463 0.636949 0.107801 0.648724
0 0.617067 0.635129 0.107455 0.65002
0 0.512447 0.63296 0.108737 0.656779
0 0.0886365 0.596445 0.118349 0.633321
0 0.874723 0.49579 0.195393 0.958891
0 0.4073 0.635638 0.113184 0.672546
0 0.195986 0.628965 0.114515 0.677533
0 0.720463 0.636949 0.107801 0.648724
0 0.304192 0.6357 0.114926 0.686596
0 0.301311 0.63168 0.111243 0.680833
0 0.720154 0.637994 0.108371 0.641759
0 0.0186769 0.586631 0.0368377 0.620409
0 0.197969 0.627996 0.118357 0.678148
0 0.617067 0.635129 0.107455 0.65002
0 0.512447 0.63296 0.108737 0.656779
0 0.0886365 0.596445 0.118349 0.633321
0 0.874723 0.49579 0.195393 0.958891
0 0.4073 0.635638 0.113184 0.672546
0 0.195986 0.628965 0.114515 0.677533
0 0.720463 0.636949 0.107801 0.648724
0 0.617067 0.635129 0.107455 0.65002
0 0.512447 0.63296 0.108737 0.656779
0 0.0886365 0.596445 0.118349 0.633321
0 0.874723 0.49579 0.195393 0.958891
0 0.4073 0.635638 0.113184 0.672546
0 0.195986 0.628965 0.114515 0.677533
0 0.720463 0.636949 0.107801 0.648724
