0 0.703168 0.479464 0.105063 0.83787
0 0.374951 0.466896 0.109879 0.843252
0 0.265803 0.49537 0.109126 0.774379
0 0.485537 0.468984 0.108771 0.830397
0 0.153994 0.473561 0.113038 0.79433
0 0.815428 0.484051 0.106314 0.832514
0 0.921343 0.483512 0.108058 0.82593
0 0.0504058 0.467573 0.100812 0.79229
0 0.594955 0.474215 0.103822 0.832275
0 0.986834 0.50971 0.0263313 0.825832
0 0.703168 0.479464 0.105063 0.83787
0 0.374951 0.466896 0.109879 0.843252
0 0.265803 0.49537 0.109126 0.774379
0 0.485537 0.468984 0.108771 0.830397
0 0.153994 0.473561 0.113038 0.79433
0 0.815428 0.484051 0.106314 0.832514
0 0.921343 0.483512 0.108058 0.82593
0 0.0504058 0.467573 0.100812 0.79229
0 0.594955 0.474215 0.103822 0.832275
0 0.986834 0.50971 0.0263313 0.825832
0 0.703168 0.479464 0.105063 0.83787
0 0.374951 0.466896 0.109879 0.843252
0 0.265803 0.49537 0.109126 0.774379
0 0.485537 0.468984 0.108771 0.830397
0 0.153994 0.473561 0.113038 0.79433
0 0.815428 0.484051 0.106314 0.832514
0 0.921343 0.483512 0.108058 0.82593
0 0.0504058 0.467573 0.100812 0.79229
0 0.594955 0.474215 0.103822 0.832275
0 0.986834 0.50971 0.0263313 0.825832
0 0.265712 0.486286 0.113509 0.798765
0 0.814765 0.480339 0.112105 0.841024
0 0.595823 0.478419 0.110374 0.848196
0 0.375189 0.467583 0.112783 0.843377
0 0.704858 0.478866 0.109808 0.850485
0 0.922519 0.479934 0.111684 0.834222
0 0.486094 0.470978 0.112567 0.841902
0 0.0503351 0.461158 0.10067 0.807643
0 0.153693 0.473262 0.117218 0.803238
0 0.986844 0.510272 0.026311 0.815533
0 0.265712 0.486286 0.113509 0.798765
0 0.814765 0.480339 0.112105 0.841024
0 0.595823 0.478419 0.110374 0.848196
0 0.375189 0.467583 0.112783 0.843377
0 0.704858 0.478866 0.109808 0.850485
0 0.922519 0.479934 0.111684 0.834222
0 0.486094 0.470978 0.112567 0.841902
0 0.0503351 0.461158 0.10067 0.807643
0 0.153693 0.473262 0.117218 0.803238
0 0.986844 0.510272 0.026311 0.815533
0 0.265712 0.486286 0.113509 0.798765
0 0.814765 0.480339 0.112105 0.841024
0 0.595823 0.478419 0.110374 0.848196
0 0.375189 0.467583 0.112783 0.843377
0 0.704858 0.478866 0.109808 0.850485
0 0.922519 0.479934 0.111684 0.834222
0 0.486094 0.470978 0.112567 0.841902
0 0.0503351 0.461158 0.10067 0.807643
0 0.153693 0.473262 0.117218 0.803238
0 0.986844 0.510272 0.026311 0.815533
0 0.265712 0.486286 0.113509 0.798765
0 0.814765 0.480339 0.112105 0.841024
0 0.595823 0.478419 0.110374 0.848196
0 0.375189 0.467583 0.112783 0.843377
0 0.704858 0.478866 0.109808 0.850485
0 0.922519 0.479934 0.111684 0.834222
0 0.486094 0.470978 0.112567 0.841902
0 0.0503351 0.461158 0.10067 0.807643
0 0.153693 0.473262 0.117218 0.803238
0 0.986844 0.510272 0.026311 0.815533
