0 0.73229 0.465188 0.134236 0.857811
0 0.479906 0.491055 0.137659 0.881724
0 0.353014 0.492026 0.133548 0.897478
0 0.226406 0.478724 0.129899 0.88897
0 0.864821 0.429772 0.145156 0.837294
0 0.610312 0.486903 0.134298 0.874512
0 0.088734 0.464485 0.140471 0.852925
0 0.73229 0.465188 0.134236 0.857811
0 0.479906 0.491055 0.137659 0.881724
0 0.353014 0.492026 0.133548 0.897478
0 0.226406 0.478724 0.129899 0.88897
0 0.864821 0.429772 0.145156 0.837294
0 0.610312 0.486903 0.134298 0.874512
0 0.088734 0.464485 0.140471 0.852925
0 0.73229 0.465188 0.134236 0.857811
0 0.479906 0.491055 0.137659 0.881724
0 0.353014 0.492026 0.133548 0.897478
0 0.226406 0.478724 0.129899 0.88897
0 0.864821 0.429772 0.145156 0.837294
0 0.610312 0.486903 0.134298 0.874512
0 0.088734 0.464485 0.140471 0.852925
0 0.352771 0.487207 0.127675 0.885871
0 0.227308 0.474708 0.129042 0.875409
0 0.090684 0.45124 0.135783 0.868034
0 0.609846 0.475569 0.132587 0.886706
0 0.734644 0.462017 0.130578 0.87033
0 0.481096 0.489611 0.135006 0.881535
0 0.866109 0.421776 0.14354 0.831715
0 0.352771 0.487207 0.127675 0.885871
0 0.227308 0.474708 0.129042 0.875409
0 0.090684 0.45124 0.135783 0.868034
0 0.609846 0.475569 0.132587 0.886706
0 0.734644 0.462017 0.130578 0.87033
0 0.481096 0.489611 0.135006 0.881535
0 0.866109 0.421776 0.14354 0.831715
0 0.986207 0.427913 0.0274944 0.855714
0 0.352771 0.487207 0.127675 0.885871
0 0.227308 0.474708 0.129042 0.875409
0 0.090684 0.45124 0.135783 0.868034
0 0.609846 0.475569 0.132587 0.886706
0 0.734644 0.462017 0.130578 0.87033
0 0.481096 0.489611 0.135006 0.881535
0 0.866109 0.421776 0.14354 0.831715
