0 0.333157 0.52223 0.188286 0.883718
0 0.0499988 0.576793 0.0999975 0.846361
0 0.165855 0.553604 0.162892 0.833736
0 0.333157 0.52223 0.188286 0.883718
0 0.0499988 0.576793 0.0999975 0.846361
0 0.165855 0.553604 0.162892 0.833736
0 0.333157 0.52223 0.188286 0.883718
0 0.0499988 0.576793 0.0999975 0.846361
0 0.165855 0.553604 0.162892 0.833736
0 0.334992 0.52718 0.181059 0.861064
0 0.0483283 0.612703 0.0953209 0.760098
0 0.334992 0.52718 0.181059 0.861064
0 0.0483283 0.612703 0.0953209 0.760098
0 0.0495682 0.611131 0.0968993 0.769192
0 0.334992 0.52718 0.181059 0.861064
0 0.0483283 0.612703 0.0953209 0.760098
0 0.334992 0.52718 0.181059 0.861064
0 0.0483283 0.612703 0.0953209 0.760098
