0 0.351574 0.545207 0.18883 0.818332
0 0.877121 0.402263 0.163344 0.750241
0 0.55591 0.49715 0.175093 0.809438
0 0.161662 0.570991 0.198573 0.813517
0 0.719436 0.4558 0.166594 0.781048
0 0.720122 0.453428 0.165776 0.782994
0 0.351574 0.545207 0.18883 0.818332
0 0.877121 0.402263 0.163344 0.750241
0 0.55591 0.49715 0.175093 0.809438
0 0.161662 0.570991 0.198573 0.813517
0 0.719436 0.4558 0.166594 0.781048
0 0.720122 0.453428 0.165776 0.782994
0 0.351574 0.545207 0.18883 0.818332
0 0.877121 0.402263 0.163344 0.750241
0 0.55591 0.49715 0.175093 0.809438
0 0.161662 0.570991 0.198573 0.813517
0 0.719436 0.4558 0.166594 0.781048
0 0.720122 0.453428 0.165776 0.782994
0 0.349994 0.554292 0.183806 0.811931
0 0.720627 0.456431 0.162986 0.782876
0 0.87273 0.402532 0.155885 0.752018
0 0.164159 0.579536 0.193865 0.809573
0 0.555794 0.503443 0.171008 0.805169
0 0.349994 0.554292 0.183806 0.811931
0 0.720627 0.456431 0.162986 0.782876
0 0.87273 0.402532 0.155885 0.752018
0 0.164159 0.579536 0.193865 0.809573
0 0.555794 0.503443 0.171008 0.805169
0 0.9855 0.352848 0.0289679 0.705696
0 0.349994 0.554292 0.183806 0.811931
0 0.720627 0.456431 0.162986 0.782876
0 0.87273 0.402532 0.155885 0.752018
0 0.164159 0.579536 0.193865 0.809573
0 0.555794 0.503443 0.171008 0.805169
0 0.349994 0.554292 0.183806 0.811931
0 0.720627 0.456431 0.162986 0.782876
0 0.87273 0.402532 0.155885 0.752018
0 0.164159 0.579536 0.193865 0.809573
0 0.555794 0.503443 0.171008 0.805169
