0 0.110975 0.65497 0.171845 0.68732
0 0.259899 0.629831 0.166583 0.675154
0 0.110975 0.65497 0.171845 0.68732
0 0.259899 0.629831 0.166583 0.675154
0 0.110975 0.65497 0.171845 0.68732
0 0.259899 0.629831 0.166583 0.675154
0 0.260662 0.632962 0.167182 0.654799
0 0.113474 0.657536 0.171382 0.664988
0 0.113647 0.762115 0.162189 0.446685
0 0.260662 0.632962 0.167182 0.654799
0 0.113474 0.657536 0.171382 0.664988
0 0.113647 0.762115 0.162189 0.446685
0 0.260662 0.632962 0.167182 0.654799
0 0.113474 0.657536 0.171382 0.664988
0 0.113647 0.762115 0.162189 0.446685
0 0.260662 0.632962 0.167182 0.654799
0 0.113474 0.657536 0.171382 0.664988
0 0.113647 0.762115 0.162189 0.446685
