0 0.828477 0.58963 0.12559 0.694578
0 0.618418 0.514101 0.119201 0.678564
0 0.5186 0.481894 0.115001 0.673869
0 0.311081 0.425228 0.116348 0.616479
0 0.416919 0.443553 0.128822 0.67608
0 0.121489 0.38293 0.0935247 0.547091
0 0.722208 0.547814 0.127668 0.695871
0 0.0390404 0.342115 0.0780807 0.554551
0 0.216517 0.404877 0.0982583 0.599542
0 0.933402 0.632924 0.100284 0.695323
0 0.309782 0.442789 0.108987 0.55462
0 0.828477 0.58963 0.12559 0.694578
0 0.618418 0.514101 0.119201 0.678564
0 0.5186 0.481894 0.115001 0.673869
0 0.311081 0.425228 0.116348 0.616479
0 0.416919 0.443553 0.128822 0.67608
0 0.121489 0.38293 0.0935247 0.547091
0 0.722208 0.547814 0.127668 0.695871
0 0.0390404 0.342115 0.0780807 0.554551
0 0.216517 0.404877 0.0982583 0.599542
0 0.933402 0.632924 0.100284 0.695323
0 0.309782 0.442789 0.108987 0.55462
0 0.828477 0.58963 0.12559 0.694578
0 0.618418 0.514101 0.119201 0.678564
0 0.5186 0.481894 0.115001 0.673869
0 0.311081 0.425228 0.116348 0.616479
0 0.416919 0.443553 0.128822 0.67608
0 0.121489 0.38293 0.0935247 0.547091
0 0.722208 0.547814 0.127668 0.695871
0 0.0390404 0.342115 0.0780807 0.554551
0 0.216517 0.404877 0.0982583 0.599542
0 0.933402 0.632924 0.100284 0.695323
0 0.309782 0.442789 0.108987 0.55462
0 0.516894 0.492044 0.115418 0.633692
0 0.212949 0.428185 0.0928636 0.528398
0 0.828331 0.603511 0.129256 0.672683
0 0.122257 0.396788 0.098157 0.535549
0 0.615248 0.527886 0.119496 0.652156
0 0.307638 0.446438 0.110369 0.570692
0 0.718369 0.559929 0.124792 0.661804
0 0.412961 0.454242 0.123641 0.635956
0 0.040234 0.371742 0.080468 0.487902
0 0.516894 0.492044 0.115418 0.633692
0 0.212949 0.428185 0.0928636 0.528398
0 0.828331 0.603511 0.129256 0.672683
0 0.122257 0.396788 0.098157 0.535549
0 0.615248 0.527886 0.119496 0.652156
0 0.307638 0.446438 0.110369 0.570692
0 0.718369 0.559929 0.124792 0.661804
0 0.412961 0.454242 0.123641 0.635956
0 0.040234 0.371742 0.080468 0.487902
0 0.411554 0.452329 0.127109 0.634246
0 0.516894 0.492044 0.115418 0.633692
0 0.212949 0.428185 0.0928636 0.528398
0 0.828331 0.603511 0.129256 0.672683
0 0.122257 0.396788 0.098157 0.535549
0 0.615248 0.527886 0.119496 0.652156
0 0.307638 0.446438 0.110369 0.570692
0 0.718369 0.559929 0.124792 0.661804
0 0.412961 0.454242 0.123641 0.635956
0 0.040234 0.371742 0.080468 0.487902
0 0.516894 0.492044 0.115418 0.633692
0 0.212949 0.428185 0.0928636 0.528398
0 0.828331 0.603511 0.129256 0.672683
0 0.122257 0.396788 0.098157 0.535549
0 0.615248 0.527886 0.119496 0.652156
0 0.307638 0.446438 0.110369 0.570692
0 0.718369 0.559929 0.124792 0.661804
0 0.412961 0.454242 0.123641 0.635956
0 0.040234 0.371742 0.080468 0.487902
