0 0.46998 0.499955 0.775707 0.940146
0 0.500609 0.517596 0.759102 0.945472
0 0.46998 0.499955 0.775707 0.940146
0 0.500609 0.517596 0.759102 0.945472
0 0.46998 0.499955 0.775707 0.940146
0 0.500609 0.517596 0.759102 0.945472
0 0.463162 0.475481 0.692994 0.903651
0 0.815172 0.697443 0.368515 0.54013
0 0.18247 0.507651 0.361058 0.929007
0 0.463162 0.475481 0.692994 0.903651
0 0.815172 0.697443 0.368515 0.54013
0 0.18247 0.507651 0.361058 0.929007
0 0.640435 0.965031 0.401655 0.068962
0 0.463162 0.475481 0.692994 0.903651
0 0.815172 0.697443 0.368515 0.54013
0 0.18247 0.507651 0.361058 0.929007
