0 0.148557 0.517878 0.198806 0.847567
0 0.369734 0.500468 0.229817 0.77973
0 0.841565 0.461375 0.229225 0.838122
0 0.649537 0.466661 0.150813 0.823048
0 0.148557 0.517878 0.198806 0.847567
0 0.369734 0.500468 0.229817 0.77973
0 0.841565 0.461375 0.229225 0.838122
0 0.649537 0.466661 0.150813 0.823048
0 0.148557 0.517878 0.198806 0.847567
0 0.369734 0.500468 0.229817 0.77973
0 0.841565 0.461375 0.229225 0.838122
0 0.649537 0.466661 0.150813 0.823048
0 0.149705 0.523267 0.204489 0.850082
0 0.373835 0.503332 0.221777 0.781639
0 0.837174 0.489088 0.216758 0.767673
0 0.605878 0.503495 0.221269 0.788202
0 0.149705 0.523267 0.204489 0.850082
0 0.373835 0.503332 0.221777 0.781639
0 0.837174 0.489088 0.216758 0.767673
0 0.605878 0.503495 0.221269 0.788202
0 0.149705 0.523267 0.204489 0.850082
0 0.373835 0.503332 0.221777 0.781639
0 0.837174 0.489088 0.216758 0.767673
0 0.605878 0.503495 0.221269 0.788202
0 0.149705 0.523267 0.204489 0.850082
0 0.373835 0.503332 0.221777 0.781639
0 0.837174 0.489088 0.216758 0.767673
0 0.605878 0.503495 0.221269 0.788202
