0 0.495762 0.530648 0.13649 0.646499
0 0.739616 0.438159 0.149001 0.60297
0 0.37387 0.751805 0.11979 0.300171
0 0.247358 0.600785 0.139573 0.645941
0 0.117133 0.605895 0.141466 0.626823
0 0.495762 0.530648 0.13649 0.646499
0 0.739616 0.438159 0.149001 0.60297
0 0.37387 0.751805 0.11979 0.300171
0 0.247358 0.600785 0.139573 0.645941
0 0.117133 0.605895 0.141466 0.626823
0 0.495762 0.530648 0.13649 0.646499
0 0.739616 0.438159 0.149001 0.60297
0 0.37387 0.751805 0.11979 0.300171
0 0.247358 0.600785 0.139573 0.645941
0 0.117133 0.605895 0.141466 0.626823
0 0.496996 0.540407 0.132886 0.646157
0 0.246249 0.599089 0.136274 0.649617
0 0.613845 0.506981 0.125185 0.577491
0 0.740569 0.417112 0.149226 0.654116
0 0.859546 0.325269 0.107676 0.637343
0 0.369982 0.590539 0.132914 0.651554
0 0.116967 0.599856 0.140974 0.621351
0 0.244764 0.607266 0.136817 0.658082
0 0.726453 0.604662 0.113834 0.29079
0 0.369049 0.582299 0.131089 0.636231
0 0.495634 0.54303 0.131985 0.646784
0 0.496996 0.540407 0.132886 0.646157
0 0.246249 0.599089 0.136274 0.649617
0 0.613845 0.506981 0.125185 0.577491
0 0.740569 0.417112 0.149226 0.654116
0 0.859546 0.325269 0.107676 0.637343
0 0.369982 0.590539 0.132914 0.651554
0 0.116967 0.599856 0.140974 0.621351
0 0.244764 0.607266 0.136817 0.658082
0 0.726453 0.604662 0.113834 0.29079
0 0.369049 0.582299 0.131089 0.636231
0 0.495634 0.54303 0.131985 0.646784
0 0.496996 0.540407 0.132886 0.646157
0 0.246249 0.599089 0.136274 0.649617
0 0.613845 0.506981 0.125185 0.577491
0 0.740569 0.417112 0.149226 0.654116
0 0.859546 0.325269 0.107676 0.637343
0 0.369982 0.590539 0.132914 0.651554
0 0.116967 0.599856 0.140974 0.621351
0 0.244764 0.607266 0.136817 0.658082
0 0.726453 0.604662 0.113834 0.29079
0 0.369049 0.582299 0.131089 0.636231
0 0.495634 0.54303 0.131985 0.646784
