0 0.180389 0.86278 0.35789 0.274441
0 0.688676 0.921152 0.605204 0.156037
0 0.698585 0.851204 0.602831 0.297592
0 0.0499625 0.911313 0.099925 0.174248
0 0.180389 0.86278 0.35789 0.274441
0 0.688676 0.921152 0.605204 0.156037
0 0.698585 0.851204 0.602831 0.297592
0 0.0499625 0.911313 0.099925 0.174248
0 0.966731 0.493429 0.0665385 0.829795
0 0.180389 0.86278 0.35789 0.274441
0 0.688676 0.921152 0.605204 0.156037
0 0.698585 0.851204 0.602831 0.297592
0 0.0499625 0.911313 0.099925 0.174248
0 0.180389 0.86278 0.35789 0.274441
0 0.688676 0.921152 0.605204 0.156037
0 0.698585 0.851204 0.602831 0.297592
0 0.0499625 0.911313 0.099925 0.174248
