0 0.756323 0.75607 0.466805 0.412892
0 0.760149 0.270777 0.472327 0.449473
0 0.265934 0.659229 0.363137 0.623745
0 0.0376808 0.56279 0.0753616 0.374844
0 0.756323 0.75607 0.466805 0.412892
0 0.760149 0.270777 0.472327 0.449473
0 0.265934 0.659229 0.363137 0.623745
0 0.0376808 0.56279 0.0753616 0.374844
0 0.756323 0.75607 0.466805 0.412892
0 0.760149 0.270777 0.472327 0.449473
0 0.265934 0.659229 0.363137 0.623745
0 0.0376808 0.56279 0.0753616 0.374844
0 0.773291 0.276557 0.451656 0.458258
0 0.759462 0.759136 0.478842 0.421675
0 0.263455 0.557891 0.373366 0.421865
0 0.0383189 0.578507 0.0727039 0.369037
0 0.773291 0.276557 0.451656 0.458258
0 0.759462 0.759136 0.478842 0.421675
0 0.263455 0.557891 0.373366 0.421865
0 0.0383189 0.578507 0.0727039 0.369037
0 0.773291 0.276557 0.451656 0.458258
0 0.759462 0.759136 0.478842 0.421675
0 0.263455 0.557891 0.373366 0.421865
0 0.0383189 0.578507 0.0727039 0.369037
0 0.773291 0.276557 0.451656 0.458258
0 0.759462 0.759136 0.478842 0.421675
0 0.263455 0.557891 0.373366 0.421865
0 0.0383189 0.578507 0.0727039 0.369037
