0 0.527568 0.569019 0.347904 0.795798
0 0.189178 0.507511 0.34167 0.847761
0 0.638313 0.554264 0.152341 0.798655
0 0.527568 0.569019 0.347904 0.795798
0 0.189178 0.507511 0.34167 0.847761
0 0.638313 0.554264 0.152341 0.798655
0 0.527568 0.569019 0.347904 0.795798
0 0.189178 0.507511 0.34167 0.847761
0 0.638313 0.554264 0.152341 0.798655
0 0.54463 0.550751 0.38001 0.859125
0 0.19551 0.481536 0.357571 0.933455
0 0.54463 0.550751 0.38001 0.859125
0 0.19551 0.481536 0.357571 0.933455
0 0.54463 0.550751 0.38001 0.859125
0 0.19551 0.481536 0.357571 0.933455
0 0.54463 0.550751 0.38001 0.859125
0 0.19551 0.481536 0.357571 0.933455
