0 0.855562 0.605685 0.213709 0.693227
0 0.37005 0.514855 0.122847 0.508244
0 0.59873 0.534601 0.104871 0.519416
0 0.49072 0.526129 0.115543 0.509403
0 0.175885 0.546794 0.0964759 0.562022
0 0.0760845 0.531749 0.111254 0.570204
0 0.0762482 0.528659 0.111989 0.563635
0 0.855562 0.605685 0.213709 0.693227
0 0.37005 0.514855 0.122847 0.508244
0 0.59873 0.534601 0.104871 0.519416
0 0.49072 0.526129 0.115543 0.509403
0 0.175885 0.546794 0.0964759 0.562022
0 0.0760845 0.531749 0.111254 0.570204
0 0.0762482 0.528659 0.111989 0.563635
0 0.855562 0.605685 0.213709 0.693227
0 0.37005 0.514855 0.122847 0.508244
0 0.59873 0.534601 0.104871 0.519416
0 0.49072 0.526129 0.115543 0.509403
0 0.175885 0.546794 0.0964759 0.562022
0 0.0760845 0.531749 0.111254 0.570204
0 0.0762482 0.528659 0.111989 0.563635
0 0.178215 0.547546 0.0989989 0.537946
0 0.598668 0.534696 0.1026 0.506716
0 0.0781304 0.543172 0.10416 0.531417
0 0.49073 0.520679 0.111819 0.503773
0 0.86105 0.495375 0.215265 0.948603
0 0.378526 0.518806 0.103285 0.494455
0 0.278742 0.597325 0.105489 0.642069
0 0.704706 0.607712 0.112522 0.659708
0 0.705357 0.613255 0.114685 0.656893
0 0.178215 0.547546 0.0989989 0.537946
0 0.598668 0.534696 0.1026 0.506716
0 0.0781304 0.543172 0.10416 0.531417
0 0.49073 0.520679 0.111819 0.503773
0 0.86105 0.495375 0.215265 0.948603
0 0.378526 0.518806 0.103285 0.494455
0 0.278742 0.597325 0.105489 0.642069
0 0.704706 0.607712 0.112522 0.659708
0 0.705357 0.613255 0.114685 0.656893
0 0.178215 0.547546 0.0989989 0.537946
0 0.598668 0.534696 0.1026 0.506716
0 0.0781304 0.543172 0.10416 0.531417
0 0.49073 0.520679 0.111819 0.503773
0 0.86105 0.495375 0.215265 0.948603
0 0.378526 0.518806 0.103285 0.494455
0 0.278742 0.597325 0.105489 0.642069
0 0.704706 0.607712 0.112522 0.659708
0 0.705357 0.613255 0.114685 0.656893
0 0.178215 0.547546 0.0989989 0.537946
0 0.598668 0.534696 0.1026 0.506716
0 0.0781304 0.543172 0.10416 0.531417
0 0.49073 0.520679 0.111819 0.503773
0 0.86105 0.495375 0.215265 0.948603
0 0.378526 0.518806 0.103285 0.494455
0 0.278742 0.597325 0.105489 0.642069
0 0.704706 0.607712 0.112522 0.659708
0 0.705357 0.613255 0.114685 0.656893
