0 0.356298 0.49965 0.180231 0.869026
0 0.656192 0.499632 0.158482 0.820892
0 0.512352 0.510631 0.183034 0.884672
0 0.0807166 0.476898 0.157772 0.87955
0 0.210638 0.488168 0.158304 0.877933
0 0.802439 0.539657 0.166446 0.856616
0 0.930573 0.551957 0.138854 0.896087
0 0.0829077 0.485826 0.155271 0.872014
0 0.356298 0.49965 0.180231 0.869026
0 0.656192 0.499632 0.158482 0.820892
0 0.512352 0.510631 0.183034 0.884672
0 0.0807166 0.476898 0.157772 0.87955
0 0.210638 0.488168 0.158304 0.877933
0 0.802439 0.539657 0.166446 0.856616
0 0.930573 0.551957 0.138854 0.896087
0 0.0829077 0.485826 0.155271 0.872014
0 0.356298 0.49965 0.180231 0.869026
0 0.656192 0.499632 0.158482 0.820892
0 0.512352 0.510631 0.183034 0.884672
0 0.0807166 0.476898 0.157772 0.87955
0 0.210638 0.488168 0.158304 0.877933
0 0.802439 0.539657 0.166446 0.856616
0 0.930573 0.551957 0.138854 0.896087
0 0.0829077 0.485826 0.155271 0.872014
0 0.211623 0.48835 0.158129 0.884163
0 0.511409 0.520911 0.173872 0.881168
0 0.933277 0.543613 0.133445 0.87471
0 0.802656 0.538142 0.160958 0.849708
0 0.654095 0.508241 0.160803 0.886863
0 0.357746 0.49883 0.173324 0.87231
0 0.0809042 0.478751 0.146793 0.868154
0 0.0196032 0.501657 0.0392064 0.835292
0 0.211623 0.48835 0.158129 0.884163
0 0.511409 0.520911 0.173872 0.881168
0 0.933277 0.543613 0.133445 0.87471
0 0.802656 0.538142 0.160958 0.849708
0 0.654095 0.508241 0.160803 0.886863
0 0.357746 0.49883 0.173324 0.87231
0 0.0809042 0.478751 0.146793 0.868154
0 0.0196032 0.501657 0.0392064 0.835292
