0 0.203716 0.547255 0.235415 0.727295
0 0.449455 0.539394 0.258213 0.714086
0 0.889473 0.546434 0.180515 0.835425
0 0.0452993 0.547403 0.0905987 0.692416
0 0.203716 0.547255 0.235415 0.727295
0 0.449455 0.539394 0.258213 0.714086
0 0.889473 0.546434 0.180515 0.835425
0 0.0452993 0.547403 0.0905987 0.692416
0 0.203716 0.547255 0.235415 0.727295
0 0.449455 0.539394 0.258213 0.714086
0 0.889473 0.546434 0.180515 0.835425
0 0.0452993 0.547403 0.0905987 0.692416
0 0.0444505 0.549003 0.0878979 0.692762
0 0.203142 0.556945 0.230212 0.705496
0 0.53343 0.570908 0.427505 0.741801
0 0.89435 0.539231 0.164196 0.824216
0 0.0444505 0.549003 0.0878979 0.692762
0 0.203142 0.556945 0.230212 0.705496
0 0.53343 0.570908 0.427505 0.741801
0 0.89435 0.539231 0.164196 0.824216
0 0.0444505 0.549003 0.0878979 0.692762
0 0.203142 0.556945 0.230212 0.705496
0 0.53343 0.570908 0.427505 0.741801
0 0.89435 0.539231 0.164196 0.824216
