0 0.815819 0.433809 0.0725749 0.36718
0 0.742616 0.448772 0.0751472 0.369557
0 0.965154 0.390097 0.0696923 0.427561
0 0.891553 0.415388 0.0790901 0.380752
0 0.121105 0.82216 0.160826 0.35221
0 0.243157 0.787588 0.104157 0.336466
0 0.645803 0.624523 0.150792 0.619422
0 0.815819 0.433809 0.0725749 0.36718
0 0.742616 0.448772 0.0751472 0.369557
0 0.965154 0.390097 0.0696923 0.427561
0 0.891553 0.415388 0.0790901 0.380752
0 0.121105 0.82216 0.160826 0.35221
0 0.243157 0.787588 0.104157 0.336466
0 0.645803 0.624523 0.150792 0.619422
0 0.815819 0.433809 0.0725749 0.36718
0 0.742616 0.448772 0.0751472 0.369557
0 0.965154 0.390097 0.0696923 0.427561
0 0.891553 0.415388 0.0790901 0.380752
0 0.121105 0.82216 0.160826 0.35221
0 0.243157 0.787588 0.104157 0.336466
0 0.645803 0.624523 0.150792 0.619422
0 0.965094 0.384066 0.0698111 0.410898
0 0.816076 0.586738 0.0772858 0.687307
0 0.118504 0.823 0.143372 0.346029
0 0.746677 0.586112 0.0746482 0.658966
0 0.673863 0.62034 0.0849457 0.63288
0 0.33407 0.677252 0.08154 0.554541
0 0.605792 0.637553 0.0620339 0.63564
0 0.236552 0.801457 0.0994144 0.349623
0 0.891002 0.424111 0.082153 0.378918
0 0.443439 0.661461 0.0513254 0.575327
0 0.397365 0.669396 0.0537161 0.559268
0 0.022464 0.697303 0.044928 0.605395
0 0.494201 0.652678 0.149282 0.590292
0 0.446303 0.658854 0.0563349 0.588832
0 0.494323 0.651621 0.0633054 0.598842
0 0.351173 0.678243 0.115157 0.573632
0 0.965094 0.384066 0.0698111 0.410898
0 0.816076 0.586738 0.0772858 0.687307
0 0.118504 0.823 0.143372 0.346029
0 0.746677 0.586112 0.0746482 0.658966
0 0.673863 0.62034 0.0849457 0.63288
0 0.33407 0.677252 0.08154 0.554541
0 0.605792 0.637553 0.0620339 0.63564
0 0.236552 0.801457 0.0994144 0.349623
0 0.891002 0.424111 0.082153 0.378918
0 0.443439 0.661461 0.0513254 0.575327
0 0.397365 0.669396 0.0537161 0.559268
0 0.022464 0.697303 0.044928 0.605395
0 0.494201 0.652678 0.149282 0.590292
0 0.446303 0.658854 0.0563349 0.588832
0 0.494323 0.651621 0.0633054 0.598842
0 0.351173 0.678243 0.115157 0.573632
0 0.534755 0.649145 0.0689571 0.617903
0 0.746032 0.592914 0.0732132 0.666689
0 0.485163 0.658309 0.0572527 0.612117
0 0.589208 0.81163 0.0423903 0.244709
0 0.450684 0.667107 0.0642899 0.603069
0 0.0212543 0.849614 0.0425087 0.300772
0 0.590053 0.641688 0.043439 0.601202
0 0.640414 0.634454 0.138098 0.620807
0 0.965094 0.384066 0.0698111 0.410898
0 0.816076 0.586738 0.0772858 0.687307
0 0.118504 0.823 0.143372 0.346029
0 0.746677 0.586112 0.0746482 0.658966
0 0.673863 0.62034 0.0849457 0.63288
0 0.33407 0.677252 0.08154 0.554541
0 0.605792 0.637553 0.0620339 0.63564
0 0.236552 0.801457 0.0994144 0.349623
0 0.891002 0.424111 0.082153 0.378918
0 0.443439 0.661461 0.0513254 0.575327
0 0.397365 0.669396 0.0537161 0.559268
0 0.022464 0.697303 0.044928 0.605395
0 0.494201 0.652678 0.149282 0.590292
0 0.446303 0.658854 0.0563349 0.588832
0 0.494323 0.651621 0.0633054 0.598842
0 0.351173 0.678243 0.115157 0.573632
