0 0.703407 0.495172 0.176886 0.903863
0 0.537369 0.514305 0.180928 0.911483
0 0.862996 0.465282 0.167195 0.913886
0 0.365224 0.530593 0.19098 0.881639
0 0.162834 0.534774 0.199443 0.870883
0 0.703407 0.495172 0.176886 0.903863
0 0.537369 0.514305 0.180928 0.911483
0 0.862996 0.465282 0.167195 0.913886
0 0.365224 0.530593 0.19098 0.881639
0 0.162834 0.534774 0.199443 0.870883
0 0.703407 0.495172 0.176886 0.903863
0 0.537369 0.514305 0.180928 0.911483
0 0.862996 0.465282 0.167195 0.913886
0 0.365224 0.530593 0.19098 0.881639
0 0.162834 0.534774 0.199443 0.870883
0 0.538953 0.516695 0.179435 0.92431
0 0.364201 0.51807 0.191954 0.915035
0 0.865562 0.469131 0.173722 0.923664
0 0.164371 0.530325 0.188851 0.89298
0 0.703701 0.499524 0.177363 0.93064
0 0.538953 0.516695 0.179435 0.92431
0 0.364201 0.51807 0.191954 0.915035
0 0.865562 0.469131 0.173722 0.923664
0 0.164371 0.530325 0.188851 0.89298
0 0.703701 0.499524 0.177363 0.93064
0 0.538953 0.516695 0.179435 0.92431
0 0.364201 0.51807 0.191954 0.915035
0 0.865562 0.469131 0.173722 0.923664
0 0.164371 0.530325 0.188851 0.89298
0 0.703701 0.499524 0.177363 0.93064
0 0.538953 0.516695 0.179435 0.92431
0 0.364201 0.51807 0.191954 0.915035
0 0.865562 0.469131 0.173722 0.923664
0 0.164371 0.530325 0.188851 0.89298
0 0.703701 0.499524 0.177363 0.93064
