0 0.863947 0.520124 0.200284 0.849065
0 0.175973 0.423077 0.116302 0.744572
0 0.0708307 0.401927 0.122584 0.718588
0 0.295344 0.452953 0.127507 0.785242
0 0.416891 0.467404 0.124276 0.810701
0 0.529889 0.482173 0.123822 0.810894
0 0.676181 0.518191 0.175918 0.851985
0 0.529531 0.4854 0.12032 0.809781
0 0.863947 0.520124 0.200284 0.849065
0 0.175973 0.423077 0.116302 0.744572
0 0.0708307 0.401927 0.122584 0.718588
0 0.295344 0.452953 0.127507 0.785242
0 0.416891 0.467404 0.124276 0.810701
0 0.529889 0.482173 0.123822 0.810894
0 0.676181 0.518191 0.175918 0.851985
0 0.529531 0.4854 0.12032 0.809781
0 0.863947 0.520124 0.200284 0.849065
0 0.175973 0.423077 0.116302 0.744572
0 0.0708307 0.401927 0.122584 0.718588
0 0.295344 0.452953 0.127507 0.785242
0 0.416891 0.467404 0.124276 0.810701
0 0.529889 0.482173 0.123822 0.810894
0 0.676181 0.518191 0.175918 0.851985
0 0.529531 0.4854 0.12032 0.809781
0 0.863988 0.532631 0.198031 0.831558
0 0.67584 0.519503 0.176145 0.852157
0 0.531903 0.503463 0.123031 0.824882
0 0.175547 0.426059 0.119299 0.771441
0 0.296112 0.465665 0.125069 0.814772
0 0.0698023 0.40132 0.114152 0.757632
0 0.41679 0.48372 0.123914 0.813845
0 0.863988 0.532631 0.198031 0.831558
0 0.67584 0.519503 0.176145 0.852157
0 0.531903 0.503463 0.123031 0.824882
0 0.175547 0.426059 0.119299 0.771441
0 0.296112 0.465665 0.125069 0.814772
0 0.0698023 0.40132 0.114152 0.757632
0 0.41679 0.48372 0.123914 0.813845
0 0.0632698 0.40517 0.11766 0.751485
0 0.863988 0.532631 0.198031 0.831558
0 0.67584 0.519503 0.176145 0.852157
0 0.531903 0.503463 0.123031 0.824882
0 0.175547 0.426059 0.119299 0.771441
0 0.296112 0.465665 0.125069 0.814772
0 0.0698023 0.40132 0.114152 0.757632
0 0.41679 0.48372 0.123914 0.813845
0 0.863988 0.532631 0.198031 0.831558
0 0.67584 0.519503 0.176145 0.852157
0 0.531903 0.503463 0.123031 0.824882
0 0.175547 0.426059 0.119299 0.771441
0 0.296112 0.465665 0.125069 0.814772
0 0.0698023 0.40132 0.114152 0.757632
0 0.41679 0.48372 0.123914 0.813845
