0 0.277585 0.663665 0.276344 0.551996
0 0.463987 0.643696 0.241939 0.616214
0 0.632838 0.658261 0.240152 0.608701
0 0.823607 0.696462 0.281867 0.585305
0 0.164788 0.482316 0.329576 0.964631
0 0.277585 0.663665 0.276344 0.551996
0 0.463987 0.643696 0.241939 0.616214
0 0.632838 0.658261 0.240152 0.608701
0 0.823607 0.696462 0.281867 0.585305
0 0.164788 0.482316 0.329576 0.964631
0 0.277585 0.663665 0.276344 0.551996
0 0.463987 0.643696 0.241939 0.616214
0 0.632838 0.658261 0.240152 0.608701
0 0.823607 0.696462 0.281867 0.585305
0 0.164788 0.482316 0.329576 0.964631
0 0.636655 0.663318 0.215879 0.592733
0 0.467429 0.665501 0.209916 0.566076
0 0.820145 0.606455 0.278383 0.740389
0 0.298229 0.641619 0.214741 0.578618
0 0.0720844 0.531857 0.144121 0.789885
0 0.636655 0.663318 0.215879 0.592733
0 0.467429 0.665501 0.209916 0.566076
0 0.820145 0.606455 0.278383 0.740389
0 0.298229 0.641619 0.214741 0.578618
0 0.0720844 0.531857 0.144121 0.789885
0 0.167662 0.482652 0.272365 0.861607
0 0.299051 0.640311 0.215855 0.582193
0 0.636655 0.663318 0.215879 0.592733
0 0.467429 0.665501 0.209916 0.566076
0 0.820145 0.606455 0.278383 0.740389
0 0.298229 0.641619 0.214741 0.578618
0 0.0720844 0.531857 0.144121 0.789885
