0 0.583678 0.724912 0.204552 0.465249
0 0.122802 0.585553 0.239982 0.756507
0 0.355462 0.715693 0.205506 0.476112
0 0.811608 0.576678 0.243097 0.771045
0 0.81619 0.726368 0.210062 0.459476
0 0.583678 0.724912 0.204552 0.465249
0 0.122802 0.585553 0.239982 0.756507
0 0.355462 0.715693 0.205506 0.476112
0 0.811608 0.576678 0.243097 0.771045
0 0.81619 0.726368 0.210062 0.459476
0 0.583678 0.724912 0.204552 0.465249
0 0.122802 0.585553 0.239982 0.756507
0 0.355462 0.715693 0.205506 0.476112
0 0.811608 0.576678 0.243097 0.771045
0 0.81619 0.726368 0.210062 0.459476
0 0.125653 0.611744 0.224371 0.72062
0 0.35191 0.575285 0.221825 0.755844
0 0.584194 0.734467 0.201553 0.453958
0 0.811105 0.593545 0.23225 0.732954
0 0.580907 0.577614 0.227988 0.773158
0 0.125653 0.611744 0.224371 0.72062
0 0.35191 0.575285 0.221825 0.755844
0 0.584194 0.734467 0.201553 0.453958
0 0.811105 0.593545 0.23225 0.732954
0 0.580907 0.577614 0.227988 0.773158
0 0.811997 0.598339 0.227275 0.731869
0 0.125653 0.611744 0.224371 0.72062
0 0.35191 0.575285 0.221825 0.755844
0 0.584194 0.734467 0.201553 0.453958
0 0.811105 0.593545 0.23225 0.732954
0 0.580907 0.577614 0.227988 0.773158
