0 0.50429 0.612708 0.203298 0.688039
0 0.883868 0.605281 0.204666 0.675208
0 0.304818 0.547222 0.222314 0.854419
0 0.689744 0.614547 0.194892 0.662599
0 0.50429 0.612708 0.203298 0.688039
0 0.883868 0.605281 0.204666 0.675208
0 0.304818 0.547222 0.222314 0.854419
0 0.689744 0.614547 0.194892 0.662599
0 0.50429 0.612708 0.203298 0.688039
0 0.883868 0.605281 0.204666 0.675208
0 0.304818 0.547222 0.222314 0.854419
0 0.689744 0.614547 0.194892 0.662599
0 0.3009 0.548005 0.213836 0.859565
0 0.690972 0.617182 0.183052 0.643764
0 0.501038 0.625151 0.199279 0.669875
0 0.879795 0.606245 0.192719 0.643605
0 0.0920785 0.634812 0.166001 0.708841
0 0.3009 0.548005 0.213836 0.859565
0 0.690972 0.617182 0.183052 0.643764
0 0.501038 0.625151 0.199279 0.669875
0 0.879795 0.606245 0.192719 0.643605
0 0.0920785 0.634812 0.166001 0.708841
0 0.3009 0.548005 0.213836 0.859565
0 0.690972 0.617182 0.183052 0.643764
0 0.501038 0.625151 0.199279 0.669875
0 0.879795 0.606245 0.192719 0.643605
0 0.0920785 0.634812 0.166001 0.708841
