0 0.170512 0.570758 0.340861 0.745806
0 0.558241 0.504509 0.54896 0.828415
0 0.170512 0.570758 0.340861 0.745806
0 0.558241 0.504509 0.54896 0.828415
0 0.170512 0.570758 0.340861 0.745806
0 0.558241 0.504509 0.54896 0.828415
0 0.17251 0.603432 0.336252 0.702627
0 0.587343 0.535485 0.498387 0.823962
0 0.879677 0.553509 0.23929 0.802773
0 0.17251 0.603432 0.336252 0.702627
0 0.587343 0.535485 0.498387 0.823962
0 0.879677 0.553509 0.23929 0.802773
0 0.17251 0.603432 0.336252 0.702627
0 0.587343 0.535485 0.498387 0.823962
0 0.879677 0.553509 0.23929 0.802773
0 0.17251 0.603432 0.336252 0.702627
0 0.587343 0.535485 0.498387 0.823962
0 0.879677 0.553509 0.23929 0.802773
