0 0.479932 0.611803 0.307759 0.626836
0 0.763036 0.60528 0.340659 0.618382
0 0.1716 0.614325 0.342733 0.66233
0 0.479932 0.611803 0.307759 0.626836
0 0.763036 0.60528 0.340659 0.618382
0 0.1716 0.614325 0.342733 0.66233
0 0.479932 0.611803 0.307759 0.626836
0 0.763036 0.60528 0.340659 0.618382
0 0.1716 0.614325 0.342733 0.66233
0 0.172181 0.617876 0.337913 0.655147
0 0.479526 0.613358 0.306303 0.634275
0 0.76198 0.605505 0.325179 0.62389
0 0.172181 0.617876 0.337913 0.655147
0 0.479526 0.613358 0.306303 0.634275
0 0.76198 0.605505 0.325179 0.62389
0 0.959584 0.625125 0.0808312 0.538742
0 0.172181 0.617876 0.337913 0.655147
0 0.479526 0.613358 0.306303 0.634275
0 0.76198 0.605505 0.325179 0.62389
0 0.172181 0.617876 0.337913 0.655147
0 0.479526 0.613358 0.306303 0.634275
0 0.76198 0.605505 0.325179 0.62389
