0 0.750072 0.542759 0.181804 0.84715
0 0.118865 0.524509 0.190878 0.850015
0 0.435962 0.57522 0.178602 0.836854
0 0.275739 0.55526 0.177047 0.851374
0 0.907403 0.505289 0.179279 0.865905
0 0.591083 0.564286 0.178263 0.839211
0 0.750072 0.542759 0.181804 0.84715
0 0.118865 0.524509 0.190878 0.850015
0 0.435962 0.57522 0.178602 0.836854
0 0.275739 0.55526 0.177047 0.851374
0 0.907403 0.505289 0.179279 0.865905
0 0.591083 0.564286 0.178263 0.839211
0 0.750072 0.542759 0.181804 0.84715
0 0.118865 0.524509 0.190878 0.850015
0 0.435962 0.57522 0.178602 0.836854
0 0.275739 0.55526 0.177047 0.851374
0 0.907403 0.505289 0.179279 0.865905
0 0.591083 0.564286 0.178263 0.839211
0 0.441523 0.585351 0.171535 0.813648
0 0.280892 0.569036 0.178911 0.814326
0 0.593534 0.576787 0.170913 0.810145
0 0.750283 0.562842 0.176139 0.802635
0 0.121217 0.540845 0.178547 0.828084
0 0.907565 0.544099 0.179394 0.772205
0 0.441523 0.585351 0.171535 0.813648
0 0.280892 0.569036 0.178911 0.814326
0 0.593534 0.576787 0.170913 0.810145
0 0.750283 0.562842 0.176139 0.802635
0 0.121217 0.540845 0.178547 0.828084
0 0.907565 0.544099 0.179394 0.772205
0 0.907575 0.541543 0.17903 0.773287
0 0.0224266 0.533994 0.0448531 0.932011
