0 0.894035 0.556325 0.210042 0.84676
0 0.720811 0.608304 0.157946 0.67128
0 0.462988 0.574557 0.144514 0.655393
0 0.121926 0.462793 0.145724 0.6947
0 0.589198 0.598692 0.146242 0.66538
0 0.263481 0.514575 0.180515 0.680468
0 0.894035 0.556325 0.210042 0.84676
0 0.720811 0.608304 0.157946 0.67128
0 0.462988 0.574557 0.144514 0.655393
0 0.121926 0.462793 0.145724 0.6947
0 0.589198 0.598692 0.146242 0.66538
0 0.263481 0.514575 0.180515 0.680468
0 0.894035 0.556325 0.210042 0.84676
0 0.720811 0.608304 0.157946 0.67128
0 0.462988 0.574557 0.144514 0.655393
0 0.121926 0.462793 0.145724 0.6947
0 0.589198 0.598692 0.146242 0.66538
0 0.263481 0.514575 0.180515 0.680468
0 0.718431 0.624051 0.14832 0.632039
0 0.590114 0.606292 0.13838 0.623939
0 0.465696 0.598558 0.137186 0.642113
0 0.893795 0.555011 0.192107 0.813912
0 0.240177 0.513843 0.124209 0.628272
0 0.346703 0.550195 0.134487 0.630628
0 0.124721 0.48674 0.134638 0.612096
0 0.116163 0.886114 0.185135 0.227771
0 0.718431 0.624051 0.14832 0.632039
0 0.590114 0.606292 0.13838 0.623939
0 0.465696 0.598558 0.137186 0.642113
0 0.893795 0.555011 0.192107 0.813912
0 0.240177 0.513843 0.124209 0.628272
0 0.346703 0.550195 0.134487 0.630628
0 0.124721 0.48674 0.134638 0.612096
0 0.116163 0.886114 0.185135 0.227771
0 0.237924 0.505063 0.118615 0.623781
0 0.718431 0.624051 0.14832 0.632039
0 0.590114 0.606292 0.13838 0.623939
0 0.465696 0.598558 0.137186 0.642113
0 0.893795 0.555011 0.192107 0.813912
0 0.240177 0.513843 0.124209 0.628272
0 0.346703 0.550195 0.134487 0.630628
0 0.124721 0.48674 0.134638 0.612096
0 0.116163 0.886114 0.185135 0.227771
0 0.718431 0.624051 0.14832 0.632039
0 0.590114 0.606292 0.13838 0.623939
0 0.465696 0.598558 0.137186 0.642113
0 0.893795 0.555011 0.192107 0.813912
0 0.240177 0.513843 0.124209 0.628272
0 0.346703 0.550195 0.134487 0.630628
0 0.124721 0.48674 0.134638 0.612096
0 0.116163 0.886114 0.185135 0.227771
