0 0.427862 0.471716 0.115572 0.829883
0 0.174851 0.448485 0.120459 0.81754
0 0.554309 0.492303 0.109719 0.82495
0 0.305353 0.446232 0.121059 0.790265
0 0.671499 0.492439 0.11951 0.815703
0 0.802497 0.49908 0.116564 0.792681
0 0.054451 0.435469 0.107321 0.810403
0 0.427862 0.471716 0.115572 0.829883
0 0.174851 0.448485 0.120459 0.81754
0 0.554309 0.492303 0.109719 0.82495
0 0.305353 0.446232 0.121059 0.790265
0 0.671499 0.492439 0.11951 0.815703
0 0.802497 0.49908 0.116564 0.792681
0 0.054451 0.435469 0.107321 0.810403
0 0.427862 0.471716 0.115572 0.829883
0 0.174851 0.448485 0.120459 0.81754
0 0.554309 0.492303 0.109719 0.82495
0 0.305353 0.446232 0.121059 0.790265
0 0.671499 0.492439 0.11951 0.815703
0 0.802497 0.49908 0.116564 0.792681
0 0.054451 0.435469 0.107321 0.810403
0 0.424946 0.477637 0.112517 0.817545
0 0.671925 0.493669 0.117309 0.763252
0 0.174907 0.445163 0.116415 0.80631
0 0.304189 0.456023 0.118436 0.80596
0 0.55313 0.49645 0.109672 0.806688
0 0.807502 0.501226 0.12324 0.762944
0 0.0526045 0.423839 0.105209 0.806598
0 0.424946 0.477637 0.112517 0.817545
0 0.671925 0.493669 0.117309 0.763252
0 0.174907 0.445163 0.116415 0.80631
0 0.304189 0.456023 0.118436 0.80596
0 0.55313 0.49645 0.109672 0.806688
0 0.807502 0.501226 0.12324 0.762944
0 0.0526045 0.423839 0.105209 0.806598
0 0.424946 0.477637 0.112517 0.817545
0 0.671925 0.493669 0.117309 0.763252
0 0.174907 0.445163 0.116415 0.80631
0 0.304189 0.456023 0.118436 0.80596
0 0.55313 0.49645 0.109672 0.806688
0 0.807502 0.501226 0.12324 0.762944
0 0.0526045 0.423839 0.105209 0.806598
