0 0.48259 0.510297 0.202525 0.921664
0 0.116791 0.494146 0.231663 0.89383
0 0.872441 0.528445 0.223863 0.933741
0 0.48259 0.510297 0.202525 0.921664
0 0.116791 0.494146 0.231663 0.89383
0 0.872441 0.528445 0.223863 0.933741
0 0.48259 0.510297 0.202525 0.921664
0 0.116791 0.494146 0.231663 0.89383
0 0.872441 0.528445 0.223863 0.933741
0 0.48272 0.519269 0.202057 0.926411
0 0.115387 0.532967 0.219491 0.80323
0 0.48272 0.519269 0.202057 0.926411
0 0.115387 0.532967 0.219491 0.80323
0 0.48272 0.519269 0.202057 0.926411
0 0.115387 0.532967 0.219491 0.80323
0 0.48272 0.519269 0.202057 0.926411
0 0.115387 0.532967 0.219491 0.80323
