0 0.492206 0.551751 0.421731 0.842636
0 0.192186 0.542449 0.384372 0.909104
0 0.492206 0.551751 0.421731 0.842636
0 0.192186 0.542449 0.384372 0.909104
0 0.492206 0.551751 0.421731 0.842636
0 0.192186 0.542449 0.384372 0.909104
0 0.486832 0.542052 0.395464 0.865571
0 0.804597 0.539712 0.385692 0.840099
0 0.190973 0.509457 0.381946 0.981086
0 0.486832 0.542052 0.395464 0.865571
0 0.804597 0.539712 0.385692 0.840099
0 0.190973 0.509457 0.381946 0.981086
0 0.186141 0.51647 0.37217 0.912465
0 0.486832 0.542052 0.395464 0.865571
0 0.804597 0.539712 0.385692 0.840099
0 0.190973 0.509457 0.381946 0.981086
