0 0.583377 0.526732 0.155507 0.946537
0 0.104119 0.499318 0.174058 0.986132
0 0.263995 0.522671 0.154857 0.954659
0 0.421974 0.530694 0.149532 0.938612
0 0.746032 0.500231 0.160238 0.943997
0 0.89825 0.463339 0.16352 0.926679
0 0.583377 0.526732 0.155507 0.946537
0 0.104119 0.499318 0.174058 0.986132
0 0.263995 0.522671 0.154857 0.954659
0 0.421974 0.530694 0.149532 0.938612
0 0.746032 0.500231 0.160238 0.943997
0 0.89825 0.463339 0.16352 0.926679
0 0.583377 0.526732 0.155507 0.946537
0 0.104119 0.499318 0.174058 0.986132
0 0.263995 0.522671 0.154857 0.954659
0 0.421974 0.530694 0.149532 0.938612
0 0.746032 0.500231 0.160238 0.943997
0 0.89825 0.463339 0.16352 0.926679
0 0.423593 0.524501 0.147876 0.926958
0 0.587173 0.52058 0.148135 0.937186
0 0.7467 0.498352 0.155386 0.942576
0 0.105972 0.498265 0.16585 0.968404
0 0.264922 0.516381 0.151042 0.947046
0 0.903608 0.455457 0.157036 0.910914
0 0.902122 0.458883 0.158799 0.917767
0 0.423593 0.524501 0.147876 0.926958
0 0.587173 0.52058 0.148135 0.937186
0 0.7467 0.498352 0.155386 0.942576
0 0.105972 0.498265 0.16585 0.968404
0 0.264922 0.516381 0.151042 0.947046
0 0.903608 0.455457 0.157036 0.910914
0 0.902122 0.458883 0.158799 0.917767
0 0.423593 0.524501 0.147876 0.926958
0 0.587173 0.52058 0.148135 0.937186
0 0.7467 0.498352 0.155386 0.942576
0 0.105972 0.498265 0.16585 0.968404
0 0.264922 0.516381 0.151042 0.947046
0 0.903608 0.455457 0.157036 0.910914
0 0.902122 0.458883 0.158799 0.917767
0 0.423593 0.524501 0.147876 0.926958
0 0.587173 0.52058 0.148135 0.937186
0 0.7467 0.498352 0.155386 0.942576
0 0.105972 0.498265 0.16585 0.968404
0 0.264922 0.516381 0.151042 0.947046
0 0.903608 0.455457 0.157036 0.910914
0 0.902122 0.458883 0.158799 0.917767
