0 0.474179 0.305112 0.34717 0.45731
0 0.0311326 0.679941 0.0619305 0.531314
0 0.239656 0.646127 0.108965 0.515878
0 0.121574 0.6745 0.127069 0.534771
0 0.121171 0.677289 0.127091 0.531708
0 0.798591 0.340583 0.319394 0.504712
0 0.349119 0.735002 0.0942409 0.270364
0 0.474179 0.305112 0.34717 0.45731
0 0.0311326 0.679941 0.0619305 0.531314
0 0.239656 0.646127 0.108965 0.515878
0 0.121574 0.6745 0.127069 0.534771
0 0.121171 0.677289 0.127091 0.531708
0 0.798591 0.340583 0.319394 0.504712
0 0.349119 0.735002 0.0942409 0.270364
0 0.0302855 0.687385 0.0598401 0.538496
0 0.480673 0.292447 0.346838 0.469764
0 0.23879 0.647341 0.110438 0.514724
0 0.122385 0.673315 0.125869 0.525299
0 0.808928 0.309619 0.310561 0.512656
0 0.178468 0.657168 0.240261 0.55186
0 0.0302855 0.687385 0.0598401 0.538496
0 0.480673 0.292447 0.346838 0.469764
0 0.23879 0.647341 0.110438 0.514724
0 0.122385 0.673315 0.125869 0.525299
0 0.808928 0.309619 0.310561 0.512656
0 0.178468 0.657168 0.240261 0.55186
0 0.0414936 0.0875027 0.0818724 0.175005
0 0.0302855 0.687385 0.0598401 0.538496
0 0.480673 0.292447 0.346838 0.469764
0 0.23879 0.647341 0.110438 0.514724
0 0.122385 0.673315 0.125869 0.525299
0 0.808928 0.309619 0.310561 0.512656
0 0.178468 0.657168 0.240261 0.55186
0 0.0302855 0.687385 0.0598401 0.538496
0 0.480673 0.292447 0.346838 0.469764
0 0.23879 0.647341 0.110438 0.514724
0 0.122385 0.673315 0.125869 0.525299
0 0.808928 0.309619 0.310561 0.512656
0 0.178468 0.657168 0.240261 0.55186
