0 0.492306 0.458675 0.167047 0.844587
0 0.651843 0.447119 0.177504 0.882404
0 0.130012 0.494521 0.19354 0.917604
0 0.907258 0.481226 0.14377 0.91726
0 0.783742 0.471665 0.127661 0.903388
0 0.492306 0.458675 0.167047 0.844587
0 0.651843 0.447119 0.177504 0.882404
0 0.130012 0.494521 0.19354 0.917604
0 0.907258 0.481226 0.14377 0.91726
0 0.783742 0.471665 0.127661 0.903388
0 0.492306 0.458675 0.167047 0.844587
0 0.651843 0.447119 0.177504 0.882404
0 0.130012 0.494521 0.19354 0.917604
0 0.907258 0.481226 0.14377 0.91726
0 0.783742 0.471665 0.127661 0.903388
0 0.177909 0.409342 0.0916316 0.705266
0 0.483688 0.472065 0.152214 0.801676
0 0.368001 0.46432 0.102678 0.789977
0 0.271366 0.446278 0.101178 0.75546
0 0.851775 0.431933 0.232901 0.839954
0 0.0929675 0.372404 0.0889779 0.642751
0 0.655025 0.447003 0.164741 0.857125
0 0.177909 0.409342 0.0916316 0.705266
0 0.483688 0.472065 0.152214 0.801676
0 0.368001 0.46432 0.102678 0.789977
0 0.271366 0.446278 0.101178 0.75546
0 0.851775 0.431933 0.232901 0.839954
0 0.0929675 0.372404 0.0889779 0.642751
0 0.655025 0.447003 0.164741 0.857125
0 0.365832 0.452514 0.0961553 0.784163
0 0.093256 0.373918 0.0888136 0.649971
0 0.0262704 0.34546 0.0496126 0.683079
0 0.0236348 0.343983 0.0472696 0.670694
0 0.177909 0.409342 0.0916316 0.705266
0 0.483688 0.472065 0.152214 0.801676
0 0.368001 0.46432 0.102678 0.789977
0 0.271366 0.446278 0.101178 0.75546
0 0.851775 0.431933 0.232901 0.839954
0 0.0929675 0.372404 0.0889779 0.642751
0 0.655025 0.447003 0.164741 0.857125
