0 0.629063 0.501342 0.181322 0.777772
0 0.463023 0.562343 0.189231 0.763275
0 0.211215 0.503416 0.138023 0.596331
0 0.629063 0.501342 0.181322 0.777772
0 0.463023 0.562343 0.189231 0.763275
0 0.211215 0.503416 0.138023 0.596331
0 0.629063 0.501342 0.181322 0.777772
0 0.463023 0.562343 0.189231 0.763275
0 0.211215 0.503416 0.138023 0.596331
0 0.629256 0.51133 0.173971 0.747987
0 0.466219 0.56193 0.176503 0.747573
0 0.209278 0.505944 0.11777 0.560547
0 0.466457 0.563744 0.177559 0.742682
0 0.0854448 0.527201 0.125255 0.60571
0 0.629256 0.51133 0.173971 0.747987
0 0.466219 0.56193 0.176503 0.747573
0 0.209278 0.505944 0.11777 0.560547
0 0.466457 0.563744 0.177559 0.742682
0 0.0854448 0.527201 0.125255 0.60571
0 0.629256 0.51133 0.173971 0.747987
0 0.466219 0.56193 0.176503 0.747573
0 0.209278 0.505944 0.11777 0.560547
0 0.466457 0.563744 0.177559 0.742682
0 0.0854448 0.527201 0.125255 0.60571
