0 0.901467 0.654678 0.194303 0.651516
0 0.284732 0.510482 0.493018 0.979036
0 0.0543153 0.444741 0.108631 0.889482
0 0.901467 0.654678 0.194303 0.651516
0 0.284732 0.510482 0.493018 0.979036
0 0.0543153 0.444741 0.108631 0.889482
0 0.901467 0.654678 0.194303 0.651516
0 0.284732 0.510482 0.493018 0.979036
0 0.0543153 0.444741 0.108631 0.889482
0 0.901579 0.64726 0.19263 0.633762
0 0.289448 0.5 0.535196 1
0 0.0505315 0.489777 0.100767 0.979554
0 0.901579 0.64726 0.19263 0.633762
0 0.289448 0.5 0.535196 1
0 0.0505315 0.489777 0.100767 0.979554
0 0.901579 0.64726 0.19263 0.633762
0 0.289448 0.5 0.535196 1
0 0.0505315 0.489777 0.100767 0.979554
