0 0.143535 0.491546 0.28707 0.946069
0 0.353121 0.510166 0.321202 0.979668
0 0.602093 0.508772 0.335353 0.982456
0 0.143535 0.491546 0.28707 0.946069
0 0.353121 0.510166 0.321202 0.979668
0 0.602093 0.508772 0.335353 0.982456
0 0.143535 0.491546 0.28707 0.946069
0 0.353121 0.510166 0.321202 0.979668
0 0.602093 0.508772 0.335353 0.982456
0 0.139757 0.488288 0.275661 0.954388
0 0.592918 0.5 0.329901 1
0 0.363465 0.504042 0.305763 0.991916
0 0.808856 0.502085 0.310182 0.995829
0 0.0250358 0.493512 0.0484822 0.987024
0 0.358815 0.504743 0.305302 0.990514
0 0.139757 0.488288 0.275661 0.954388
0 0.592918 0.5 0.329901 1
0 0.363465 0.504042 0.305763 0.991916
0 0.808856 0.502085 0.310182 0.995829
0 0.0250358 0.493512 0.0484822 0.987024
0 0.358815 0.504743 0.305302 0.990514
0 0.834333 0.452939 0.31866 0.887593
0 0.139757 0.488288 0.275661 0.954388
0 0.592918 0.5 0.329901 1
0 0.363465 0.504042 0.305763 0.991916
0 0.808856 0.502085 0.310182 0.995829
0 0.0250358 0.493512 0.0484822 0.987024
0 0.358815 0.504743 0.305302 0.990514
0 0.139757 0.488288 0.275661 0.954388
0 0.592918 0.5 0.329901 1
0 0.363465 0.504042 0.305763 0.991916
0 0.808856 0.502085 0.310182 0.995829
0 0.0250358 0.493512 0.0484822 0.987024
0 0.358815 0.504743 0.305302 0.990514
