0 0.20179 0.530773 0.203773 0.801945
0 0.385234 0.53868 0.180043 0.797377
0 0.561582 0.542695 0.182147 0.802258
0 0.737294 0.540395 0.180513 0.786148
0 0.0524696 0.497619 0.104648 0.780991
0 0.954 0.566757 0.0898899 0.72364
0 0.867904 0.570415 0.0937782 0.727198
0 0.20179 0.530773 0.203773 0.801945
0 0.385234 0.53868 0.180043 0.797377
0 0.561582 0.542695 0.182147 0.802258
0 0.737294 0.540395 0.180513 0.786148
0 0.0524696 0.497619 0.104648 0.780991
0 0.954 0.566757 0.0898899 0.72364
0 0.867904 0.570415 0.0937782 0.727198
0 0.20179 0.530773 0.203773 0.801945
0 0.385234 0.53868 0.180043 0.797377
0 0.561582 0.542695 0.182147 0.802258
0 0.737294 0.540395 0.180513 0.786148
0 0.0524696 0.497619 0.104648 0.780991
0 0.954 0.566757 0.0898899 0.72364
0 0.867904 0.570415 0.0937782 0.727198
0 0.954582 0.575485 0.0906506 0.694151
0 0.564481 0.545084 0.179269 0.778327
0 0.738545 0.55517 0.173309 0.752482
0 0.868767 0.576304 0.0907139 0.716781
0 0.200766 0.524693 0.199005 0.816463
0 0.386252 0.539287 0.175876 0.786707
0 0.386125 0.537196 0.175815 0.790682
0 0.0549038 0.506194 0.101566 0.751314
0 0.201528 0.526545 0.200264 0.81887
0 0.954582 0.575485 0.0906506 0.694151
0 0.564481 0.545084 0.179269 0.778327
0 0.738545 0.55517 0.173309 0.752482
0 0.868767 0.576304 0.0907139 0.716781
0 0.200766 0.524693 0.199005 0.816463
0 0.386252 0.539287 0.175876 0.786707
0 0.386125 0.537196 0.175815 0.790682
0 0.0549038 0.506194 0.101566 0.751314
0 0.201528 0.526545 0.200264 0.81887
0 0.201841 0.528673 0.201866 0.824169
0 0.954582 0.575485 0.0906506 0.694151
0 0.564481 0.545084 0.179269 0.778327
0 0.738545 0.55517 0.173309 0.752482
0 0.868767 0.576304 0.0907139 0.716781
0 0.200766 0.524693 0.199005 0.816463
0 0.386252 0.539287 0.175876 0.786707
0 0.386125 0.537196 0.175815 0.790682
0 0.0549038 0.506194 0.101566 0.751314
0 0.201528 0.526545 0.200264 0.81887
