0 0.0901957 0.469312 0.180391 0.808334
0 0.786249 0.411688 0.427501 0.762177
0 0.0901957 0.469312 0.180391 0.808334
0 0.786249 0.411688 0.427501 0.762177
0 0.0901957 0.469312 0.180391 0.808334
0 0.786249 0.411688 0.427501 0.762177
0 0.0931203 0.465226 0.185963 0.808669
0 0.380379 0.445643 0.432348 0.787488
0 0.792874 0.412679 0.414253 0.779948
0 0.710566 0.704827 0.209484 0.203124
0 0.857831 0.70055 0.10043 0.181496
0 0.0931203 0.465226 0.185963 0.808669
0 0.380379 0.445643 0.432348 0.787488
0 0.792874 0.412679 0.414253 0.779948
0 0.710566 0.704827 0.209484 0.203124
0 0.857831 0.70055 0.10043 0.181496
0 0.0931203 0.465226 0.185963 0.808669
0 0.380379 0.445643 0.432348 0.787488
0 0.792874 0.412679 0.414253 0.779948
0 0.710566 0.704827 0.209484 0.203124
0 0.857831 0.70055 0.10043 0.181496
