0 0.642752 0.544793 0.2113 0.807271
0 0.227015 0.458695 0.125315 0.81117
0 0.851418 0.531548 0.228376 0.874167
0 0.457042 0.51434 0.14619 0.828368
0 0.338521 0.478379 0.136502 0.847992
0 0.119535 0.479413 0.12548 0.745314
0 0.0288769 0.429915 0.057707 0.804252
0 0.119661 0.483496 0.120544 0.747586
0 0.334444 0.472517 0.131446 0.845437
0 0.642752 0.544793 0.2113 0.807271
0 0.227015 0.458695 0.125315 0.81117
0 0.851418 0.531548 0.228376 0.874167
0 0.457042 0.51434 0.14619 0.828368
0 0.338521 0.478379 0.136502 0.847992
0 0.119535 0.479413 0.12548 0.745314
0 0.0288769 0.429915 0.057707 0.804252
0 0.119661 0.483496 0.120544 0.747586
0 0.334444 0.472517 0.131446 0.845437
0 0.642752 0.544793 0.2113 0.807271
0 0.227015 0.458695 0.125315 0.81117
0 0.851418 0.531548 0.228376 0.874167
0 0.457042 0.51434 0.14619 0.828368
0 0.338521 0.478379 0.136502 0.847992
0 0.119535 0.479413 0.12548 0.745314
0 0.0288769 0.429915 0.057707 0.804252
0 0.119661 0.483496 0.120544 0.747586
0 0.334444 0.472517 0.131446 0.845437
0 0.646868 0.539546 0.215906 0.822268
0 0.853467 0.529557 0.229016 0.901055
0 0.453993 0.524245 0.135215 0.78551
0 0.333223 0.512655 0.121607 0.780733
0 0.225653 0.476392 0.116134 0.808006
0 0.0265875 0.443452 0.0528039 0.775269
0 0.115156 0.483768 0.11772 0.746107
0 0.115773 0.479288 0.121779 0.748593
0 0.646868 0.539546 0.215906 0.822268
0 0.853467 0.529557 0.229016 0.901055
0 0.453993 0.524245 0.135215 0.78551
0 0.333223 0.512655 0.121607 0.780733
0 0.225653 0.476392 0.116134 0.808006
0 0.0265875 0.443452 0.0528039 0.775269
0 0.115156 0.483768 0.11772 0.746107
0 0.115773 0.479288 0.121779 0.748593
0 0.225041 0.480217 0.113224 0.798392
0 0.646868 0.539546 0.215906 0.822268
0 0.853467 0.529557 0.229016 0.901055
0 0.453993 0.524245 0.135215 0.78551
0 0.333223 0.512655 0.121607 0.780733
0 0.225653 0.476392 0.116134 0.808006
0 0.0265875 0.443452 0.0528039 0.775269
0 0.115156 0.483768 0.11772 0.746107
0 0.115773 0.479288 0.121779 0.748593
