0 0.206104 0.494547 0.301114 0.585844
0 0.576728 0.591919 0.25625 0.660062
0 0.85306 0.549918 0.270928 0.864634
0 0.206104 0.494547 0.301114 0.585844
0 0.576728 0.591919 0.25625 0.660062
0 0.85306 0.549918 0.270928 0.864634
0 0.206104 0.494547 0.301114 0.585844
0 0.576728 0.591919 0.25625 0.660062
0 0.85306 0.549918 0.270928 0.864634
0 0.525694 0.574766 0.34025 0.685328
0 0.203067 0.492349 0.297126 0.603342
0 0.844188 0.634901 0.256196 0.662303
0 0.525694 0.574766 0.34025 0.685328
0 0.203067 0.492349 0.297126 0.603342
0 0.844188 0.634901 0.256196 0.662303
0 0.525694 0.574766 0.34025 0.685328
0 0.203067 0.492349 0.297126 0.603342
0 0.844188 0.634901 0.256196 0.662303
0 0.525694 0.574766 0.34025 0.685328
0 0.203067 0.492349 0.297126 0.603342
0 0.844188 0.634901 0.256196 0.662303
