0 0.409212 0.578162 0.192022 0.282821
0 0.195033 0.544196 0.200588 0.288822
0 0.611311 0.717065 0.163052 0.558137
0 0.825693 0.658732 0.212152 0.384183
0 0.610697 0.712354 0.164287 0.566756
0 0.409212 0.578162 0.192022 0.282821
0 0.195033 0.544196 0.200588 0.288822
0 0.611311 0.717065 0.163052 0.558137
0 0.825693 0.658732 0.212152 0.384183
0 0.610697 0.712354 0.164287 0.566756
0 0.409212 0.578162 0.192022 0.282821
0 0.195033 0.544196 0.200588 0.288822
0 0.611311 0.717065 0.163052 0.558137
0 0.825693 0.658732 0.212152 0.384183
0 0.610697 0.712354 0.164287 0.566756
0 0.609096 0.712621 0.166667 0.574759
0 0.406317 0.577555 0.198532 0.314434
0 0.0152796 0.681582 0.0305592 0.636835
0 0.830277 0.663998 0.217935 0.419977
0 0.609096 0.712621 0.166667 0.574759
0 0.406317 0.577555 0.198532 0.314434
0 0.0152796 0.681582 0.0305592 0.636835
0 0.830277 0.663998 0.217935 0.419977
0 0.0154174 0.671101 0.0307713 0.657799
0 0.609096 0.712621 0.166667 0.574759
0 0.406317 0.577555 0.198532 0.314434
0 0.0152796 0.681582 0.0305592 0.636835
0 0.830277 0.663998 0.217935 0.419977
0 0.609096 0.712621 0.166667 0.574759
0 0.406317 0.577555 0.198532 0.314434
0 0.0152796 0.681582 0.0305592 0.636835
0 0.830277 0.663998 0.217935 0.419977
