0 0.0290556 0.425532 0.0579288 0.77237
0 0.11114 0.449935 0.130881 0.710554
0 0.387689 0.542338 0.156864 0.778325
0 0.210935 0.441863 0.0973699 0.702034
0 0.0290556 0.425532 0.0579288 0.77237
0 0.11114 0.449935 0.130881 0.710554
0 0.387689 0.542338 0.156864 0.778325
0 0.210935 0.441863 0.0973699 0.702034
0 0.0290556 0.425532 0.0579288 0.77237
0 0.11114 0.449935 0.130881 0.710554
0 0.387689 0.542338 0.156864 0.778325
0 0.210935 0.441863 0.0973699 0.702034
0 0.110064 0.410422 0.126304 0.732219
0 0.391576 0.553042 0.155077 0.751134
0 0.241098 0.453947 0.154222 0.713916
0 0.0266333 0.407706 0.0522083 0.747764
0 0.110064 0.410422 0.126304 0.732219
0 0.391576 0.553042 0.155077 0.751134
0 0.241098 0.453947 0.154222 0.713916
0 0.0266333 0.407706 0.0522083 0.747764
0 0.0260583 0.409444 0.0507539 0.744902
0 0.110064 0.410422 0.126304 0.732219
0 0.391576 0.553042 0.155077 0.751134
0 0.241098 0.453947 0.154222 0.713916
0 0.0266333 0.407706 0.0522083 0.747764
