0 0.374678 0.582074 0.700301 0.715638
0 0.374678 0.582074 0.700301 0.715638
0 0.374678 0.582074 0.700301 0.715638
0 0.860088 0.523167 0.277784 0.890682
0 0.396159 0.525724 0.768822 0.845699
0 0.40212 0.531963 0.784887 0.84621
0 0.860088 0.523167 0.277784 0.890682
0 0.396159 0.525724 0.768822 0.845699
0 0.40212 0.531963 0.784887 0.84621
0 0.860088 0.523167 0.277784 0.890682
0 0.396159 0.525724 0.768822 0.845699
0 0.40212 0.531963 0.784887 0.84621
0 0.860088 0.523167 0.277784 0.890682
0 0.396159 0.525724 0.768822 0.845699
0 0.40212 0.531963 0.784887 0.84621
