0 0.639932 0.470154 0.0673888 0.707581
0 0.209572 0.505249 0.0777152 0.782231
0 0.573577 0.481206 0.0648895 0.721547
0 0.130514 0.484954 0.0793975 0.801214
0 0.707411 0.458431 0.0664168 0.719715
0 0.503947 0.474843 0.0682136 0.746913
0 0.771171 0.443114 0.0643755 0.739415
0 0.896986 0.419831 0.0639636 0.747901
0 0.434453 0.472668 0.0709148 0.777568
0 0.0469234 0.483849 0.084053 0.815742
0 0.958757 0.420511 0.0614576 0.735962
0 0.360859 0.477573 0.0753812 0.787794
0 0.285456 0.499243 0.0734336 0.767663
0 0.834373 0.428549 0.0642343 0.758505
0 0.361035 0.47651 0.0744007 0.780569
0 0.993452 0.426227 0.0130958 0.728735
0 0.285294 0.49978 0.074289 0.777963
0 0.834532 0.4321 0.0645627 0.755273
