0 0.374966 0.501606 0.251054 0.869537
0 0.594275 0.464526 0.223208 0.861242
0 0.148153 0.53745 0.246583 0.90051
0 0.774288 0.453364 0.193016 0.812116
0 0.917595 0.434688 0.145847 0.807234
0 0.374966 0.501606 0.251054 0.869537
0 0.594275 0.464526 0.223208 0.861242
0 0.148153 0.53745 0.246583 0.90051
0 0.774288 0.453364 0.193016 0.812116
0 0.917595 0.434688 0.145847 0.807234
0 0.374966 0.501606 0.251054 0.869537
0 0.594275 0.464526 0.223208 0.861242
0 0.148153 0.53745 0.246583 0.90051
0 0.774288 0.453364 0.193016 0.812116
0 0.917595 0.434688 0.145847 0.807234
0 0.377306 0.498237 0.244061 0.877729
0 0.777827 0.454942 0.194244 0.814409
0 0.150418 0.541863 0.241491 0.899832
0 0.915687 0.423852 0.145511 0.833429
0 0.595692 0.467295 0.219144 0.845792
0 0.377306 0.498237 0.244061 0.877729
0 0.777827 0.454942 0.194244 0.814409
0 0.150418 0.541863 0.241491 0.899832
0 0.915687 0.423852 0.145511 0.833429
0 0.595692 0.467295 0.219144 0.845792
0 0.595619 0.469603 0.221293 0.85263
0 0.914733 0.421118 0.146541 0.834064
0 0.150953 0.543373 0.245152 0.898385
0 0.377306 0.498237 0.244061 0.877729
0 0.777827 0.454942 0.194244 0.814409
0 0.150418 0.541863 0.241491 0.899832
0 0.915687 0.423852 0.145511 0.833429
0 0.595692 0.467295 0.219144 0.845792
0 0.377306 0.498237 0.244061 0.877729
0 0.777827 0.454942 0.194244 0.814409
0 0.150418 0.541863 0.241491 0.899832
0 0.915687 0.423852 0.145511 0.833429
0 0.595692 0.467295 0.219144 0.845792
