0 0.353118 0.48905 0.233771 0.881507
0 0.127472 0.50356 0.250945 0.92352
0 0.575308 0.493343 0.237386 0.876723
0 0.801431 0.498233 0.242657 0.885198
0 0.95235 0.522252 0.0952997 0.844242
0 0.353118 0.48905 0.233771 0.881507
0 0.127472 0.50356 0.250945 0.92352
0 0.575308 0.493343 0.237386 0.876723
0 0.801431 0.498233 0.242657 0.885198
0 0.95235 0.522252 0.0952997 0.844242
0 0.353118 0.48905 0.233771 0.881507
0 0.127472 0.50356 0.250945 0.92352
0 0.575308 0.493343 0.237386 0.876723
0 0.801431 0.498233 0.242657 0.885198
0 0.95235 0.522252 0.0952997 0.844242
0 0.127472 0.506706 0.247421 0.912538
0 0.351378 0.488334 0.229261 0.88536
0 0.800095 0.498807 0.239698 0.880837
0 0.574321 0.496184 0.238004 0.888122
0 0.58871 0.226989 0.214794 0.372148
0 0.954904 0.520314 0.0901915 0.832273
0 0.127472 0.506706 0.247421 0.912538
0 0.351378 0.488334 0.229261 0.88536
0 0.800095 0.498807 0.239698 0.880837
0 0.574321 0.496184 0.238004 0.888122
0 0.58871 0.226989 0.214794 0.372148
0 0.954904 0.520314 0.0901915 0.832273
0 0.82161 0.230228 0.214212 0.378428
0 0.952114 0.625235 0.0957729 0.602267
0 0.127472 0.506706 0.247421 0.912538
0 0.351378 0.488334 0.229261 0.88536
0 0.800095 0.498807 0.239698 0.880837
0 0.574321 0.496184 0.238004 0.888122
0 0.58871 0.226989 0.214794 0.372148
0 0.954904 0.520314 0.0901915 0.832273
