0 0.815807 0.477855 0.241709 0.875727
0 0.285483 0.469946 0.214792 0.889372
0 0.444135 0.510202 0.187392 0.939751
0 0.624447 0.517724 0.195333 0.942174
0 0.11572 0.454041 0.176001 0.883289
0 0.963933 0.648309 0.0721348 0.679525
0 0.815807 0.477855 0.241709 0.875727
0 0.285483 0.469946 0.214792 0.889372
0 0.444135 0.510202 0.187392 0.939751
0 0.624447 0.517724 0.195333 0.942174
0 0.11572 0.454041 0.176001 0.883289
0 0.963933 0.648309 0.0721348 0.679525
0 0.815807 0.477855 0.241709 0.875727
0 0.285483 0.469946 0.214792 0.889372
0 0.444135 0.510202 0.187392 0.939751
0 0.624447 0.517724 0.195333 0.942174
0 0.11572 0.454041 0.176001 0.883289
0 0.963933 0.648309 0.0721348 0.679525
0 0.447736 0.510662 0.190175 0.922143
0 0.816975 0.490105 0.227012 0.893902
0 0.628161 0.517158 0.192768 0.91979
0 0.283071 0.498401 0.215983 0.939617
0 0.112862 0.492838 0.174208 0.882905
0 0.9564 0.496579 0.0872008 0.952857
0 0.963866 0.639288 0.0722287 0.673591
0 0.447736 0.510662 0.190175 0.922143
0 0.816975 0.490105 0.227012 0.893902
0 0.628161 0.517158 0.192768 0.91979
0 0.283071 0.498401 0.215983 0.939617
0 0.112862 0.492838 0.174208 0.882905
0 0.9564 0.496579 0.0872008 0.952857
0 0.963866 0.639288 0.0722287 0.673591
0 0.958309 0.513897 0.0833829 0.940158
0 0.447736 0.510662 0.190175 0.922143
0 0.816975 0.490105 0.227012 0.893902
0 0.628161 0.517158 0.192768 0.91979
0 0.283071 0.498401 0.215983 0.939617
0 0.112862 0.492838 0.174208 0.882905
0 0.9564 0.496579 0.0872008 0.952857
0 0.963866 0.639288 0.0722287 0.673591
0 0.447736 0.510662 0.190175 0.922143
0 0.816975 0.490105 0.227012 0.893902
0 0.628161 0.517158 0.192768 0.91979
0 0.283071 0.498401 0.215983 0.939617
0 0.112862 0.492838 0.174208 0.882905
0 0.9564 0.496579 0.0872008 0.952857
0 0.963866 0.639288 0.0722287 0.673591
