0 0.960183 0.572371 0.0796332 0.841294
0 0.960183 0.572371 0.0796332 0.841294
0 0.960183 0.572371 0.0796332 0.841294
0 0.264095 0.678783 0.223929 0.446097
0 0.265038 0.680201 0.22428 0.440204
0 0.964701 0.506591 0.0705983 0.72404
0 0.264095 0.678783 0.223929 0.446097
0 0.265038 0.680201 0.22428 0.440204
0 0.964701 0.506591 0.0705983 0.72404
0 0.962706 0.509113 0.0745883 0.696876
0 0.338555 0.108369 0.205532 0.216738
0 0.264095 0.678783 0.223929 0.446097
0 0.265038 0.680201 0.22428 0.440204
0 0.964701 0.506591 0.0705983 0.72404
0 0.264095 0.678783 0.223929 0.446097
0 0.265038 0.680201 0.22428 0.440204
0 0.964701 0.506591 0.0705983 0.72404
