0 0.151955 0.436509 0.203254 0.795055
0 0.715381 0.524149 0.114215 0.823916
0 0.352815 0.474922 0.199646 0.867186
0 0.611444 0.517687 0.12115 0.864927
0 0.812116 0.538685 0.116384 0.812453
0 0.918419 0.583272 0.131158 0.788117
0 0.505079 0.493189 0.118873 0.859557
0 0.504715 0.494076 0.120339 0.875917
0 0.151955 0.436509 0.203254 0.795055
0 0.715381 0.524149 0.114215 0.823916
0 0.352815 0.474922 0.199646 0.867186
0 0.611444 0.517687 0.12115 0.864927
0 0.812116 0.538685 0.116384 0.812453
0 0.918419 0.583272 0.131158 0.788117
0 0.505079 0.493189 0.118873 0.859557
0 0.504715 0.494076 0.120339 0.875917
0 0.151955 0.436509 0.203254 0.795055
0 0.715381 0.524149 0.114215 0.823916
0 0.352815 0.474922 0.199646 0.867186
0 0.611444 0.517687 0.12115 0.864927
0 0.812116 0.538685 0.116384 0.812453
0 0.918419 0.583272 0.131158 0.788117
0 0.505079 0.493189 0.118873 0.859557
0 0.504715 0.494076 0.120339 0.875917
0 0.504277 0.497556 0.112761 0.784293
0 0.399381 0.486993 0.110614 0.792544
0 0.300297 0.457204 0.104691 0.760039
0 0.609497 0.509144 0.115538 0.780797
0 0.099082 0.413307 0.111588 0.735575
0 0.199107 0.435386 0.106937 0.73315
0 0.916195 0.599885 0.123104 0.732083
0 0.709404 0.522816 0.0993786 0.765301
0 0.988787 0.628391 0.0223968 0.728124
0 0.504277 0.497556 0.112761 0.784293
0 0.399381 0.486993 0.110614 0.792544
0 0.300297 0.457204 0.104691 0.760039
0 0.609497 0.509144 0.115538 0.780797
0 0.099082 0.413307 0.111588 0.735575
0 0.199107 0.435386 0.106937 0.73315
0 0.916195 0.599885 0.123104 0.732083
0 0.709404 0.522816 0.0993786 0.765301
0 0.988787 0.628391 0.0223968 0.728124
0 0.713411 0.531124 0.109081 0.764001
0 0.504277 0.497556 0.112761 0.784293
0 0.399381 0.486993 0.110614 0.792544
0 0.300297 0.457204 0.104691 0.760039
0 0.609497 0.509144 0.115538 0.780797
0 0.099082 0.413307 0.111588 0.735575
0 0.199107 0.435386 0.106937 0.73315
0 0.916195 0.599885 0.123104 0.732083
0 0.709404 0.522816 0.0993786 0.765301
0 0.988787 0.628391 0.0223968 0.728124
0 0.504277 0.497556 0.112761 0.784293
0 0.399381 0.486993 0.110614 0.792544
0 0.300297 0.457204 0.104691 0.760039
0 0.609497 0.509144 0.115538 0.780797
0 0.099082 0.413307 0.111588 0.735575
0 0.199107 0.435386 0.106937 0.73315
0 0.916195 0.599885 0.123104 0.732083
0 0.709404 0.522816 0.0993786 0.765301
0 0.988787 0.628391 0.0223968 0.728124
