0 0.879633 0.484973 0.190326 0.848941
0 0.685686 0.493898 0.20595 0.83491
0 0.48877 0.6661 0.168244 0.560974
0 0.113541 0.660282 0.20271 0.675863
0 0.315217 0.674256 0.1767 0.581836
0 0.879633 0.484973 0.190326 0.848941
0 0.685686 0.493898 0.20595 0.83491
0 0.48877 0.6661 0.168244 0.560974
0 0.113541 0.660282 0.20271 0.675863
0 0.315217 0.674256 0.1767 0.581836
0 0.879633 0.484973 0.190326 0.848941
0 0.685686 0.493898 0.20595 0.83491
0 0.48877 0.6661 0.168244 0.560974
0 0.113541 0.660282 0.20271 0.675863
0 0.315217 0.674256 0.1767 0.581836
0 0.879097 0.47764 0.18719 0.847927
0 0.680339 0.484454 0.225392 0.869955
0 0.112706 0.672562 0.204408 0.651575
0 0.493985 0.649901 0.176387 0.591195
0 0.315222 0.669248 0.177109 0.594218
0 0.879097 0.47764 0.18719 0.847927
0 0.680339 0.484454 0.225392 0.869955
0 0.112706 0.672562 0.204408 0.651575
0 0.493985 0.649901 0.176387 0.591195
0 0.315222 0.669248 0.177109 0.594218
0 0.285465 0.564761 0.238669 0.810444
0 0.984455 0.541358 0.0310854 0.893624
0 0.879097 0.47764 0.18719 0.847927
0 0.680339 0.484454 0.225392 0.869955
0 0.112706 0.672562 0.204408 0.651575
0 0.493985 0.649901 0.176387 0.591195
0 0.315222 0.669248 0.177109 0.594218
0 0.879097 0.47764 0.18719 0.847927
0 0.680339 0.484454 0.225392 0.869955
0 0.112706 0.672562 0.204408 0.651575
0 0.493985 0.649901 0.176387 0.591195
0 0.315222 0.669248 0.177109 0.594218
