0 0.794896 0.706792 0.403306 0.38795
0 0.073649 0.397025 0.147298 0.579645
0 0.46269 0.590806 0.325116 0.288857
0 0.255245 0.413284 0.247193 0.662693
0 0.794896 0.706792 0.403306 0.38795
0 0.073649 0.397025 0.147298 0.579645
0 0.46269 0.590806 0.325116 0.288857
0 0.255245 0.413284 0.247193 0.662693
0 0.794896 0.706792 0.403306 0.38795
0 0.073649 0.397025 0.147298 0.579645
0 0.46269 0.590806 0.325116 0.288857
0 0.255245 0.413284 0.247193 0.662693
0 0.06473 0.413215 0.128664 0.523903
0 0.235662 0.439749 0.18411 0.605027
0 0.802862 0.709687 0.388677 0.392517
0 0.06473 0.413215 0.128664 0.523903
0 0.235662 0.439749 0.18411 0.605027
0 0.802862 0.709687 0.388677 0.392517
0 0.06473 0.413215 0.128664 0.523903
0 0.235662 0.439749 0.18411 0.605027
0 0.802862 0.709687 0.388677 0.392517
