0 0.660963 0.520496 0.678074 0.829564
0 0.19776 0.502877 0.395521 0.880986
0 0.660963 0.520496 0.678074 0.829564
0 0.19776 0.502877 0.395521 0.880986
0 0.660963 0.520496 0.678074 0.829564
0 0.19776 0.502877 0.395521 0.880986
0 0.623331 0.524954 0.686151 0.863292
0 0.188344 0.505692 0.376688 0.863586
0 0.190692 0.537111 0.381384 0.925777
0 0.623331 0.524954 0.686151 0.863292
0 0.188344 0.505692 0.376688 0.863586
0 0.190692 0.537111 0.381384 0.925777
0 0.623331 0.524954 0.686151 0.863292
0 0.188344 0.505692 0.376688 0.863586
0 0.190692 0.537111 0.381384 0.925777
0 0.623331 0.524954 0.686151 0.863292
0 0.188344 0.505692 0.376688 0.863586
0 0.190692 0.537111 0.381384 0.925777
