0 0.784474 0.673762 0.431052 0.652477
0 0.389183 0.577999 0.52081 0.721072
0 0.796065 0.655652 0.407871 0.620975
0 0.784474 0.673762 0.431052 0.652477
0 0.389183 0.577999 0.52081 0.721072
0 0.796065 0.655652 0.407871 0.620975
0 0.827654 0.212941 0.344693 0.385003
0 0.079157 0.63625 0.149171 0.597214
0 0.40065 0.577783 0.548845 0.735493
0 0.784474 0.673762 0.431052 0.652477
0 0.389183 0.577999 0.52081 0.721072
0 0.796065 0.655652 0.407871 0.620975
0 0.784474 0.673762 0.431052 0.652477
0 0.389183 0.577999 0.52081 0.721072
0 0.796065 0.655652 0.407871 0.620975
