0 0.60714 0.49189 0.151997 0.51935
0 0.0311942 0.819073 0.0509809 0.336903
0 0.417742 0.595842 0.224931 0.484136
0 0.105665 0.790155 0.0996131 0.336837
0 0.233208 0.716344 0.153058 0.379874
0 0.60714 0.49189 0.151997 0.51935
0 0.0311942 0.819073 0.0509809 0.336903
0 0.417742 0.595842 0.224931 0.484136
0 0.105665 0.790155 0.0996131 0.336837
0 0.233208 0.716344 0.153058 0.379874
0 0.60714 0.49189 0.151997 0.51935
0 0.0311942 0.819073 0.0509809 0.336903
0 0.417742 0.595842 0.224931 0.484136
0 0.105665 0.790155 0.0996131 0.336837
0 0.233208 0.716344 0.153058 0.379874
0 0.235456 0.718568 0.145819 0.372298
0 0.470783 0.582966 0.128066 0.495852
0 0.604184 0.496757 0.136492 0.495961
0 0.106109 0.7958 0.10148 0.318616
0 0.747985 0.392485 0.111294 0.450194
0 0.357528 0.63181 0.107977 0.476707
0 0.853731 0.367755 0.120078 0.483015
0 0.235456 0.718568 0.145819 0.372298
0 0.470783 0.582966 0.128066 0.495852
0 0.604184 0.496757 0.136492 0.495961
0 0.106109 0.7958 0.10148 0.318616
0 0.747985 0.392485 0.111294 0.450194
0 0.357528 0.63181 0.107977 0.476707
0 0.853731 0.367755 0.120078 0.483015
0 0.747259 0.4027 0.113119 0.479279
0 0.0294565 0.828835 0.0568088 0.333526
0 0.235456 0.718568 0.145819 0.372298
0 0.470783 0.582966 0.128066 0.495852
0 0.604184 0.496757 0.136492 0.495961
0 0.106109 0.7958 0.10148 0.318616
0 0.747985 0.392485 0.111294 0.450194
0 0.357528 0.63181 0.107977 0.476707
0 0.853731 0.367755 0.120078 0.483015
0 0.235456 0.718568 0.145819 0.372298
0 0.470783 0.582966 0.128066 0.495852
0 0.604184 0.496757 0.136492 0.495961
0 0.106109 0.7958 0.10148 0.318616
0 0.747985 0.392485 0.111294 0.450194
0 0.357528 0.63181 0.107977 0.476707
0 0.853731 0.367755 0.120078 0.483015
