0 0.335475 0.636619 0.0694905 0.599764
0 0.515516 0.689572 0.0612937 0.576599
0 0.213095 0.624379 0.0684527 0.592085
0 0.735728 0.704857 0.0597497 0.556089
0 0.399325 0.651962 0.0624343 0.599223
0 0.274608 0.620756 0.0614672 0.588213
0 0.949169 0.732993 0.0559715 0.534014
0 0.148992 0.610977 0.0661021 0.590267
0 0.628013 0.698596 0.06 0.567307
0 0.898453 0.722356 0.0576586 0.548736
0 0.572621 0.690126 0.06027 0.569767
0 0.844011 0.716814 0.061431 0.553868
0 0.787933 0.718797 0.0560343 0.539423
0 0.0269028 0.588981 0.0530866 0.583409
0 0.0845346 0.602434 0.0687012 0.600654
0 0.986571 0.737515 0.0268589 0.50809
0 0.68155 0.702888 0.0571191 0.568521
0 0.457662 0.671326 0.0616785 0.591473
0 0.0848746 0.600017 0.0688356 0.602555
0 0.335475 0.636619 0.0694905 0.599764
0 0.515516 0.689572 0.0612937 0.576599
0 0.213095 0.624379 0.0684527 0.592085
0 0.735728 0.704857 0.0597497 0.556089
0 0.399325 0.651962 0.0624343 0.599223
0 0.274608 0.620756 0.0614672 0.588213
0 0.949169 0.732993 0.0559715 0.534014
0 0.148992 0.610977 0.0661021 0.590267
0 0.628013 0.698596 0.06 0.567307
0 0.898453 0.722356 0.0576586 0.548736
0 0.572621 0.690126 0.06027 0.569767
0 0.844011 0.716814 0.061431 0.553868
0 0.787933 0.718797 0.0560343 0.539423
0 0.0269028 0.588981 0.0530866 0.583409
0 0.0845346 0.602434 0.0687012 0.600654
0 0.986571 0.737515 0.0268589 0.50809
0 0.68155 0.702888 0.0571191 0.568521
0 0.457662 0.671326 0.0616785 0.591473
0 0.0848746 0.600017 0.0688356 0.602555
0 0.335475 0.636619 0.0694905 0.599764
0 0.515516 0.689572 0.0612937 0.576599
0 0.213095 0.624379 0.0684527 0.592085
0 0.735728 0.704857 0.0597497 0.556089
0 0.399325 0.651962 0.0624343 0.599223
0 0.274608 0.620756 0.0614672 0.588213
0 0.949169 0.732993 0.0559715 0.534014
0 0.148992 0.610977 0.0661021 0.590267
0 0.628013 0.698596 0.06 0.567307
0 0.898453 0.722356 0.0576586 0.548736
0 0.572621 0.690126 0.06027 0.569767
0 0.844011 0.716814 0.061431 0.553868
0 0.787933 0.718797 0.0560343 0.539423
0 0.0269028 0.588981 0.0530866 0.583409
0 0.0845346 0.602434 0.0687012 0.600654
0 0.986571 0.737515 0.0268589 0.50809
0 0.68155 0.702888 0.0571191 0.568521
0 0.457662 0.671326 0.0616785 0.591473
0 0.0848746 0.600017 0.0688356 0.602555
0 0.572618 0.687947 0.0604662 0.566522
0 0.399336 0.6579 0.0620854 0.591432
0 0.515154 0.685687 0.0617664 0.573727
0 0.335744 0.640796 0.0689474 0.594715
0 0.149055 0.615741 0.0669837 0.59006
0 0.0839416 0.60674 0.0697486 0.59498
0 0.456598 0.674402 0.0615517 0.582075
0 0.274697 0.627126 0.0625981 0.601873
0 0.21232 0.626402 0.0693679 0.593493
0 0.898114 0.726754 0.0572378 0.546492
0 0.949141 0.73518 0.0531838 0.529639
0 0.627647 0.699346 0.0586391 0.566837
0 0.0274358 0.590976 0.0545071 0.583122
0 0.843903 0.720373 0.0583232 0.556072
0 0.986167 0.73961 0.0275357 0.509209
0 0.787799 0.722487 0.057585 0.547311
0 0.735357 0.707303 0.0594179 0.55573
0 0.75004 0.0762817 0.0840643 0.152563
0 0.572618 0.687947 0.0604662 0.566522
0 0.399336 0.6579 0.0620854 0.591432
0 0.515154 0.685687 0.0617664 0.573727
0 0.335744 0.640796 0.0689474 0.594715
0 0.149055 0.615741 0.0669837 0.59006
0 0.0839416 0.60674 0.0697486 0.59498
0 0.456598 0.674402 0.0615517 0.582075
0 0.274697 0.627126 0.0625981 0.601873
0 0.21232 0.626402 0.0693679 0.593493
0 0.898114 0.726754 0.0572378 0.546492
0 0.949141 0.73518 0.0531838 0.529639
0 0.627647 0.699346 0.0586391 0.566837
0 0.0274358 0.590976 0.0545071 0.583122
0 0.843903 0.720373 0.0583232 0.556072
0 0.986167 0.73961 0.0275357 0.509209
0 0.787799 0.722487 0.057585 0.547311
0 0.735357 0.707303 0.0594179 0.55573
0 0.75004 0.0762817 0.0840643 0.152563
0 0.680891 0.704228 0.0575814 0.565335
0 0.750649 0.072941 0.0887664 0.145882
