0 0.663048 0.606023 0.124173 0.648723
0 0.786655 0.615955 0.119243 0.662814
0 0.908865 0.60388 0.124556 0.687032
0 0.2707 0.464797 0.114975 0.8682
0 0.167701 0.434426 0.103068 0.766482
0 0.523856 0.513058 0.130209 0.80866
0 0.524855 0.52042 0.131424 0.812847
0 0.0340408 0.456564 0.0680816 0.818317
0 0.663048 0.606023 0.124173 0.648723
0 0.786655 0.615955 0.119243 0.662814
0 0.908865 0.60388 0.124556 0.687032
0 0.2707 0.464797 0.114975 0.8682
0 0.167701 0.434426 0.103068 0.766482
0 0.523856 0.513058 0.130209 0.80866
0 0.524855 0.52042 0.131424 0.812847
0 0.0340408 0.456564 0.0680816 0.818317
0 0.663048 0.606023 0.124173 0.648723
0 0.786655 0.615955 0.119243 0.662814
0 0.908865 0.60388 0.124556 0.687032
0 0.2707 0.464797 0.114975 0.8682
0 0.167701 0.434426 0.103068 0.766482
0 0.523856 0.513058 0.130209 0.80866
0 0.524855 0.52042 0.131424 0.812847
0 0.0340408 0.456564 0.0680816 0.818317
0 0.390858 0.479109 0.137008 0.86623
0 0.16922 0.476628 0.0989036 0.699135
0 0.268533 0.455789 0.117208 0.883945
0 0.524689 0.516498 0.13807 0.808951
0 0.785031 0.606843 0.120511 0.67165
0 0.66124 0.616078 0.123583 0.618241
0 0.908012 0.614323 0.122288 0.64538
0 0.910595 0.535747 0.130735 0.814148
0 0.524802 0.514977 0.134538 0.799312
0 0.0323511 0.437613 0.0647022 0.851044
0 0.390858 0.479109 0.137008 0.86623
0 0.16922 0.476628 0.0989036 0.699135
0 0.268533 0.455789 0.117208 0.883945
0 0.524689 0.516498 0.13807 0.808951
0 0.785031 0.606843 0.120511 0.67165
0 0.66124 0.616078 0.123583 0.618241
0 0.908012 0.614323 0.122288 0.64538
0 0.910595 0.535747 0.130735 0.814148
0 0.524802 0.514977 0.134538 0.799312
0 0.0323511 0.437613 0.0647022 0.851044
0 0.989482 0.516449 0.0210299 0.746695
0 0.656459 0.495255 0.132524 0.858015
0 0.657243 0.501853 0.132494 0.853998
0 0.390858 0.479109 0.137008 0.86623
0 0.16922 0.476628 0.0989036 0.699135
0 0.268533 0.455789 0.117208 0.883945
0 0.524689 0.516498 0.13807 0.808951
0 0.785031 0.606843 0.120511 0.67165
0 0.66124 0.616078 0.123583 0.618241
0 0.908012 0.614323 0.122288 0.64538
0 0.910595 0.535747 0.130735 0.814148
0 0.524802 0.514977 0.134538 0.799312
0 0.0323511 0.437613 0.0647022 0.851044
