0 0.316878 0.500621 0.0555363 0.793084
0 0.260679 0.497755 0.0528511 0.801309
0 0.373187 0.509749 0.0561675 0.790535
0 0.206326 0.478916 0.0561491 0.786056
0 0.874334 0.561675 0.0588437 0.839473
0 0.43049 0.517177 0.0580916 0.78765
0 0.0911766 0.430509 0.0517805 0.748875
0 0.766076 0.572181 0.0519631 0.78717
0 0.710068 0.555814 0.0575216 0.762906
0 0.818865 0.557674 0.0552521 0.836853
0 0.488418 0.534438 0.0566354 0.790172
0 0.0350686 0.407272 0.0535628 0.727601
0 0.601167 0.536339 0.0546635 0.772857
0 0.929647 0.575935 0.0549779 0.839323
0 0.654772 0.546991 0.0540302 0.770584
0 0.544411 0.530488 0.0547165 0.787571
0 0.145073 0.484841 0.0544559 0.731108
0 0.316878 0.500621 0.0555363 0.793084
0 0.260679 0.497755 0.0528511 0.801309
0 0.373187 0.509749 0.0561675 0.790535
0 0.206326 0.478916 0.0561491 0.786056
0 0.874334 0.561675 0.0588437 0.839473
0 0.43049 0.517177 0.0580916 0.78765
0 0.0911766 0.430509 0.0517805 0.748875
0 0.766076 0.572181 0.0519631 0.78717
0 0.710068 0.555814 0.0575216 0.762906
0 0.818865 0.557674 0.0552521 0.836853
0 0.488418 0.534438 0.0566354 0.790172
0 0.0350686 0.407272 0.0535628 0.727601
0 0.601167 0.536339 0.0546635 0.772857
0 0.929647 0.575935 0.0549779 0.839323
0 0.654772 0.546991 0.0540302 0.770584
0 0.544411 0.530488 0.0547165 0.787571
0 0.145073 0.484841 0.0544559 0.731108
0 0.316878 0.500621 0.0555363 0.793084
0 0.260679 0.497755 0.0528511 0.801309
0 0.373187 0.509749 0.0561675 0.790535
0 0.206326 0.478916 0.0561491 0.786056
0 0.874334 0.561675 0.0588437 0.839473
0 0.43049 0.517177 0.0580916 0.78765
0 0.0911766 0.430509 0.0517805 0.748875
0 0.766076 0.572181 0.0519631 0.78717
0 0.710068 0.555814 0.0575216 0.762906
0 0.818865 0.557674 0.0552521 0.836853
0 0.488418 0.534438 0.0566354 0.790172
0 0.0350686 0.407272 0.0535628 0.727601
0 0.601167 0.536339 0.0546635 0.772857
0 0.929647 0.575935 0.0549779 0.839323
0 0.654772 0.546991 0.0540302 0.770584
0 0.544411 0.530488 0.0547165 0.787571
0 0.145073 0.484841 0.0544559 0.731108
0 0.709787 0.577476 0.0597698 0.792864
0 0.873463 0.57272 0.0591729 0.837613
0 0.928626 0.576826 0.0546313 0.826974
0 0.60134 0.550138 0.0534456 0.792423
0 0.654014 0.564172 0.0555755 0.790021
0 0.488146 0.529733 0.060659 0.792574
0 0.818408 0.565354 0.0555433 0.838933
0 0.260622 0.487647 0.0561108 0.802856
0 0.205576 0.473176 0.0575178 0.791095
0 0.373163 0.50671 0.0564586 0.78709
0 0.977647 0.57769 0.0446012 0.804036
0 0.545285 0.533809 0.0564155 0.779911
0 0.429221 0.511841 0.0588283 0.789423
0 0.316478 0.497807 0.0579607 0.787763
0 0.0350925 0.426032 0.0578921 0.741006
0 0.092691 0.443779 0.0567845 0.754725
0 0.765321 0.585596 0.0540104 0.806841
0 0.765216 0.578773 0.0533907 0.80695
0 0.709787 0.577476 0.0597698 0.792864
0 0.873463 0.57272 0.0591729 0.837613
0 0.928626 0.576826 0.0546313 0.826974
0 0.60134 0.550138 0.0534456 0.792423
0 0.654014 0.564172 0.0555755 0.790021
0 0.488146 0.529733 0.060659 0.792574
0 0.818408 0.565354 0.0555433 0.838933
0 0.260622 0.487647 0.0561108 0.802856
0 0.205576 0.473176 0.0575178 0.791095
0 0.373163 0.50671 0.0564586 0.78709
0 0.977647 0.57769 0.0446012 0.804036
0 0.545285 0.533809 0.0564155 0.779911
0 0.429221 0.511841 0.0588283 0.789423
0 0.316478 0.497807 0.0579607 0.787763
0 0.0350925 0.426032 0.0578921 0.741006
0 0.092691 0.443779 0.0567845 0.754725
0 0.765321 0.585596 0.0540104 0.806841
0 0.765216 0.578773 0.0533907 0.80695
0 0.148885 0.515366 0.0559087 0.668452
0 0.0052592 0.437812 0.0105184 0.79561
0 0.709787 0.577476 0.0597698 0.792864
0 0.873463 0.57272 0.0591729 0.837613
0 0.928626 0.576826 0.0546313 0.826974
0 0.60134 0.550138 0.0534456 0.792423
0 0.654014 0.564172 0.0555755 0.790021
0 0.488146 0.529733 0.060659 0.792574
0 0.818408 0.565354 0.0555433 0.838933
0 0.260622 0.487647 0.0561108 0.802856
0 0.205576 0.473176 0.0575178 0.791095
0 0.373163 0.50671 0.0564586 0.78709
0 0.977647 0.57769 0.0446012 0.804036
0 0.545285 0.533809 0.0564155 0.779911
0 0.429221 0.511841 0.0588283 0.789423
0 0.316478 0.497807 0.0579607 0.787763
0 0.0350925 0.426032 0.0578921 0.741006
0 0.092691 0.443779 0.0567845 0.754725
0 0.765321 0.585596 0.0540104 0.806841
0 0.765216 0.578773 0.0533907 0.80695
