0 0.432918 0.491383 0.277811 0.915166
0 0.855446 0.55606 0.217259 0.624653
0 0.432918 0.491383 0.277811 0.915166
0 0.855446 0.55606 0.217259 0.624653
0 0.432918 0.491383 0.277811 0.915166
0 0.855446 0.55606 0.217259 0.624653
0 0.787528 0.49367 0.373603 0.819576
0 0.436298 0.483691 0.271543 0.928241
0 0.193088 0.524295 0.226604 0.831355
0 0.787528 0.49367 0.373603 0.819576
0 0.436298 0.483691 0.271543 0.928241
0 0.193088 0.524295 0.226604 0.831355
0 0.787528 0.49367 0.373603 0.819576
0 0.436298 0.483691 0.271543 0.928241
0 0.193088 0.524295 0.226604 0.831355
0 0.787528 0.49367 0.373603 0.819576
0 0.436298 0.483691 0.271543 0.928241
0 0.193088 0.524295 0.226604 0.831355
