0 0.774837 0.643899 0.148299 0.712203
0 0.334634 0.507151 0.204076 0.828092
0 0.142799 0.47669 0.242044 0.854057
0 0.50505 0.554001 0.174542 0.798866
0 0.907757 0.650991 0.161514 0.686292
0 0.653971 0.5953 0.154083 0.762597
0 0.846806 0.130999 0.26325 0.261998
0 0.774837 0.643899 0.148299 0.712203
0 0.334634 0.507151 0.204076 0.828092
0 0.142799 0.47669 0.242044 0.854057
0 0.50505 0.554001 0.174542 0.798866
0 0.907757 0.650991 0.161514 0.686292
0 0.653971 0.5953 0.154083 0.762597
0 0.846806 0.130999 0.26325 0.261998
0 0.774837 0.643899 0.148299 0.712203
0 0.334634 0.507151 0.204076 0.828092
0 0.142799 0.47669 0.242044 0.854057
0 0.50505 0.554001 0.174542 0.798866
0 0.907757 0.650991 0.161514 0.686292
0 0.653971 0.5953 0.154083 0.762597
0 0.846806 0.130999 0.26325 0.261998
0 0.909966 0.653101 0.148455 0.690809
0 0.771279 0.637315 0.149039 0.72285
0 0.64794 0.592881 0.131588 0.756581
0 0.33739 0.504629 0.189214 0.812398
0 0.508096 0.553081 0.152559 0.768639
0 0.155743 0.474725 0.200992 0.813321
0 0.909966 0.653101 0.148455 0.690809
0 0.771279 0.637315 0.149039 0.72285
0 0.64794 0.592881 0.131588 0.756581
0 0.33739 0.504629 0.189214 0.812398
0 0.508096 0.553081 0.152559 0.768639
0 0.155743 0.474725 0.200992 0.813321
0 0.50779 0.550883 0.159845 0.765813
0 0.909966 0.653101 0.148455 0.690809
0 0.771279 0.637315 0.149039 0.72285
0 0.64794 0.592881 0.131588 0.756581
0 0.33739 0.504629 0.189214 0.812398
0 0.508096 0.553081 0.152559 0.768639
0 0.155743 0.474725 0.200992 0.813321
0 0.909966 0.653101 0.148455 0.690809
0 0.771279 0.637315 0.149039 0.72285
0 0.64794 0.592881 0.131588 0.756581
0 0.33739 0.504629 0.189214 0.812398
0 0.508096 0.553081 0.152559 0.768639
0 0.155743 0.474725 0.200992 0.813321
