0 0.36994 0.628576 0.252872 0.68445
0 0.615321 0.632632 0.24949 0.672456
0 0.85632 0.642 0.249102 0.662366
0 0.124988 0.638277 0.249455 0.693144
0 0.36994 0.628576 0.252872 0.68445
0 0.615321 0.632632 0.24949 0.672456
0 0.85632 0.642 0.249102 0.662366
0 0.124988 0.638277 0.249455 0.693144
0 0.36994 0.628576 0.252872 0.68445
0 0.615321 0.632632 0.24949 0.672456
0 0.85632 0.642 0.249102 0.662366
0 0.124988 0.638277 0.249455 0.693144
0 0.617246 0.637914 0.248716 0.683014
0 0.371574 0.635052 0.252749 0.687463
0 0.856058 0.650494 0.244157 0.665989
0 0.128342 0.646372 0.248037 0.696216
0 0.617246 0.637914 0.248716 0.683014
0 0.371574 0.635052 0.252749 0.687463
0 0.856058 0.650494 0.244157 0.665989
0 0.128342 0.646372 0.248037 0.696216
0 0.989641 0.660929 0.0207184 0.630711
0 0.617246 0.637914 0.248716 0.683014
0 0.371574 0.635052 0.252749 0.687463
0 0.856058 0.650494 0.244157 0.665989
0 0.128342 0.646372 0.248037 0.696216
0 0.617246 0.637914 0.248716 0.683014
0 0.371574 0.635052 0.252749 0.687463
0 0.856058 0.650494 0.244157 0.665989
0 0.128342 0.646372 0.248037 0.696216
