0 0.0955102 0.438537 0.153799 0.877074
0 0.832547 0.477436 0.315949 0.919622
0 0.483955 0.503119 0.129297 0.958984
0 0.2255 0.469286 0.138151 0.938573
0 0.609737 0.509954 0.128205 0.954142
0 0.357377 0.494403 0.137452 0.970107
0 0.0955102 0.438537 0.153799 0.877074
0 0.832547 0.477436 0.315949 0.919622
0 0.483955 0.503119 0.129297 0.958984
0 0.2255 0.469286 0.138151 0.938573
0 0.609737 0.509954 0.128205 0.954142
0 0.357377 0.494403 0.137452 0.970107
0 0.0955102 0.438537 0.153799 0.877074
0 0.832547 0.477436 0.315949 0.919622
0 0.483955 0.503119 0.129297 0.958984
0 0.2255 0.469286 0.138151 0.938573
0 0.609737 0.509954 0.128205 0.954142
0 0.357377 0.494403 0.137452 0.970107
0 0.358375 0.496331 0.142702 0.9909
0 0.612149 0.50365 0.136927 0.970145
0 0.22728 0.490961 0.143543 0.978455
0 0.486448 0.496625 0.139315 0.989453
0 0.0982281 0.440658 0.151337 0.876037
0 0.358375 0.496331 0.142702 0.9909
0 0.612149 0.50365 0.136927 0.970145
0 0.22728 0.490961 0.143543 0.978455
0 0.486448 0.496625 0.139315 0.989453
0 0.0982281 0.440658 0.151337 0.876037
0 0.782476 0.488287 0.209068 0.923098
0 0.799159 0.486634 0.249296 0.935081
0 0.927485 0.483863 0.127039 0.927556
0 0.358375 0.496331 0.142702 0.9909
0 0.612149 0.50365 0.136927 0.970145
0 0.22728 0.490961 0.143543 0.978455
0 0.486448 0.496625 0.139315 0.989453
0 0.0982281 0.440658 0.151337 0.876037
