0 0.62431 0.715168 0.130854 0.431639
0 0.358811 0.33408 0.139685 0.34807
0 0.102199 0.681917 0.124843 0.43351
0 0.355424 0.725937 0.135177 0.416133
0 0.494606 0.31171 0.133316 0.319189
0 0.750163 0.705887 0.127168 0.426084
0 0.225303 0.533842 0.134795 0.764603
0 0.225987 0.70443 0.123989 0.42326
0 0.881701 0.304217 0.130076 0.30414
0 0.102463 0.302138 0.125675 0.340288
0 0.628112 0.317378 0.132462 0.309796
0 0.755951 0.304915 0.128137 0.294925
0 0.491792 0.700637 0.137587 0.467918
0 0.884698 0.685999 0.149363 0.445703
0 0.228038 0.329881 0.126703 0.314015
0 0.62431 0.715168 0.130854 0.431639
0 0.358811 0.33408 0.139685 0.34807
0 0.102199 0.681917 0.124843 0.43351
0 0.355424 0.725937 0.135177 0.416133
0 0.494606 0.31171 0.133316 0.319189
0 0.750163 0.705887 0.127168 0.426084
0 0.225303 0.533842 0.134795 0.764603
0 0.225987 0.70443 0.123989 0.42326
0 0.881701 0.304217 0.130076 0.30414
0 0.102463 0.302138 0.125675 0.340288
0 0.628112 0.317378 0.132462 0.309796
0 0.755951 0.304915 0.128137 0.294925
0 0.491792 0.700637 0.137587 0.467918
0 0.884698 0.685999 0.149363 0.445703
0 0.228038 0.329881 0.126703 0.314015
0 0.62431 0.715168 0.130854 0.431639
0 0.358811 0.33408 0.139685 0.34807
0 0.102199 0.681917 0.124843 0.43351
0 0.355424 0.725937 0.135177 0.416133
0 0.494606 0.31171 0.133316 0.319189
0 0.750163 0.705887 0.127168 0.426084
0 0.225303 0.533842 0.134795 0.764603
0 0.225987 0.70443 0.123989 0.42326
0 0.881701 0.304217 0.130076 0.30414
0 0.102463 0.302138 0.125675 0.340288
0 0.628112 0.317378 0.132462 0.309796
0 0.755951 0.304915 0.128137 0.294925
0 0.491792 0.700637 0.137587 0.467918
0 0.884698 0.685999 0.149363 0.445703
0 0.228038 0.329881 0.126703 0.314015
0 0.227083 0.549938 0.132764 0.73881
0 0.495643 0.55636 0.138247 0.760674
0 0.627175 0.554612 0.135869 0.76789
0 0.755617 0.546621 0.132929 0.773001
0 0.360235 0.561966 0.139203 0.759511
0 0.881023 0.522039 0.139799 0.783412
0 0.103821 0.52242 0.13433 0.764428
0 0.35966 0.563095 0.141116 0.75724
0 0.227083 0.549938 0.132764 0.73881
0 0.495643 0.55636 0.138247 0.760674
0 0.627175 0.554612 0.135869 0.76789
0 0.755617 0.546621 0.132929 0.773001
0 0.360235 0.561966 0.139203 0.759511
0 0.881023 0.522039 0.139799 0.783412
0 0.103821 0.52242 0.13433 0.764428
0 0.35966 0.563095 0.141116 0.75724
0 0.227083 0.549938 0.132764 0.73881
0 0.495643 0.55636 0.138247 0.760674
0 0.627175 0.554612 0.135869 0.76789
0 0.755617 0.546621 0.132929 0.773001
0 0.360235 0.561966 0.139203 0.759511
0 0.881023 0.522039 0.139799 0.783412
0 0.103821 0.52242 0.13433 0.764428
0 0.35966 0.563095 0.141116 0.75724
0 0.227083 0.549938 0.132764 0.73881
0 0.495643 0.55636 0.138247 0.760674
0 0.627175 0.554612 0.135869 0.76789
0 0.755617 0.546621 0.132929 0.773001
0 0.360235 0.561966 0.139203 0.759511
0 0.881023 0.522039 0.139799 0.783412
0 0.103821 0.52242 0.13433 0.764428
0 0.35966 0.563095 0.141116 0.75724
