0 0.834049 0.445352 0.304242 0.8377
0 0.578007 0.464295 0.297198 0.837349
0 0.580394 0.469153 0.296726 0.837127
0 0.834049 0.445352 0.304242 0.8377
0 0.578007 0.464295 0.297198 0.837349
0 0.580394 0.469153 0.296726 0.837127
0 0.834049 0.445352 0.304242 0.8377
0 0.578007 0.464295 0.297198 0.837349
0 0.580394 0.469153 0.296726 0.837127
0 0.349984 0.710935 0.207687 0.342051
0 0.806091 0.451446 0.225925 0.784549
0 0.356054 0.458455 0.224623 0.840689
0 0.527376 0.484218 0.145383 0.758921
0 0.962994 0.445954 0.0740111 0.754655
0 0.136825 0.510288 0.2526 0.75942
0 0.137313 0.709876 0.210936 0.377019
0 0.349984 0.710935 0.207687 0.342051
0 0.806091 0.451446 0.225925 0.784549
0 0.356054 0.458455 0.224623 0.840689
0 0.527376 0.484218 0.145383 0.758921
0 0.962994 0.445954 0.0740111 0.754655
0 0.136825 0.510288 0.2526 0.75942
0 0.137313 0.709876 0.210936 0.377019
0 0.80714 0.450487 0.227637 0.77855
0 0.613873 0.471522 0.189941 0.794588
0 0.349984 0.710935 0.207687 0.342051
0 0.806091 0.451446 0.225925 0.784549
0 0.356054 0.458455 0.224623 0.840689
0 0.527376 0.484218 0.145383 0.758921
0 0.962994 0.445954 0.0740111 0.754655
0 0.136825 0.510288 0.2526 0.75942
0 0.137313 0.709876 0.210936 0.377019
