0 0.161503 0.772833 0.28727 0.427655
0 0.6121 0.864159 0.161113 0.217834
0 0.419581 0.763503 0.260899 0.293645
0 0.77747 0.75574 0.400285 0.462224
0 0.161503 0.772833 0.28727 0.427655
0 0.6121 0.864159 0.161113 0.217834
0 0.419581 0.763503 0.260899 0.293645
0 0.77747 0.75574 0.400285 0.462224
0 0.161503 0.772833 0.28727 0.427655
0 0.6121 0.864159 0.161113 0.217834
0 0.419581 0.763503 0.260899 0.293645
0 0.77747 0.75574 0.400285 0.462224
0 0.416419 0.807708 0.270483 0.362292
0 0.162824 0.77722 0.288019 0.431792
0 0.61203 0.872473 0.153159 0.204119
0 0.921265 0.804355 0.153017 0.381231
0 0.920688 0.80371 0.151527 0.380815
0 0.772637 0.793711 0.167224 0.358917
0 0.416419 0.807708 0.270483 0.362292
0 0.162824 0.77722 0.288019 0.431792
0 0.61203 0.872473 0.153159 0.204119
0 0.921265 0.804355 0.153017 0.381231
0 0.920688 0.80371 0.151527 0.380815
0 0.772637 0.793711 0.167224 0.358917
0 0.612574 0.872274 0.152517 0.203608
0 0.416419 0.807708 0.270483 0.362292
0 0.162824 0.77722 0.288019 0.431792
0 0.61203 0.872473 0.153159 0.204119
0 0.921265 0.804355 0.153017 0.381231
0 0.920688 0.80371 0.151527 0.380815
0 0.772637 0.793711 0.167224 0.358917
