0 0.686156 0.508587 0.044756 0.790836
0 0.13981 0.518791 0.050321 0.932449
0 0.274512 0.504078 0.0493876 0.911375
0 0.606536 0.499882 0.0424685 0.806798
0 0.483523 0.50916 0.0365549 0.810627
0 0.562708 0.503521 0.0492022 0.816438
0 0.442882 0.504104 0.0412341 0.829814
0 0.726624 0.475864 0.0412649 0.8223
0 0.186808 0.511206 0.046922 0.928462
0 0.768238 0.451538 0.0447124 0.837679
0 0.230032 0.514307 0.0440822 0.903213
0 0.0507372 0.521652 0.0559532 0.929103
0 0.983797 0.552112 0.0323393 0.643319
0 0.319337 0.45786 0.0438988 0.796275
0 0.644399 0.499517 0.0376415 0.801905
0 0.931701 0.561673 0.067672 0.641869
0 0.807127 0.432702 0.0349495 0.829532
0 0.519606 0.505462 0.0376381 0.812202
0 0.361233 0.512489 0.0371376 0.770992
0 0.400419 0.522645 0.0430452 0.783237
0 0.400845 0.524252 0.0417637 0.78251
0 0.838796 0.433487 0.0331404 0.814267
0 0.0961317 0.515006 0.043704 0.924538
0 0.809457 0.432254 0.0382379 0.813583
0 0.686156 0.508587 0.044756 0.790836
0 0.13981 0.518791 0.050321 0.932449
0 0.274512 0.504078 0.0493876 0.911375
0 0.606536 0.499882 0.0424685 0.806798
0 0.483523 0.50916 0.0365549 0.810627
0 0.562708 0.503521 0.0492022 0.816438
0 0.442882 0.504104 0.0412341 0.829814
0 0.726624 0.475864 0.0412649 0.8223
0 0.186808 0.511206 0.046922 0.928462
0 0.768238 0.451538 0.0447124 0.837679
0 0.230032 0.514307 0.0440822 0.903213
0 0.0507372 0.521652 0.0559532 0.929103
0 0.983797 0.552112 0.0323393 0.643319
0 0.319337 0.45786 0.0438988 0.796275
0 0.644399 0.499517 0.0376415 0.801905
0 0.931701 0.561673 0.067672 0.641869
0 0.807127 0.432702 0.0349495 0.829532
0 0.519606 0.505462 0.0376381 0.812202
0 0.361233 0.512489 0.0371376 0.770992
0 0.400419 0.522645 0.0430452 0.783237
0 0.400845 0.524252 0.0417637 0.78251
0 0.838796 0.433487 0.0331404 0.814267
0 0.0961317 0.515006 0.043704 0.924538
0 0.809457 0.432254 0.0382379 0.813583
0 0.686156 0.508587 0.044756 0.790836
0 0.13981 0.518791 0.050321 0.932449
0 0.274512 0.504078 0.0493876 0.911375
0 0.606536 0.499882 0.0424685 0.806798
0 0.483523 0.50916 0.0365549 0.810627
0 0.562708 0.503521 0.0492022 0.816438
0 0.442882 0.504104 0.0412341 0.829814
0 0.726624 0.475864 0.0412649 0.8223
0 0.186808 0.511206 0.046922 0.928462
0 0.768238 0.451538 0.0447124 0.837679
0 0.230032 0.514307 0.0440822 0.903213
0 0.0507372 0.521652 0.0559532 0.929103
0 0.983797 0.552112 0.0323393 0.643319
0 0.319337 0.45786 0.0438988 0.796275
0 0.644399 0.499517 0.0376415 0.801905
0 0.931701 0.561673 0.067672 0.641869
0 0.807127 0.432702 0.0349495 0.829532
0 0.519606 0.505462 0.0376381 0.812202
0 0.361233 0.512489 0.0371376 0.770992
0 0.400419 0.522645 0.0430452 0.783237
0 0.400845 0.524252 0.0417637 0.78251
0 0.838796 0.433487 0.0331404 0.814267
0 0.0961317 0.515006 0.043704 0.924538
0 0.809457 0.432254 0.0382379 0.813583
0 0.139917 0.527406 0.0502954 0.938266
0 0.609346 0.535459 0.0444009 0.783432
0 0.563925 0.526577 0.0510245 0.819045
0 0.444622 0.511882 0.0420551 0.834087
0 0.728199 0.543408 0.043427 0.725419
0 0.520128 0.522569 0.039468 0.820373
0 0.400584 0.527852 0.0446875 0.813393
0 0.685495 0.553706 0.0465954 0.739214
0 0.275238 0.51399 0.0488664 0.90575
0 0.187436 0.521515 0.047924 0.941417
0 0.230481 0.526188 0.0455552 0.89483
0 0.483832 0.519965 0.037948 0.833387
0 0.319782 0.463643 0.0445787 0.850989
0 0.0481048 0.539381 0.0567576 0.921239
0 0.359775 0.48591 0.0401521 0.850137
0 0.769729 0.490817 0.042599 0.769969
0 0.930461 0.553951 0.0696502 0.653761
0 0.0957923 0.536728 0.0443745 0.917663
0 0.808952 0.444529 0.0372552 0.775739
0 0.642754 0.533119 0.035514 0.765409
0 0.877383 0.522238 0.0390917 0.633945
0 0.878503 0.504326 0.0417874 0.677043
0 0.983003 0.590274 0.0336683 0.607766
0 0.139917 0.527406 0.0502954 0.938266
0 0.609346 0.535459 0.0444009 0.783432
0 0.563925 0.526577 0.0510245 0.819045
0 0.444622 0.511882 0.0420551 0.834087
0 0.728199 0.543408 0.043427 0.725419
0 0.520128 0.522569 0.039468 0.820373
0 0.400584 0.527852 0.0446875 0.813393
0 0.685495 0.553706 0.0465954 0.739214
0 0.275238 0.51399 0.0488664 0.90575
0 0.187436 0.521515 0.047924 0.941417
0 0.230481 0.526188 0.0455552 0.89483
0 0.483832 0.519965 0.037948 0.833387
0 0.319782 0.463643 0.0445787 0.850989
0 0.0481048 0.539381 0.0567576 0.921239
0 0.359775 0.48591 0.0401521 0.850137
0 0.769729 0.490817 0.042599 0.769969
0 0.930461 0.553951 0.0696502 0.653761
0 0.0957923 0.536728 0.0443745 0.917663
0 0.808952 0.444529 0.0372552 0.775739
0 0.642754 0.533119 0.035514 0.765409
0 0.877383 0.522238 0.0390917 0.633945
0 0.878503 0.504326 0.0417874 0.677043
0 0.983003 0.590274 0.0336683 0.607766
0 0.98329 0.59092 0.033296 0.57244
0 0.840536 0.440232 0.0357536 0.759527
0 0.0962741 0.535396 0.0445773 0.913937
0 0.139917 0.527406 0.0502954 0.938266
0 0.609346 0.535459 0.0444009 0.783432
0 0.563925 0.526577 0.0510245 0.819045
0 0.444622 0.511882 0.0420551 0.834087
0 0.728199 0.543408 0.043427 0.725419
0 0.520128 0.522569 0.039468 0.820373
0 0.400584 0.527852 0.0446875 0.813393
0 0.685495 0.553706 0.0465954 0.739214
0 0.275238 0.51399 0.0488664 0.90575
0 0.187436 0.521515 0.047924 0.941417
0 0.230481 0.526188 0.0455552 0.89483
0 0.483832 0.519965 0.037948 0.833387
0 0.319782 0.463643 0.0445787 0.850989
0 0.0481048 0.539381 0.0567576 0.921239
0 0.359775 0.48591 0.0401521 0.850137
0 0.769729 0.490817 0.042599 0.769969
0 0.930461 0.553951 0.0696502 0.653761
0 0.0957923 0.536728 0.0443745 0.917663
0 0.808952 0.444529 0.0372552 0.775739
0 0.642754 0.533119 0.035514 0.765409
0 0.877383 0.522238 0.0390917 0.633945
0 0.878503 0.504326 0.0417874 0.677043
0 0.983003 0.590274 0.0336683 0.607766
0 0.139917 0.527406 0.0502954 0.938266
0 0.609346 0.535459 0.0444009 0.783432
0 0.563925 0.526577 0.0510245 0.819045
0 0.444622 0.511882 0.0420551 0.834087
0 0.728199 0.543408 0.043427 0.725419
0 0.520128 0.522569 0.039468 0.820373
0 0.400584 0.527852 0.0446875 0.813393
0 0.685495 0.553706 0.0465954 0.739214
0 0.275238 0.51399 0.0488664 0.90575
0 0.187436 0.521515 0.047924 0.941417
0 0.230481 0.526188 0.0455552 0.89483
0 0.483832 0.519965 0.037948 0.833387
0 0.319782 0.463643 0.0445787 0.850989
0 0.0481048 0.539381 0.0567576 0.921239
0 0.359775 0.48591 0.0401521 0.850137
0 0.769729 0.490817 0.042599 0.769969
0 0.930461 0.553951 0.0696502 0.653761
0 0.0957923 0.536728 0.0443745 0.917663
0 0.808952 0.444529 0.0372552 0.775739
0 0.642754 0.533119 0.035514 0.765409
0 0.877383 0.522238 0.0390917 0.633945
0 0.878503 0.504326 0.0417874 0.677043
0 0.983003 0.590274 0.0336683 0.607766
