0 0.234109 0.455096 0.100708 0.499758
0 0.643133 0.667425 0.0806871 0.445031
0 0.486719 0.580428 0.0948738 0.4812
0 0.404113 0.539645 0.0973813 0.483888
0 0.787525 0.753551 0.0829312 0.402546
0 0.567518 0.630341 0.100347 0.477358
0 0.144153 0.395712 0.101779 0.456009
0 0.319861 0.496279 0.0971938 0.505816
0 0.847801 0.791338 0.0740997 0.388932
0 0.916559 0.790562 0.0917406 0.391777
0 0.0601007 0.366202 0.0879307 0.531992
0 0.714189 0.703798 0.0978893 0.452086
0 0.714455 0.704575 0.098216 0.450134
0 0.234109 0.455096 0.100708 0.499758
0 0.643133 0.667425 0.0806871 0.445031
0 0.486719 0.580428 0.0948738 0.4812
0 0.404113 0.539645 0.0973813 0.483888
0 0.787525 0.753551 0.0829312 0.402546
0 0.567518 0.630341 0.100347 0.477358
0 0.144153 0.395712 0.101779 0.456009
0 0.319861 0.496279 0.0971938 0.505816
0 0.847801 0.791338 0.0740997 0.388932
0 0.916559 0.790562 0.0917406 0.391777
0 0.0601007 0.366202 0.0879307 0.531992
0 0.714189 0.703798 0.0978893 0.452086
0 0.714455 0.704575 0.098216 0.450134
0 0.234109 0.455096 0.100708 0.499758
0 0.643133 0.667425 0.0806871 0.445031
0 0.486719 0.580428 0.0948738 0.4812
0 0.404113 0.539645 0.0973813 0.483888
0 0.787525 0.753551 0.0829312 0.402546
0 0.567518 0.630341 0.100347 0.477358
0 0.144153 0.395712 0.101779 0.456009
0 0.319861 0.496279 0.0971938 0.505816
0 0.847801 0.791338 0.0740997 0.388932
0 0.916559 0.790562 0.0917406 0.391777
0 0.0601007 0.366202 0.0879307 0.531992
0 0.714189 0.703798 0.0978893 0.452086
0 0.714455 0.704575 0.098216 0.450134
0 0.142395 0.422193 0.101671 0.378522
0 0.815169 0.784913 0.133491 0.392102
0 0.402804 0.545677 0.0963129 0.463273
0 0.233066 0.479222 0.0992078 0.43629
0 0.712404 0.733741 0.0925793 0.390837
0 0.482902 0.595761 0.0930504 0.438434
0 0.318561 0.507198 0.0956 0.466479
0 0.564832 0.66242 0.095311 0.401291
0 0.638929 0.687449 0.0740248 0.40607
0 0.913558 0.824789 0.0885034 0.333971
0 0.0581153 0.402049 0.0867463 0.422261
0 0.142395 0.422193 0.101671 0.378522
0 0.815169 0.784913 0.133491 0.392102
0 0.402804 0.545677 0.0963129 0.463273
0 0.233066 0.479222 0.0992078 0.43629
0 0.712404 0.733741 0.0925793 0.390837
0 0.482902 0.595761 0.0930504 0.438434
0 0.318561 0.507198 0.0956 0.466479
0 0.564832 0.66242 0.095311 0.401291
0 0.638929 0.687449 0.0740248 0.40607
0 0.913558 0.824789 0.0885034 0.333971
0 0.0581153 0.402049 0.0867463 0.422261
0 0.142395 0.422193 0.101671 0.378522
0 0.815169 0.784913 0.133491 0.392102
0 0.402804 0.545677 0.0963129 0.463273
0 0.233066 0.479222 0.0992078 0.43629
0 0.712404 0.733741 0.0925793 0.390837
0 0.482902 0.595761 0.0930504 0.438434
0 0.318561 0.507198 0.0956 0.466479
0 0.564832 0.66242 0.095311 0.401291
0 0.638929 0.687449 0.0740248 0.40607
0 0.913558 0.824789 0.0885034 0.333971
0 0.0581153 0.402049 0.0867463 0.422261
0 0.142395 0.422193 0.101671 0.378522
0 0.815169 0.784913 0.133491 0.392102
0 0.402804 0.545677 0.0963129 0.463273
0 0.233066 0.479222 0.0992078 0.43629
0 0.712404 0.733741 0.0925793 0.390837
0 0.482902 0.595761 0.0930504 0.438434
0 0.318561 0.507198 0.0956 0.466479
0 0.564832 0.66242 0.095311 0.401291
0 0.638929 0.687449 0.0740248 0.40607
0 0.913558 0.824789 0.0885034 0.333971
0 0.0581153 0.402049 0.0867463 0.422261
