0 0.315995 0.650129 0.268315 0.697566
0 0.855527 0.65148 0.288946 0.617276
0 0.572548 0.645988 0.28465 0.537895
0 0.315995 0.650129 0.268315 0.697566
0 0.855527 0.65148 0.288946 0.617276
0 0.572548 0.645988 0.28465 0.537895
0 0.315995 0.650129 0.268315 0.697566
0 0.855527 0.65148 0.288946 0.617276
0 0.572548 0.645988 0.28465 0.537895
0 0.585377 0.634392 0.304262 0.623743
0 0.858646 0.578475 0.282708 0.707074
0 0.315914 0.614482 0.257762 0.602198
0 0.585377 0.634392 0.304262 0.623743
0 0.858646 0.578475 0.282708 0.707074
0 0.315914 0.614482 0.257762 0.602198
0 0.244092 0.610811 0.475219 0.668514
0 0.585377 0.634392 0.304262 0.623743
0 0.858646 0.578475 0.282708 0.707074
0 0.315914 0.614482 0.257762 0.602198
