0 0.395321 0.426019 0.166405 0.601067
0 0.100037 0.345923 0.146044 0.606457
0 0.241865 0.384723 0.164394 0.604334
0 0.720551 0.469097 0.191855 0.704768
0 0.908661 0.544874 0.181646 0.66633
0 0.545183 0.448631 0.159835 0.620474
0 0.395321 0.426019 0.166405 0.601067
0 0.100037 0.345923 0.146044 0.606457
0 0.241865 0.384723 0.164394 0.604334
0 0.720551 0.469097 0.191855 0.704768
0 0.908661 0.544874 0.181646 0.66633
0 0.545183 0.448631 0.159835 0.620474
0 0.395321 0.426019 0.166405 0.601067
0 0.100037 0.345923 0.146044 0.606457
0 0.241865 0.384723 0.164394 0.604334
0 0.720551 0.469097 0.191855 0.704768
0 0.908661 0.544874 0.181646 0.66633
0 0.545183 0.448631 0.159835 0.620474
0 0.242073 0.384737 0.158855 0.588781
0 0.0903749 0.355072 0.158783 0.59166
0 0.908719 0.531001 0.180514 0.665481
0 0.727068 0.45412 0.182566 0.717327
0 0.550713 0.447918 0.170555 0.629689
0 0.392146 0.433213 0.165723 0.580153
0 0.242073 0.384737 0.158855 0.588781
0 0.0903749 0.355072 0.158783 0.59166
0 0.908719 0.531001 0.180514 0.665481
0 0.727068 0.45412 0.182566 0.717327
0 0.550713 0.447918 0.170555 0.629689
0 0.392146 0.433213 0.165723 0.580153
0 0.393773 0.425693 0.165456 0.607003
0 0.242073 0.384737 0.158855 0.588781
0 0.0903749 0.355072 0.158783 0.59166
0 0.908719 0.531001 0.180514 0.665481
0 0.727068 0.45412 0.182566 0.717327
0 0.550713 0.447918 0.170555 0.629689
0 0.392146 0.433213 0.165723 0.580153
0 0.242073 0.384737 0.158855 0.588781
0 0.0903749 0.355072 0.158783 0.59166
0 0.908719 0.531001 0.180514 0.665481
0 0.727068 0.45412 0.182566 0.717327
0 0.550713 0.447918 0.170555 0.629689
0 0.392146 0.433213 0.165723 0.580153
