0 0.666067 0.517153 0.303359 0.714489
0 0.361068 0.520917 0.409685 0.769484
0 0.856271 0.456094 0.280157 0.842897
0 0.666067 0.517153 0.303359 0.714489
0 0.361068 0.520917 0.409685 0.769484
0 0.856271 0.456094 0.280157 0.842897
0 0.666067 0.517153 0.303359 0.714489
0 0.361068 0.520917 0.409685 0.769484
0 0.856271 0.456094 0.280157 0.842897
0 0.846062 0.480163 0.212735 0.751523
0 0.620204 0.556988 0.170498 0.614063
0 0.960525 0.64241 0.0789495 0.503303
0 0.362401 0.542165 0.359943 0.717238
0 0.846062 0.480163 0.212735 0.751523
0 0.620204 0.556988 0.170498 0.614063
0 0.960525 0.64241 0.0789495 0.503303
0 0.362401 0.542165 0.359943 0.717238
0 0.104132 0.603446 0.207336 0.657825
0 0.96076 0.648825 0.07848 0.509925
0 0.963778 0.479265 0.0724432 0.882993
0 0.846062 0.480163 0.212735 0.751523
0 0.620204 0.556988 0.170498 0.614063
0 0.960525 0.64241 0.0789495 0.503303
0 0.362401 0.542165 0.359943 0.717238
0 0.846062 0.480163 0.212735 0.751523
0 0.620204 0.556988 0.170498 0.614063
0 0.960525 0.64241 0.0789495 0.503303
0 0.362401 0.542165 0.359943 0.717238
