0 0.436501 0.727261 0.0858779 0.422415
0 0.34934 0.729065 0.0902843 0.433856
0 0.773176 0.723209 0.0848064 0.446054
0 0.162874 0.68871 0.28316 0.621977
0 0.690793 0.723331 0.0850827 0.445092
0 0.347372 0.269872 0.0889048 0.442731
0 0.605415 0.714526 0.083089 0.445976
0 0.91086 0.791151 0.141752 0.376046
0 0.433824 0.279693 0.087141 0.422845
0 0.180244 0.208845 0.188652 0.370915
0 0.909384 0.327907 0.178458 0.567942
0 0.52073 0.722047 0.084186 0.430697
0 0.042744 0.264903 0.0854879 0.495672
0 0.686604 0.261859 0.0813935 0.436733
0 0.563863 0.60154 0.171962 0.682017
0 0.73087 0.269606 0.170942 0.454142
0 0.436501 0.727261 0.0858779 0.422415
0 0.34934 0.729065 0.0902843 0.433856
0 0.773176 0.723209 0.0848064 0.446054
0 0.162874 0.68871 0.28316 0.621977
0 0.690793 0.723331 0.0850827 0.445092
0 0.347372 0.269872 0.0889048 0.442731
0 0.605415 0.714526 0.083089 0.445976
0 0.91086 0.791151 0.141752 0.376046
0 0.433824 0.279693 0.087141 0.422845
0 0.180244 0.208845 0.188652 0.370915
0 0.909384 0.327907 0.178458 0.567942
0 0.52073 0.722047 0.084186 0.430697
0 0.042744 0.264903 0.0854879 0.495672
0 0.686604 0.261859 0.0813935 0.436733
0 0.563863 0.60154 0.171962 0.682017
0 0.73087 0.269606 0.170942 0.454142
0 0.436501 0.727261 0.0858779 0.422415
0 0.34934 0.729065 0.0902843 0.433856
0 0.773176 0.723209 0.0848064 0.446054
0 0.162874 0.68871 0.28316 0.621977
0 0.690793 0.723331 0.0850827 0.445092
0 0.347372 0.269872 0.0889048 0.442731
0 0.605415 0.714526 0.083089 0.445976
0 0.91086 0.791151 0.141752 0.376046
0 0.433824 0.279693 0.087141 0.422845
0 0.180244 0.208845 0.188652 0.370915
0 0.909384 0.327907 0.178458 0.567942
0 0.52073 0.722047 0.084186 0.430697
0 0.042744 0.264903 0.0854879 0.495672
0 0.686604 0.261859 0.0813935 0.436733
0 0.563863 0.60154 0.171962 0.682017
0 0.73087 0.269606 0.170942 0.454142
0 0.690358 0.726895 0.0839935 0.440186
0 0.77241 0.725114 0.0848988 0.440851
0 0.769683 0.263502 0.0877122 0.446109
0 0.605163 0.712097 0.0853113 0.44438
0 0.435827 0.728849 0.0858473 0.420809
0 0.346838 0.269789 0.0890615 0.451044
0 0.34854 0.730051 0.0903582 0.43313
0 0.522816 0.715348 0.08852 0.447138
0 0.685448 0.263522 0.0802958 0.439664
0 0.433011 0.273777 0.0876914 0.449011
0 0.165782 0.685809 0.283269 0.620353
0 0.0412258 0.260127 0.0824516 0.463849
0 0.908975 0.365297 0.178556 0.491077
0 0.914527 0.78509 0.14085 0.373317
0 0.218285 0.2086 0.154698 0.375156
0 0.98942 0.789524 0.0211066 0.369694
0 0.0160488 0.765352 0.0320976 0.433234
0 0.195258 0.207227 0.208038 0.386329
0 0.193568 0.202365 0.219423 0.386762
0 0.690358 0.726895 0.0839935 0.440186
0 0.77241 0.725114 0.0848988 0.440851
0 0.769683 0.263502 0.0877122 0.446109
0 0.605163 0.712097 0.0853113 0.44438
0 0.435827 0.728849 0.0858473 0.420809
0 0.346838 0.269789 0.0890615 0.451044
0 0.34854 0.730051 0.0903582 0.43313
0 0.522816 0.715348 0.08852 0.447138
0 0.685448 0.263522 0.0802958 0.439664
0 0.433011 0.273777 0.0876914 0.449011
0 0.165782 0.685809 0.283269 0.620353
0 0.0412258 0.260127 0.0824516 0.463849
0 0.908975 0.365297 0.178556 0.491077
0 0.914527 0.78509 0.14085 0.373317
0 0.218285 0.2086 0.154698 0.375156
0 0.98942 0.789524 0.0211066 0.369694
0 0.0160488 0.765352 0.0320976 0.433234
0 0.195258 0.207227 0.208038 0.386329
0 0.193568 0.202365 0.219423 0.386762
0 0.690358 0.726895 0.0839935 0.440186
0 0.77241 0.725114 0.0848988 0.440851
0 0.769683 0.263502 0.0877122 0.446109
0 0.605163 0.712097 0.0853113 0.44438
0 0.435827 0.728849 0.0858473 0.420809
0 0.346838 0.269789 0.0890615 0.451044
0 0.34854 0.730051 0.0903582 0.43313
0 0.522816 0.715348 0.08852 0.447138
0 0.685448 0.263522 0.0802958 0.439664
0 0.433011 0.273777 0.0876914 0.449011
0 0.165782 0.685809 0.283269 0.620353
0 0.0412258 0.260127 0.0824516 0.463849
0 0.908975 0.365297 0.178556 0.491077
0 0.914527 0.78509 0.14085 0.373317
0 0.218285 0.2086 0.154698 0.375156
0 0.98942 0.789524 0.0211066 0.369694
0 0.0160488 0.765352 0.0320976 0.433234
0 0.195258 0.207227 0.208038 0.386329
0 0.193568 0.202365 0.219423 0.386762
