0 0.758479 0.570811 0.471114 0.77026
0 0.26462 0.513854 0.480826 0.855693
0 0.37742 0.515352 0.278784 0.817584
0 0.758479 0.570811 0.471114 0.77026
0 0.26462 0.513854 0.480826 0.855693
0 0.37742 0.515352 0.278784 0.817584
0 0.758479 0.570811 0.471114 0.77026
0 0.26462 0.513854 0.480826 0.855693
0 0.37742 0.515352 0.278784 0.817584
0 0.0162782 0.507523 0.032213 0.59838
0 0.865363 0.720771 0.215783 0.498301
0 0.0162782 0.507523 0.032213 0.59838
0 0.865363 0.720771 0.215783 0.498301
0 0.291814 0.481069 0.52353 0.800048
0 0.390552 0.647877 0.235836 0.521503
0 0.0162782 0.507523 0.032213 0.59838
0 0.865363 0.720771 0.215783 0.498301
0 0.0162782 0.507523 0.032213 0.59838
0 0.865363 0.720771 0.215783 0.498301
