0 0.812384 0.420184 0.348597 0.840369
0 0.577412 0.413165 0.130157 0.826329
0 0.447913 0.401815 0.13229 0.80363
0 0.319015 0.395549 0.12898 0.791097
0 0.0676293 0.405928 0.128802 0.778357
0 0.812384 0.420184 0.348597 0.840369
0 0.577412 0.413165 0.130157 0.826329
0 0.447913 0.401815 0.13229 0.80363
0 0.319015 0.395549 0.12898 0.791097
0 0.0676293 0.405928 0.128802 0.778357
0 0.812384 0.420184 0.348597 0.840369
0 0.577412 0.413165 0.130157 0.826329
0 0.447913 0.401815 0.13229 0.80363
0 0.319015 0.395549 0.12898 0.791097
0 0.0676293 0.405928 0.128802 0.778357
0 0.31933 0.503328 0.132105 0.990015
0 0.578797 0.500119 0.137811 0.999761
0 0.195851 0.468304 0.131991 0.887405
0 0.450026 0.5 0.135912 1
0 0.0702657 0.468338 0.128604 0.873788
0 0.925579 0.481958 0.133105 0.951633
0 0.0695623 0.440655 0.129195 0.826416
0 0.754894 0.486735 0.218256 0.973471
0 0.31933 0.503328 0.132105 0.990015
0 0.578797 0.500119 0.137811 0.999761
0 0.195851 0.468304 0.131991 0.887405
0 0.450026 0.5 0.135912 1
0 0.0702657 0.468338 0.128604 0.873788
0 0.925579 0.481958 0.133105 0.951633
0 0.0695623 0.440655 0.129195 0.826416
0 0.754894 0.486735 0.218256 0.973471
0 0.31933 0.503328 0.132105 0.990015
0 0.578797 0.500119 0.137811 0.999761
0 0.195851 0.468304 0.131991 0.887405
0 0.450026 0.5 0.135912 1
0 0.0702657 0.468338 0.128604 0.873788
0 0.925579 0.481958 0.133105 0.951633
0 0.0695623 0.440655 0.129195 0.826416
0 0.754894 0.486735 0.218256 0.973471
