0 0.749294 0.403795 0.13442 0.744133
0 0.580997 0.436639 0.21698 0.779627
0 0.0516959 0.59916 0.0878944 0.737766
0 0.371111 0.4641 0.267653 0.858754
0 0.749294 0.403795 0.13442 0.744133
0 0.580997 0.436639 0.21698 0.779627
0 0.0516959 0.59916 0.0878944 0.737766
0 0.371111 0.4641 0.267653 0.858754
0 0.749294 0.403795 0.13442 0.744133
0 0.580997 0.436639 0.21698 0.779627
0 0.0516959 0.59916 0.0878944 0.737766
0 0.371111 0.4641 0.267653 0.858754
0 0.581166 0.42479 0.201939 0.781834
0 0.755889 0.385576 0.152436 0.729754
0 0.374187 0.520254 0.212094 0.71249
0 0.370357 0.58538 0.206947 0.576941
0 0.581166 0.42479 0.201939 0.781834
0 0.755889 0.385576 0.152436 0.729754
0 0.374187 0.520254 0.212094 0.71249
0 0.370357 0.58538 0.206947 0.576941
0 0.373753 0.534765 0.211503 0.695984
0 0.0441817 0.765072 0.058033 0.227437
0 0.155975 0.402749 0.120721 0.454173
0 0.581166 0.42479 0.201939 0.781834
0 0.755889 0.385576 0.152436 0.729754
0 0.374187 0.520254 0.212094 0.71249
0 0.370357 0.58538 0.206947 0.576941
