0 0.198947 0.589979 0.0925876 0.45831
0 0.782929 0.684405 0.12933 0.496603
0 0.7827 0.599813 0.131972 0.685446
0 0.525941 0.565387 0.121565 0.639111
0 0.412093 0.467644 0.120984 0.449813
0 0.652115 0.65957 0.122075 0.469786
0 0.652424 0.604682 0.124268 0.607735
0 0.915401 0.616167 0.137895 0.711814
0 0.528195 0.644609 0.119074 0.469101
0 0.0884428 0.569699 0.126704 0.463069
0 0.947052 0.128898 0.102026 0.257797
0 0.198947 0.589979 0.0925876 0.45831
0 0.782929 0.684405 0.12933 0.496603
0 0.7827 0.599813 0.131972 0.685446
0 0.525941 0.565387 0.121565 0.639111
0 0.412093 0.467644 0.120984 0.449813
0 0.652115 0.65957 0.122075 0.469786
0 0.652424 0.604682 0.124268 0.607735
0 0.915401 0.616167 0.137895 0.711814
0 0.528195 0.644609 0.119074 0.469101
0 0.0884428 0.569699 0.126704 0.463069
0 0.947052 0.128898 0.102026 0.257797
0 0.198947 0.589979 0.0925876 0.45831
0 0.782929 0.684405 0.12933 0.496603
0 0.7827 0.599813 0.131972 0.685446
0 0.525941 0.565387 0.121565 0.639111
0 0.412093 0.467644 0.120984 0.449813
0 0.652115 0.65957 0.122075 0.469786
0 0.652424 0.604682 0.124268 0.607735
0 0.915401 0.616167 0.137895 0.711814
0 0.528195 0.644609 0.119074 0.469101
0 0.0884428 0.569699 0.126704 0.463069
0 0.947052 0.128898 0.102026 0.257797
0 0.915139 0.616327 0.135318 0.666451
0 0.783734 0.608193 0.142181 0.654297
0 0.655595 0.591934 0.132373 0.636958
0 0.530912 0.574397 0.1298 0.61872
0 0.0905753 0.5044 0.133569 0.601896
0 0.298608 0.536448 0.124741 0.607917
0 0.198462 0.520454 0.100219 0.615175
0 0.412289 0.556319 0.1325 0.617677
0 0.199933 0.522403 0.103619 0.611446
0 0.915139 0.616327 0.135318 0.666451
0 0.783734 0.608193 0.142181 0.654297
0 0.655595 0.591934 0.132373 0.636958
0 0.530912 0.574397 0.1298 0.61872
0 0.0905753 0.5044 0.133569 0.601896
0 0.298608 0.536448 0.124741 0.607917
0 0.198462 0.520454 0.100219 0.615175
0 0.412289 0.556319 0.1325 0.617677
0 0.199933 0.522403 0.103619 0.611446
0 0.549124 0.937483 0.113107 0.125033
0 0.412881 0.55609 0.131471 0.614145
0 0.950297 0.134022 0.0987172 0.268044
0 0.295528 0.459697 0.120537 0.462442
0 0.295834 0.541944 0.123336 0.616076
0 0.915139 0.616327 0.135318 0.666451
0 0.783734 0.608193 0.142181 0.654297
0 0.655595 0.591934 0.132373 0.636958
0 0.530912 0.574397 0.1298 0.61872
0 0.0905753 0.5044 0.133569 0.601896
0 0.298608 0.536448 0.124741 0.607917
0 0.198462 0.520454 0.100219 0.615175
0 0.412289 0.556319 0.1325 0.617677
0 0.199933 0.522403 0.103619 0.611446
0 0.915139 0.616327 0.135318 0.666451
0 0.783734 0.608193 0.142181 0.654297
0 0.655595 0.591934 0.132373 0.636958
0 0.530912 0.574397 0.1298 0.61872
0 0.0905753 0.5044 0.133569 0.601896
0 0.298608 0.536448 0.124741 0.607917
0 0.198462 0.520454 0.100219 0.615175
0 0.412289 0.556319 0.1325 0.617677
0 0.199933 0.522403 0.103619 0.611446
