0 0.547521 0.59508 0.129257 0.720491
0 0.666531 0.636184 0.12037 0.627999
0 0.421149 0.592932 0.131183 0.73106
0 0.165804 0.594488 0.131707 0.739284
0 0.779376 0.672316 0.113592 0.543419
0 0.292237 0.605459 0.134342 0.712688
0 0.667871 0.633635 0.121559 0.62918
0 0.879012 0.48041 0.226577 0.92328
0 0.547521 0.59508 0.129257 0.720491
0 0.666531 0.636184 0.12037 0.627999
0 0.421149 0.592932 0.131183 0.73106
0 0.165804 0.594488 0.131707 0.739284
0 0.779376 0.672316 0.113592 0.543419
0 0.292237 0.605459 0.134342 0.712688
0 0.667871 0.633635 0.121559 0.62918
0 0.879012 0.48041 0.226577 0.92328
0 0.547521 0.59508 0.129257 0.720491
0 0.666531 0.636184 0.12037 0.627999
0 0.421149 0.592932 0.131183 0.73106
0 0.165804 0.594488 0.131707 0.739284
0 0.779376 0.672316 0.113592 0.543419
0 0.292237 0.605459 0.134342 0.712688
0 0.667871 0.633635 0.121559 0.62918
0 0.879012 0.48041 0.226577 0.92328
0 0.666674 0.640101 0.123851 0.624363
0 0.423009 0.605191 0.134806 0.730056
0 0.549194 0.599488 0.13647 0.730019
0 0.294231 0.61286 0.13691 0.714807
0 0.0583405 0.619261 0.1063 0.697208
0 0.891293 0.486485 0.209812 0.9302
0 0.777559 0.657795 0.112555 0.574394
0 0.0117614 0.641575 0.0235229 0.670719
0 0.16737 0.602813 0.13539 0.745555
0 0.666674 0.640101 0.123851 0.624363
0 0.423009 0.605191 0.134806 0.730056
0 0.549194 0.599488 0.13647 0.730019
0 0.294231 0.61286 0.13691 0.714807
0 0.0583405 0.619261 0.1063 0.697208
0 0.891293 0.486485 0.209812 0.9302
0 0.777559 0.657795 0.112555 0.574394
0 0.0117614 0.641575 0.0235229 0.670719
0 0.16737 0.602813 0.13539 0.745555
0 0.166955 0.603396 0.132308 0.736493
0 0.666674 0.640101 0.123851 0.624363
0 0.423009 0.605191 0.134806 0.730056
0 0.549194 0.599488 0.13647 0.730019
0 0.294231 0.61286 0.13691 0.714807
0 0.0583405 0.619261 0.1063 0.697208
0 0.891293 0.486485 0.209812 0.9302
0 0.777559 0.657795 0.112555 0.574394
0 0.0117614 0.641575 0.0235229 0.670719
0 0.16737 0.602813 0.13539 0.745555
