0 0.44982 0.297163 0.0863392 0.488416
0 0.44982 0.297163 0.0863392 0.488416
0 0.44982 0.297163 0.0863392 0.488416
0 0.443235 0.316788 0.0998448 0.478321
0 0.17655 0.705425 0.229627 0.582725
0 0.617477 0.736718 0.152197 0.50723
0 0.354416 0.274242 0.0940214 0.417452
0 0.509644 0.284623 0.0558513 0.469232
0 0.612082 0.289698 0.155043 0.470558
0 0.4495 0.762909 0.148107 0.464275
0 0.179583 0.717247 0.242421 0.563187
0 0.443235 0.316788 0.0998448 0.478321
0 0.17655 0.705425 0.229627 0.582725
0 0.617477 0.736718 0.152197 0.50723
0 0.354416 0.274242 0.0940214 0.417452
0 0.509644 0.284623 0.0558513 0.469232
0 0.612082 0.289698 0.155043 0.470558
0 0.4495 0.762909 0.148107 0.464275
0 0.179583 0.717247 0.242421 0.563187
0 0.336637 0.76642 0.104016 0.464437
0 0.410628 0.764329 0.241033 0.471342
0 0.84571 0.0345944 0.111047 0.0670534
0 0.180542 0.55351 0.24507 0.890954
0 0.443235 0.316788 0.0998448 0.478321
0 0.17655 0.705425 0.229627 0.582725
0 0.617477 0.736718 0.152197 0.50723
0 0.354416 0.274242 0.0940214 0.417452
0 0.509644 0.284623 0.0558513 0.469232
0 0.612082 0.289698 0.155043 0.470558
0 0.4495 0.762909 0.148107 0.464275
0 0.179583 0.717247 0.242421 0.563187
0 0.443235 0.316788 0.0998448 0.478321
0 0.17655 0.705425 0.229627 0.582725
0 0.617477 0.736718 0.152197 0.50723
0 0.354416 0.274242 0.0940214 0.417452
0 0.509644 0.284623 0.0558513 0.469232
0 0.612082 0.289698 0.155043 0.470558
0 0.4495 0.762909 0.148107 0.464275
0 0.179583 0.717247 0.242421 0.563187
