0 0.566817 0.448585 0.110841 0.574792
0 0.765927 0.516959 0.105152 0.560855
0 0.891503 0.570197 0.164683 0.555912
0 0.346249 0.380266 0.113285 0.603711
0 0.230175 0.430381 0.124629 0.774934
0 0.102705 0.426446 0.141395 0.841944
0 0.669648 0.48071 0.0987648 0.576954
0 0.3506 0.387556 0.119772 0.619308
0 0.460271 0.409853 0.113616 0.588977
0 0.103182 0.439426 0.1435 0.85754
0 0.566817 0.448585 0.110841 0.574792
0 0.765927 0.516959 0.105152 0.560855
0 0.891503 0.570197 0.164683 0.555912
0 0.346249 0.380266 0.113285 0.603711
0 0.230175 0.430381 0.124629 0.774934
0 0.102705 0.426446 0.141395 0.841944
0 0.669648 0.48071 0.0987648 0.576954
0 0.3506 0.387556 0.119772 0.619308
0 0.460271 0.409853 0.113616 0.588977
0 0.103182 0.439426 0.1435 0.85754
0 0.566817 0.448585 0.110841 0.574792
0 0.765927 0.516959 0.105152 0.560855
0 0.891503 0.570197 0.164683 0.555912
0 0.346249 0.380266 0.113285 0.603711
0 0.230175 0.430381 0.124629 0.774934
0 0.102705 0.426446 0.141395 0.841944
0 0.669648 0.48071 0.0987648 0.576954
0 0.3506 0.387556 0.119772 0.619308
0 0.460271 0.409853 0.113616 0.588977
0 0.103182 0.439426 0.1435 0.85754
0 0.35319 0.45296 0.123098 0.73294
0 0.232807 0.425162 0.127555 0.742912
0 0.89368 0.487703 0.170327 0.938875
0 0.767547 0.571825 0.10285 0.668363
0 0.106091 0.406709 0.138394 0.763158
0 0.670955 0.541083 0.107383 0.683633
0 0.568112 0.512484 0.11537 0.693894
0 0.459957 0.495069 0.115298 0.726294
0 0.984351 0.59548 0.0312978 0.799237
0 0.0173546 0.543602 0.0347093 0.911471
0 0.35319 0.45296 0.123098 0.73294
0 0.232807 0.425162 0.127555 0.742912
0 0.89368 0.487703 0.170327 0.938875
0 0.767547 0.571825 0.10285 0.668363
0 0.106091 0.406709 0.138394 0.763158
0 0.670955 0.541083 0.107383 0.683633
0 0.568112 0.512484 0.11537 0.693894
0 0.459957 0.495069 0.115298 0.726294
0 0.984351 0.59548 0.0312978 0.799237
0 0.0173546 0.543602 0.0347093 0.911471
0 0.461411 0.492814 0.118279 0.720538
0 0.671487 0.539673 0.107904 0.680679
0 0.35319 0.45296 0.123098 0.73294
0 0.232807 0.425162 0.127555 0.742912
0 0.89368 0.487703 0.170327 0.938875
0 0.767547 0.571825 0.10285 0.668363
0 0.106091 0.406709 0.138394 0.763158
0 0.670955 0.541083 0.107383 0.683633
0 0.568112 0.512484 0.11537 0.693894
0 0.459957 0.495069 0.115298 0.726294
0 0.984351 0.59548 0.0312978 0.799237
0 0.0173546 0.543602 0.0347093 0.911471
0 0.35319 0.45296 0.123098 0.73294
0 0.232807 0.425162 0.127555 0.742912
0 0.89368 0.487703 0.170327 0.938875
0 0.767547 0.571825 0.10285 0.668363
0 0.106091 0.406709 0.138394 0.763158
0 0.670955 0.541083 0.107383 0.683633
0 0.568112 0.512484 0.11537 0.693894
0 0.459957 0.495069 0.115298 0.726294
0 0.984351 0.59548 0.0312978 0.799237
0 0.0173546 0.543602 0.0347093 0.911471
