0 0.551013 0.443113 0.508679 0.845668
0 0.794422 0.883113 0.401619 0.231092
0 0.801904 0.670323 0.396191 0.659355
0 0.551013 0.443113 0.508679 0.845668
0 0.794422 0.883113 0.401619 0.231092
0 0.801904 0.670323 0.396191 0.659355
0 0.551013 0.443113 0.508679 0.845668
0 0.794422 0.883113 0.401619 0.231092
0 0.801904 0.670323 0.396191 0.659355
0 0.53041 0.425837 0.493918 0.816278
0 0.205986 0.446106 0.411972 0.840096
0 0.53041 0.425837 0.493918 0.816278
0 0.205986 0.446106 0.411972 0.840096
0 0.498604 0.547922 0.495128 0.853413
0 0.53041 0.425837 0.493918 0.816278
0 0.205986 0.446106 0.411972 0.840096
0 0.53041 0.425837 0.493918 0.816278
0 0.205986 0.446106 0.411972 0.840096
