0 0.706459 0.529946 0.587082 0.889781
0 0.301876 0.492106 0.494864 0.769737
0 0.706459 0.529946 0.587082 0.889781
0 0.301876 0.492106 0.494864 0.769737
0 0.706459 0.529946 0.587082 0.889781
0 0.301876 0.492106 0.494864 0.769737
0 0.715022 0.539638 0.516072 0.865452
0 0.327642 0.469602 0.384513 0.842838
0 0.715022 0.539638 0.516072 0.865452
0 0.327642 0.469602 0.384513 0.842838
0 0.259632 0.487669 0.519263 0.912798
0 0.126146 0.524603 0.252292 0.889706
0 0.715022 0.539638 0.516072 0.865452
0 0.327642 0.469602 0.384513 0.842838
0 0.715022 0.539638 0.516072 0.865452
0 0.327642 0.469602 0.384513 0.842838
