0 0.106336 0.442132 0.212671 0.884264
0 0.638207 0.587465 0.146657 0.736821
0 0.316326 0.641107 0.219024 0.549768
0 0.782985 0.59278 0.153406 0.751779
0 0.926639 0.731871 0.139726 0.50949
0 0.927028 0.290804 0.124629 0.402368
0 0.496632 0.639428 0.143485 0.579798
0 0.35789 0.188125 0.255575 0.355953
0 0.106336 0.442132 0.212671 0.884264
0 0.638207 0.587465 0.146657 0.736821
0 0.316326 0.641107 0.219024 0.549768
0 0.782985 0.59278 0.153406 0.751779
0 0.926639 0.731871 0.139726 0.50949
0 0.927028 0.290804 0.124629 0.402368
0 0.496632 0.639428 0.143485 0.579798
0 0.35789 0.188125 0.255575 0.355953
0 0.106336 0.442132 0.212671 0.884264
0 0.638207 0.587465 0.146657 0.736821
0 0.316326 0.641107 0.219024 0.549768
0 0.782985 0.59278 0.153406 0.751779
0 0.926639 0.731871 0.139726 0.50949
0 0.927028 0.290804 0.124629 0.402368
0 0.496632 0.639428 0.143485 0.579798
0 0.35789 0.188125 0.255575 0.355953
0 0.497528 0.648516 0.143536 0.576801
0 0.928773 0.296989 0.128269 0.406779
0 0.783211 0.612247 0.147557 0.710311
0 0.380319 0.184308 0.185347 0.368615
0 0.25375 0.185403 0.0640267 0.354412
0 0.639942 0.639364 0.141904 0.628567
0 0.105086 0.448804 0.210173 0.897608
0 0.18807 0.712338 0.0710571 0.36828
0 0.322562 0.643416 0.21166 0.541326
0 0.294049 0.651639 0.275287 0.547464
0 0.928165 0.805016 0.139336 0.368769
0 0.497528 0.648516 0.143536 0.576801
0 0.928773 0.296989 0.128269 0.406779
0 0.783211 0.612247 0.147557 0.710311
0 0.380319 0.184308 0.185347 0.368615
0 0.25375 0.185403 0.0640267 0.354412
0 0.639942 0.639364 0.141904 0.628567
0 0.105086 0.448804 0.210173 0.897608
0 0.18807 0.712338 0.0710571 0.36828
0 0.322562 0.643416 0.21166 0.541326
0 0.294049 0.651639 0.275287 0.547464
0 0.928165 0.805016 0.139336 0.368769
0 0.783723 0.607742 0.148041 0.72891
0 0.497528 0.648516 0.143536 0.576801
0 0.928773 0.296989 0.128269 0.406779
0 0.783211 0.612247 0.147557 0.710311
0 0.380319 0.184308 0.185347 0.368615
0 0.25375 0.185403 0.0640267 0.354412
0 0.639942 0.639364 0.141904 0.628567
0 0.105086 0.448804 0.210173 0.897608
0 0.18807 0.712338 0.0710571 0.36828
0 0.322562 0.643416 0.21166 0.541326
0 0.294049 0.651639 0.275287 0.547464
0 0.928165 0.805016 0.139336 0.368769
0 0.497528 0.648516 0.143536 0.576801
0 0.928773 0.296989 0.128269 0.406779
0 0.783211 0.612247 0.147557 0.710311
0 0.380319 0.184308 0.185347 0.368615
0 0.25375 0.185403 0.0640267 0.354412
0 0.639942 0.639364 0.141904 0.628567
0 0.105086 0.448804 0.210173 0.897608
0 0.18807 0.712338 0.0710571 0.36828
0 0.322562 0.643416 0.21166 0.541326
0 0.294049 0.651639 0.275287 0.547464
0 0.928165 0.805016 0.139336 0.368769
