0 0.245288 0.472916 0.131558 0.79712
0 0.104043 0.48601 0.169142 0.919486
0 0.468532 0.536849 0.126502 0.824386
0 0.575357 0.56994 0.121122 0.808577
0 0.357696 0.500184 0.12729 0.780432
0 0.720433 0.715579 0.178554 0.549775
0 0.356798 0.499663 0.128643 0.794281
0 0.245288 0.472916 0.131558 0.79712
0 0.104043 0.48601 0.169142 0.919486
0 0.468532 0.536849 0.126502 0.824386
0 0.575357 0.56994 0.121122 0.808577
0 0.357696 0.500184 0.12729 0.780432
0 0.720433 0.715579 0.178554 0.549775
0 0.356798 0.499663 0.128643 0.794281
0 0.245288 0.472916 0.131558 0.79712
0 0.104043 0.48601 0.169142 0.919486
0 0.468532 0.536849 0.126502 0.824386
0 0.575357 0.56994 0.121122 0.808577
0 0.357696 0.500184 0.12729 0.780432
0 0.720433 0.715579 0.178554 0.549775
0 0.356798 0.499663 0.128643 0.794281
0 0.356047 0.494435 0.117467 0.803264
0 0.108276 0.482605 0.153895 0.905573
0 0.242804 0.479145 0.124024 0.833262
0 0.718259 0.688211 0.175836 0.588825
0 0.465775 0.526702 0.116254 0.853737
0 0.889937 0.678909 0.164271 0.542185
0 0.889569 0.664093 0.163808 0.573173
0 0.356047 0.494435 0.117467 0.803264
0 0.108276 0.482605 0.153895 0.905573
0 0.242804 0.479145 0.124024 0.833262
0 0.718259 0.688211 0.175836 0.588825
0 0.465775 0.526702 0.116254 0.853737
0 0.889937 0.678909 0.164271 0.542185
0 0.889569 0.664093 0.163808 0.573173
0 0.579225 0.563401 0.111937 0.838648
0 0.982917 0.652172 0.0341668 0.678422
0 0.356047 0.494435 0.117467 0.803264
0 0.108276 0.482605 0.153895 0.905573
0 0.242804 0.479145 0.124024 0.833262
0 0.718259 0.688211 0.175836 0.588825
0 0.465775 0.526702 0.116254 0.853737
0 0.889937 0.678909 0.164271 0.542185
0 0.889569 0.664093 0.163808 0.573173
0 0.356047 0.494435 0.117467 0.803264
0 0.108276 0.482605 0.153895 0.905573
0 0.242804 0.479145 0.124024 0.833262
0 0.718259 0.688211 0.175836 0.588825
0 0.465775 0.526702 0.116254 0.853737
0 0.889937 0.678909 0.164271 0.542185
0 0.889569 0.664093 0.163808 0.573173
