0 0.796387 0.679047 0.169445 0.309052
0 0.0761613 0.784784 0.152323 0.35193
0 0.638911 0.699241 0.171178 0.32139
0 0.796387 0.679047 0.169445 0.309052
0 0.0761613 0.784784 0.152323 0.35193
0 0.638911 0.699241 0.171178 0.32139
0 0.796387 0.679047 0.169445 0.309052
0 0.0761613 0.784784 0.152323 0.35193
0 0.638911 0.699241 0.171178 0.32139
0 0.796998 0.68059 0.158136 0.295231
0 0.641032 0.701825 0.160656 0.304118
0 0.93591 0.667197 0.127532 0.296763
0 0.102504 0.777918 0.204567 0.348291
0 0.796998 0.68059 0.158136 0.295231
0 0.641032 0.701825 0.160656 0.304118
0 0.93591 0.667197 0.127532 0.296763
0 0.102504 0.777918 0.204567 0.348291
0 0.796998 0.68059 0.158136 0.295231
0 0.641032 0.701825 0.160656 0.304118
0 0.93591 0.667197 0.127532 0.296763
0 0.102504 0.777918 0.204567 0.348291
0 0.796998 0.68059 0.158136 0.295231
0 0.641032 0.701825 0.160656 0.304118
0 0.93591 0.667197 0.127532 0.296763
0 0.102504 0.777918 0.204567 0.348291
