0 0.362045 0.515066 0.0686111 0.809558
0 0.570435 0.537092 0.0679334 0.804816
0 0.638339 0.538371 0.0674196 0.793636
0 0.922303 0.559487 0.072489 0.786007
0 0.222893 0.517134 0.0681409 0.758605
0 0.291133 0.500319 0.0676881 0.801647
0 0.432331 0.518249 0.0682031 0.815144
0 0.708139 0.53391 0.0685426 0.795133
0 0.15321 0.508035 0.0690898 0.762356
0 0.500521 0.529675 0.0686801 0.813043
0 0.848407 0.550436 0.0699853 0.781646
0 0.777839 0.543275 0.0699394 0.782974
0 0.0836646 0.505396 0.0682056 0.765683
0 0.0239351 0.511011 0.0468383 0.757631
0 0.979379 0.551201 0.040974 0.778373
0 0.362045 0.515066 0.0686111 0.809558
0 0.570435 0.537092 0.0679334 0.804816
0 0.638339 0.538371 0.0674196 0.793636
0 0.922303 0.559487 0.072489 0.786007
0 0.222893 0.517134 0.0681409 0.758605
0 0.291133 0.500319 0.0676881 0.801647
0 0.432331 0.518249 0.0682031 0.815144
0 0.708139 0.53391 0.0685426 0.795133
0 0.15321 0.508035 0.0690898 0.762356
0 0.500521 0.529675 0.0686801 0.813043
0 0.848407 0.550436 0.0699853 0.781646
0 0.777839 0.543275 0.0699394 0.782974
0 0.0836646 0.505396 0.0682056 0.765683
0 0.0239351 0.511011 0.0468383 0.757631
0 0.979379 0.551201 0.040974 0.778373
0 0.362045 0.515066 0.0686111 0.809558
0 0.570435 0.537092 0.0679334 0.804816
0 0.638339 0.538371 0.0674196 0.793636
0 0.922303 0.559487 0.072489 0.786007
0 0.222893 0.517134 0.0681409 0.758605
0 0.291133 0.500319 0.0676881 0.801647
0 0.432331 0.518249 0.0682031 0.815144
0 0.708139 0.53391 0.0685426 0.795133
0 0.15321 0.508035 0.0690898 0.762356
0 0.500521 0.529675 0.0686801 0.813043
0 0.848407 0.550436 0.0699853 0.781646
0 0.777839 0.543275 0.0699394 0.782974
0 0.0836646 0.505396 0.0682056 0.765683
0 0.0239351 0.511011 0.0468383 0.757631
0 0.979379 0.551201 0.040974 0.778373
0 0.290064 0.505442 0.0686145 0.801226
0 0.432469 0.521376 0.0686524 0.806592
0 0.708943 0.52911 0.0676989 0.7896
0 0.922438 0.560464 0.073079 0.78892
0 0.361724 0.511686 0.0707231 0.806585
0 0.570652 0.534779 0.0681527 0.792765
0 0.222543 0.51516 0.0683371 0.760836
0 0.0834634 0.506527 0.0698231 0.7694
0 0.638503 0.535428 0.0694365 0.794524
0 0.152592 0.508282 0.0683548 0.760585
0 0.777914 0.541627 0.0703816 0.799981
0 0.979147 0.550469 0.0416871 0.784664
0 0.849128 0.550149 0.0704772 0.793023
0 0.500766 0.527052 0.0684804 0.808901
0 0.0246236 0.501787 0.0492473 0.751033
0 0.290064 0.505442 0.0686145 0.801226
0 0.432469 0.521376 0.0686524 0.806592
0 0.708943 0.52911 0.0676989 0.7896
0 0.922438 0.560464 0.073079 0.78892
0 0.361724 0.511686 0.0707231 0.806585
0 0.570652 0.534779 0.0681527 0.792765
0 0.222543 0.51516 0.0683371 0.760836
0 0.0834634 0.506527 0.0698231 0.7694
0 0.638503 0.535428 0.0694365 0.794524
0 0.152592 0.508282 0.0683548 0.760585
0 0.777914 0.541627 0.0703816 0.799981
0 0.979147 0.550469 0.0416871 0.784664
0 0.849128 0.550149 0.0704772 0.793023
0 0.500766 0.527052 0.0684804 0.808901
0 0.0246236 0.501787 0.0492473 0.751033
0 0.290064 0.505442 0.0686145 0.801226
0 0.432469 0.521376 0.0686524 0.806592
0 0.708943 0.52911 0.0676989 0.7896
0 0.922438 0.560464 0.073079 0.78892
0 0.361724 0.511686 0.0707231 0.806585
0 0.570652 0.534779 0.0681527 0.792765
0 0.222543 0.51516 0.0683371 0.760836
0 0.0834634 0.506527 0.0698231 0.7694
0 0.638503 0.535428 0.0694365 0.794524
0 0.152592 0.508282 0.0683548 0.760585
0 0.777914 0.541627 0.0703816 0.799981
0 0.979147 0.550469 0.0416871 0.784664
0 0.849128 0.550149 0.0704772 0.793023
0 0.500766 0.527052 0.0684804 0.808901
0 0.0246236 0.501787 0.0492473 0.751033
