0 0.282942 0.699376 0.248924 0.49802
0 0.0939674 0.705579 0.136256 0.506261
0 0.914621 0.666952 0.163542 0.55498
0 0.631837 0.705214 0.139911 0.483545
0 0.282942 0.699376 0.248924 0.49802
0 0.0939674 0.705579 0.136256 0.506261
0 0.914621 0.666952 0.163542 0.55498
0 0.631837 0.705214 0.139911 0.483545
0 0.282942 0.699376 0.248924 0.49802
0 0.0939674 0.705579 0.136256 0.506261
0 0.914621 0.666952 0.163542 0.55498
0 0.631837 0.705214 0.139911 0.483545
0 0.924775 0.692937 0.144942 0.485978
0 0.629682 0.630994 0.136825 0.631294
0 0.766214 0.654147 0.139759 0.569898
0 0.490753 0.632618 0.143691 0.636249
0 0.282471 0.687405 0.246908 0.517577
0 0.0966538 0.701035 0.129541 0.478853
0 0.924775 0.692937 0.144942 0.485978
0 0.629682 0.630994 0.136825 0.631294
0 0.766214 0.654147 0.139759 0.569898
0 0.490753 0.632618 0.143691 0.636249
0 0.282471 0.687405 0.246908 0.517577
0 0.0966538 0.701035 0.129541 0.478853
0 0.65095 0.0758182 0.100476 0.151636
0 0.72631 0.0789673 0.053582 0.157935
0 0.21918 0.706334 0.388624 0.50762
0 0.924775 0.692937 0.144942 0.485978
0 0.629682 0.630994 0.136825 0.631294
0 0.766214 0.654147 0.139759 0.569898
0 0.490753 0.632618 0.143691 0.636249
0 0.282471 0.687405 0.246908 0.517577
0 0.0966538 0.701035 0.129541 0.478853
0 0.924775 0.692937 0.144942 0.485978
0 0.629682 0.630994 0.136825 0.631294
0 0.766214 0.654147 0.139759 0.569898
0 0.490753 0.632618 0.143691 0.636249
0 0.282471 0.687405 0.246908 0.517577
0 0.0966538 0.701035 0.129541 0.478853
