0 0.724458 0.601159 0.0981427 0.683863
0 0.253421 0.642238 0.100044 0.677941
0 0.348279 0.638395 0.094839 0.657063
0 0.536789 0.626286 0.0950237 0.656441
0 0.631731 0.609618 0.0952104 0.668196
0 0.923734 0.595927 0.0999049 0.663702
0 0.151574 0.633673 0.103072 0.727461
0 0.819871 0.579451 0.112756 0.713974
0 0.0577916 0.657322 0.100526 0.676199
0 0.44082 0.631415 0.0944966 0.665345
0 0.440886 0.631372 0.0949872 0.659259
0 0.724458 0.601159 0.0981427 0.683863
0 0.253421 0.642238 0.100044 0.677941
0 0.348279 0.638395 0.094839 0.657063
0 0.536789 0.626286 0.0950237 0.656441
0 0.631731 0.609618 0.0952104 0.668196
0 0.923734 0.595927 0.0999049 0.663702
0 0.151574 0.633673 0.103072 0.727461
0 0.819871 0.579451 0.112756 0.713974
0 0.0577916 0.657322 0.100526 0.676199
0 0.44082 0.631415 0.0944966 0.665345
0 0.440886 0.631372 0.0949872 0.659259
0 0.724458 0.601159 0.0981427 0.683863
0 0.253421 0.642238 0.100044 0.677941
0 0.348279 0.638395 0.094839 0.657063
0 0.536789 0.626286 0.0950237 0.656441
0 0.631731 0.609618 0.0952104 0.668196
0 0.923734 0.595927 0.0999049 0.663702
0 0.151574 0.633673 0.103072 0.727461
0 0.819871 0.579451 0.112756 0.713974
0 0.0577916 0.657322 0.100526 0.676199
0 0.44082 0.631415 0.0944966 0.665345
0 0.440886 0.631372 0.0949872 0.659259
0 0.828205 0.606131 0.10451 0.652221
0 0.0558433 0.660058 0.103033 0.679884
0 0.155085 0.660622 0.0991658 0.653777
0 0.727965 0.616987 0.0982756 0.637982
0 0.930344 0.603098 0.100172 0.638766
0 0.632455 0.631628 0.0973517 0.617138
0 0.537217 0.636775 0.0958659 0.626949
0 0.441494 0.634616 0.0973262 0.644416
0 0.34823 0.648039 0.0959767 0.627114
0 0.252501 0.656617 0.0987471 0.635068
0 0.988989 0.620198 0.0220214 0.617483
0 0.828205 0.606131 0.10451 0.652221
0 0.0558433 0.660058 0.103033 0.679884
0 0.155085 0.660622 0.0991658 0.653777
0 0.727965 0.616987 0.0982756 0.637982
0 0.930344 0.603098 0.100172 0.638766
0 0.632455 0.631628 0.0973517 0.617138
0 0.537217 0.636775 0.0958659 0.626949
0 0.441494 0.634616 0.0973262 0.644416
0 0.34823 0.648039 0.0959767 0.627114
0 0.252501 0.656617 0.0987471 0.635068
0 0.988989 0.620198 0.0220214 0.617483
0 0.828205 0.606131 0.10451 0.652221
0 0.0558433 0.660058 0.103033 0.679884
0 0.155085 0.660622 0.0991658 0.653777
0 0.727965 0.616987 0.0982756 0.637982
0 0.930344 0.603098 0.100172 0.638766
0 0.632455 0.631628 0.0973517 0.617138
0 0.537217 0.636775 0.0958659 0.626949
0 0.441494 0.634616 0.0973262 0.644416
0 0.34823 0.648039 0.0959767 0.627114
0 0.252501 0.656617 0.0987471 0.635068
0 0.988989 0.620198 0.0220214 0.617483
