0 0.858774 0.620327 0.282453 0.759346
0 0.212207 0.568517 0.371207 0.778685
0 0.560861 0.590851 0.354655 0.767818
0 0.858774 0.620327 0.282453 0.759346
0 0.212207 0.568517 0.371207 0.778685
0 0.560861 0.590851 0.354655 0.767818
0 0.858774 0.620327 0.282453 0.759346
0 0.212207 0.568517 0.371207 0.778685
0 0.560861 0.590851 0.354655 0.767818
0 0.571747 0.643041 0.35088 0.688579
0 0.208948 0.647586 0.366778 0.622933
0 0.859779 0.697298 0.271655 0.605405
0 0.571747 0.643041 0.35088 0.688579
0 0.208948 0.647586 0.366778 0.622933
0 0.859779 0.697298 0.271655 0.605405
0 0.860571 0.688251 0.27542 0.623499
0 0.571747 0.643041 0.35088 0.688579
0 0.208948 0.647586 0.366778 0.622933
0 0.859779 0.697298 0.271655 0.605405
0 0.571747 0.643041 0.35088 0.688579
0 0.208948 0.647586 0.366778 0.622933
0 0.859779 0.697298 0.271655 0.605405
