0 0.17962 0.646927 0.162355 0.455036
0 0.887543 0.704481 0.161496 0.57192
0 0.619645 0.655111 0.161295 0.549449
0 0.43784 0.625424 0.235622 0.58313
0 0.755588 0.689432 0.149584 0.551804
0 0.29721 0.616229 0.141814 0.574559
0 0.0594824 0.62994 0.118965 0.450591
0 0.17962 0.646927 0.162355 0.455036
0 0.887543 0.704481 0.161496 0.57192
0 0.619645 0.655111 0.161295 0.549449
0 0.43784 0.625424 0.235622 0.58313
0 0.755588 0.689432 0.149584 0.551804
0 0.29721 0.616229 0.141814 0.574559
0 0.0594824 0.62994 0.118965 0.450591
0 0.17962 0.646927 0.162355 0.455036
0 0.887543 0.704481 0.161496 0.57192
0 0.619645 0.655111 0.161295 0.549449
0 0.43784 0.625424 0.235622 0.58313
0 0.755588 0.689432 0.149584 0.551804
0 0.29721 0.616229 0.141814 0.574559
0 0.0594824 0.62994 0.118965 0.450591
0 0.17796 0.649572 0.152928 0.438458
0 0.61972 0.671309 0.147092 0.551803
0 0.0579944 0.627954 0.114423 0.442567
0 0.88527 0.709841 0.148402 0.551175
0 0.298398 0.624565 0.118444 0.517135
0 0.755051 0.687975 0.137851 0.547299
0 0.754104 0.687435 0.137303 0.544936
0 0.442053 0.618691 0.20909 0.549121
0 0.17796 0.649572 0.152928 0.438458
0 0.61972 0.671309 0.147092 0.551803
0 0.0579944 0.627954 0.114423 0.442567
0 0.88527 0.709841 0.148402 0.551175
0 0.298398 0.624565 0.118444 0.517135
0 0.755051 0.687975 0.137851 0.547299
0 0.754104 0.687435 0.137303 0.544936
0 0.442053 0.618691 0.20909 0.549121
0 0.408301 0.622241 0.138278 0.553349
0 0.442397 0.62312 0.200446 0.544824
0 0.17796 0.649572 0.152928 0.438458
0 0.61972 0.671309 0.147092 0.551803
0 0.0579944 0.627954 0.114423 0.442567
0 0.88527 0.709841 0.148402 0.551175
0 0.298398 0.624565 0.118444 0.517135
0 0.755051 0.687975 0.137851 0.547299
0 0.754104 0.687435 0.137303 0.544936
0 0.442053 0.618691 0.20909 0.549121
