0 0.826558 0.579824 0.34605 0.805562
0 0.505679 0.505051 0.476706 0.957147
0 0.173704 0.47081 0.347409 0.865989
0 0.826558 0.579824 0.34605 0.805562
0 0.505679 0.505051 0.476706 0.957147
0 0.173704 0.47081 0.347409 0.865989
0 0.826558 0.579824 0.34605 0.805562
0 0.505679 0.505051 0.476706 0.957147
0 0.173704 0.47081 0.347409 0.865989
0 0.514284 0.509937 0.442099 0.934604
0 0.165534 0.485286 0.331068 0.856083
0 0.835456 0.601607 0.327932 0.791626
0 0.514284 0.509937 0.442099 0.934604
0 0.165534 0.485286 0.331068 0.856083
0 0.835456 0.601607 0.327932 0.791626
0 0.514284 0.509937 0.442099 0.934604
0 0.165534 0.485286 0.331068 0.856083
0 0.835456 0.601607 0.327932 0.791626
0 0.514284 0.509937 0.442099 0.934604
0 0.165534 0.485286 0.331068 0.856083
0 0.835456 0.601607 0.327932 0.791626
