0 0.101428 0.616657 0.171612 0.749241
0 0.530951 0.652102 0.129855 0.641642
0 0.247107 0.521447 0.141416 0.935389
0 0.396209 0.645221 0.1193 0.666839
0 0.679823 0.46885 0.121848 0.293476
0 0.678794 0.636097 0.131555 0.670068
0 0.806229 0.613587 0.129689 0.64235
0 0.950428 0.702136 0.0946464 0.473677
0 0.807147 0.617253 0.130167 0.636721
0 0.101428 0.616657 0.171612 0.749241
0 0.530951 0.652102 0.129855 0.641642
0 0.247107 0.521447 0.141416 0.935389
0 0.396209 0.645221 0.1193 0.666839
0 0.679823 0.46885 0.121848 0.293476
0 0.678794 0.636097 0.131555 0.670068
0 0.806229 0.613587 0.129689 0.64235
0 0.950428 0.702136 0.0946464 0.473677
0 0.807147 0.617253 0.130167 0.636721
0 0.101428 0.616657 0.171612 0.749241
0 0.530951 0.652102 0.129855 0.641642
0 0.247107 0.521447 0.141416 0.935389
0 0.396209 0.645221 0.1193 0.666839
0 0.679823 0.46885 0.121848 0.293476
0 0.678794 0.636097 0.131555 0.670068
0 0.806229 0.613587 0.129689 0.64235
0 0.950428 0.702136 0.0946464 0.473677
0 0.807147 0.617253 0.130167 0.636721
0 0.805102 0.625645 0.127247 0.652146
0 0.249132 0.54302 0.140171 0.884367
0 0.397751 0.65229 0.124624 0.655851
0 0.534167 0.65665 0.138323 0.639464
0 0.103775 0.618209 0.173994 0.750451
0 0.681186 0.642179 0.132109 0.658675
0 0.680349 0.641158 0.131264 0.649199
0 0.103696 0.619404 0.17224 0.739527
0 0.805102 0.625645 0.127247 0.652146
0 0.249132 0.54302 0.140171 0.884367
0 0.397751 0.65229 0.124624 0.655851
0 0.534167 0.65665 0.138323 0.639464
0 0.103775 0.618209 0.173994 0.750451
0 0.681186 0.642179 0.132109 0.658675
0 0.680349 0.641158 0.131264 0.649199
0 0.103696 0.619404 0.17224 0.739527
0 0.875576 0.764415 0.068485 0.346957
0 0.805102 0.625645 0.127247 0.652146
0 0.249132 0.54302 0.140171 0.884367
0 0.397751 0.65229 0.124624 0.655851
0 0.534167 0.65665 0.138323 0.639464
0 0.103775 0.618209 0.173994 0.750451
0 0.681186 0.642179 0.132109 0.658675
0 0.680349 0.641158 0.131264 0.649199
0 0.103696 0.619404 0.17224 0.739527
0 0.805102 0.625645 0.127247 0.652146
0 0.249132 0.54302 0.140171 0.884367
0 0.397751 0.65229 0.124624 0.655851
0 0.534167 0.65665 0.138323 0.639464
0 0.103775 0.618209 0.173994 0.750451
0 0.681186 0.642179 0.132109 0.658675
0 0.680349 0.641158 0.131264 0.649199
0 0.103696 0.619404 0.17224 0.739527
