0 0.351994 0.496592 0.464306 0.878311
0 0.824105 0.397406 0.347048 0.678937
0 0.822712 0.395201 0.345654 0.69077
0 0.351994 0.496592 0.464306 0.878311
0 0.824105 0.397406 0.347048 0.678937
0 0.822712 0.395201 0.345654 0.69077
0 0.351994 0.496592 0.464306 0.878311
0 0.824105 0.397406 0.347048 0.678937
0 0.822712 0.395201 0.345654 0.69077
0 0.362914 0.498091 0.445321 0.87954
0 0.831708 0.373837 0.335402 0.742933
0 0.362914 0.498091 0.445321 0.87954
0 0.831708 0.373837 0.335402 0.742933
0 0.362914 0.498091 0.445321 0.87954
0 0.831708 0.373837 0.335402 0.742933
0 0.362914 0.498091 0.445321 0.87954
0 0.831708 0.373837 0.335402 0.742933
