0 0.375993 0.720392 0.214687 0.41142
0 0.375993 0.720392 0.214687 0.41142
0 0.375993 0.720392 0.214687 0.41142
0 0.377658 0.713008 0.211432 0.462122
0 0.144823 0.714423 0.217827 0.38555
0 0.842582 0.662906 0.213769 0.3716
0 0.377658 0.713008 0.211432 0.462122
0 0.144823 0.714423 0.217827 0.38555
0 0.842582 0.662906 0.213769 0.3716
0 0.609518 0.716762 0.222365 0.421128
0 0.377658 0.713008 0.211432 0.462122
0 0.144823 0.714423 0.217827 0.38555
0 0.842582 0.662906 0.213769 0.3716
0 0.377658 0.713008 0.211432 0.462122
0 0.144823 0.714423 0.217827 0.38555
0 0.842582 0.662906 0.213769 0.3716
