0 0.400622 0.64808 0.0950819 0.610831
0 0.212794 0.512449 0.123541 0.901079
0 0.308986 0.515127 0.109324 0.87374
0 0.489254 0.657067 0.101263 0.61387
0 0.577935 0.515786 0.108379 0.918482
0 0.85336 0.509174 0.10457 0.921523
0 0.761519 0.513717 0.107356 0.949574
0 0.667399 0.512864 0.107316 0.927938
0 0.0717842 0.489908 0.143459 0.893587
0 0.946123 0.513048 0.102836 0.931814
0 0.400622 0.64808 0.0950819 0.610831
0 0.212794 0.512449 0.123541 0.901079
0 0.308986 0.515127 0.109324 0.87374
0 0.489254 0.657067 0.101263 0.61387
0 0.577935 0.515786 0.108379 0.918482
0 0.85336 0.509174 0.10457 0.921523
0 0.761519 0.513717 0.107356 0.949574
0 0.667399 0.512864 0.107316 0.927938
0 0.0717842 0.489908 0.143459 0.893587
0 0.946123 0.513048 0.102836 0.931814
0 0.400622 0.64808 0.0950819 0.610831
0 0.212794 0.512449 0.123541 0.901079
0 0.308986 0.515127 0.109324 0.87374
0 0.489254 0.657067 0.101263 0.61387
0 0.577935 0.515786 0.108379 0.918482
0 0.85336 0.509174 0.10457 0.921523
0 0.761519 0.513717 0.107356 0.949574
0 0.667399 0.512864 0.107316 0.927938
0 0.0717842 0.489908 0.143459 0.893587
0 0.946123 0.513048 0.102836 0.931814
0 0.484318 0.529961 0.10374 0.892971
0 0.761764 0.510204 0.108182 0.937818
0 0.396299 0.520266 0.0980994 0.871416
0 0.666947 0.504598 0.108641 0.939508
0 0.57583 0.516501 0.109723 0.927382
0 0.308853 0.507388 0.105639 0.891192
0 0.854753 0.504202 0.101095 0.909205
0 0.0379036 0.522179 0.0758072 0.829079
0 0.949701 0.518842 0.100598 0.910385
0 0.212449 0.510057 0.122989 0.903608
0 0.484318 0.529961 0.10374 0.892971
0 0.761764 0.510204 0.108182 0.937818
0 0.396299 0.520266 0.0980994 0.871416
0 0.666947 0.504598 0.108641 0.939508
0 0.57583 0.516501 0.109723 0.927382
0 0.308853 0.507388 0.105639 0.891192
0 0.854753 0.504202 0.101095 0.909205
0 0.0379036 0.522179 0.0758072 0.829079
0 0.949701 0.518842 0.100598 0.910385
0 0.212449 0.510057 0.122989 0.903608
0 0.212589 0.511947 0.122607 0.911587
0 0.484318 0.529961 0.10374 0.892971
0 0.761764 0.510204 0.108182 0.937818
0 0.396299 0.520266 0.0980994 0.871416
0 0.666947 0.504598 0.108641 0.939508
0 0.57583 0.516501 0.109723 0.927382
0 0.308853 0.507388 0.105639 0.891192
0 0.854753 0.504202 0.101095 0.909205
0 0.0379036 0.522179 0.0758072 0.829079
0 0.949701 0.518842 0.100598 0.910385
0 0.212449 0.510057 0.122989 0.903608
0 0.484318 0.529961 0.10374 0.892971
0 0.761764 0.510204 0.108182 0.937818
0 0.396299 0.520266 0.0980994 0.871416
0 0.666947 0.504598 0.108641 0.939508
0 0.57583 0.516501 0.109723 0.927382
0 0.308853 0.507388 0.105639 0.891192
0 0.854753 0.504202 0.101095 0.909205
0 0.0379036 0.522179 0.0758072 0.829079
0 0.949701 0.518842 0.100598 0.910385
0 0.212449 0.510057 0.122989 0.903608
