0 0.348526 0.592888 0.12925 0.660942
0 0.455632 0.563097 0.124758 0.661165
0 0.110746 0.641418 0.148562 0.681819
0 0.710391 0.476254 0.182872 0.652139
0 0.87967 0.388136 0.17716 0.568265
0 0.231119 0.616522 0.133157 0.668199
0 0.566899 0.513375 0.126603 0.684147
0 0.230283 0.614761 0.137422 0.662511
0 0.348526 0.592888 0.12925 0.660942
0 0.455632 0.563097 0.124758 0.661165
0 0.110746 0.641418 0.148562 0.681819
0 0.710391 0.476254 0.182872 0.652139
0 0.87967 0.388136 0.17716 0.568265
0 0.231119 0.616522 0.133157 0.668199
0 0.566899 0.513375 0.126603 0.684147
0 0.230283 0.614761 0.137422 0.662511
0 0.348526 0.592888 0.12925 0.660942
0 0.455632 0.563097 0.124758 0.661165
0 0.110746 0.641418 0.148562 0.681819
0 0.710391 0.476254 0.182872 0.652139
0 0.87967 0.388136 0.17716 0.568265
0 0.231119 0.616522 0.133157 0.668199
0 0.566899 0.513375 0.126603 0.684147
0 0.230283 0.614761 0.137422 0.662511
0 0.712152 0.477964 0.17671 0.636596
0 0.879539 0.398671 0.174333 0.573678
0 0.234445 0.615641 0.133137 0.669149
0 0.45801 0.562377 0.123877 0.645671
0 0.567756 0.508767 0.127426 0.663712
0 0.112251 0.639491 0.148726 0.706234
0 0.348606 0.589145 0.127281 0.647739
0 0.712152 0.477964 0.17671 0.636596
0 0.879539 0.398671 0.174333 0.573678
0 0.234445 0.615641 0.133137 0.669149
0 0.45801 0.562377 0.123877 0.645671
0 0.567756 0.508767 0.127426 0.663712
0 0.112251 0.639491 0.148726 0.706234
0 0.348606 0.589145 0.127281 0.647739
0 0.0228481 0.594145 0.0456961 0.697409
0 0.712152 0.477964 0.17671 0.636596
0 0.879539 0.398671 0.174333 0.573678
0 0.234445 0.615641 0.133137 0.669149
0 0.45801 0.562377 0.123877 0.645671
0 0.567756 0.508767 0.127426 0.663712
0 0.112251 0.639491 0.148726 0.706234
0 0.348606 0.589145 0.127281 0.647739
