0 0.785879 0.608072 0.424806 0.520694
0 0.106227 0.518541 0.212455 0.888271
0 0.386914 0.494048 0.386365 0.936303
0 0.916949 0.88847 0.161774 0.223061
0 0.785879 0.608072 0.424806 0.520694
0 0.106227 0.518541 0.212455 0.888271
0 0.386914 0.494048 0.386365 0.936303
0 0.916949 0.88847 0.161774 0.223061
0 0.785879 0.608072 0.424806 0.520694
0 0.106227 0.518541 0.212455 0.888271
0 0.386914 0.494048 0.386365 0.936303
0 0.916949 0.88847 0.161774 0.223061
0 0.102674 0.542603 0.191875 0.904791
0 0.432728 0.481594 0.278404 0.875527
0 0.788917 0.552514 0.422167 0.607891
0 0.102674 0.542603 0.191875 0.904791
0 0.432728 0.481594 0.278404 0.875527
0 0.788917 0.552514 0.422167 0.607891
0 0.252896 0.505767 0.121876 0.904426
0 0.102674 0.542603 0.191875 0.904791
0 0.432728 0.481594 0.278404 0.875527
0 0.788917 0.552514 0.422167 0.607891
0 0.102674 0.542603 0.191875 0.904791
0 0.432728 0.481594 0.278404 0.875527
0 0.788917 0.552514 0.422167 0.607891
