0 0.214206 0.669532 0.24055 0.592724
0 0.766926 0.523178 0.252214 0.402043
0 0.441285 0.536057 0.230986 0.486845
0 0.442049 0.541933 0.231864 0.474135
0 0.214206 0.669532 0.24055 0.592724
0 0.766926 0.523178 0.252214 0.402043
0 0.441285 0.536057 0.230986 0.486845
0 0.442049 0.541933 0.231864 0.474135
0 0.214206 0.669532 0.24055 0.592724
0 0.766926 0.523178 0.252214 0.402043
0 0.441285 0.536057 0.230986 0.486845
0 0.442049 0.541933 0.231864 0.474135
0 0.767598 0.52234 0.256153 0.429594
0 0.214987 0.674327 0.240459 0.613969
0 0.444902 0.557993 0.226282 0.437602
0 0.767598 0.52234 0.256153 0.429594
0 0.214987 0.674327 0.240459 0.613969
0 0.444902 0.557993 0.226282 0.437602
0 0.767598 0.52234 0.256153 0.429594
0 0.214987 0.674327 0.240459 0.613969
0 0.444902 0.557993 0.226282 0.437602
0 0.767598 0.52234 0.256153 0.429594
0 0.214987 0.674327 0.240459 0.613969
0 0.444902 0.557993 0.226282 0.437602
