0 0.912259 0.716753 0.0534437 0.561776
0 0.857909 0.708753 0.0561715 0.567635
0 0.188357 0.648811 0.0563541 0.644011
0 0.567202 0.657134 0.051551 0.671141
0 0.28005 0.618718 0.0563123 0.567154
0 0.61655 0.657883 0.052098 0.638996
0 0.23585 0.631107 0.0446262 0.620234
0 0.961142 0.712342 0.0488163 0.552148
0 0.712688 0.575146 0.0476673 0.465649
0 0.027308 0.533985 0.0539502 0.804646
0 0.516239 0.571405 0.0594802 0.853106
0 0.664819 0.662823 0.0504579 0.653234
0 0.664894 0.659366 0.0503365 0.635859
0 0.458543 0.573419 0.0614126 0.828811
0 0.805928 0.668985 0.0514884 0.631248
0 0.805818 0.674788 0.0502083 0.635771
0 0.0779015 0.515912 0.0588764 0.869198
0 0.912259 0.716753 0.0534437 0.561776
0 0.857909 0.708753 0.0561715 0.567635
0 0.188357 0.648811 0.0563541 0.644011
0 0.567202 0.657134 0.051551 0.671141
0 0.28005 0.618718 0.0563123 0.567154
0 0.61655 0.657883 0.052098 0.638996
0 0.23585 0.631107 0.0446262 0.620234
0 0.961142 0.712342 0.0488163 0.552148
0 0.712688 0.575146 0.0476673 0.465649
0 0.027308 0.533985 0.0539502 0.804646
0 0.516239 0.571405 0.0594802 0.853106
0 0.664819 0.662823 0.0504579 0.653234
0 0.664894 0.659366 0.0503365 0.635859
0 0.458543 0.573419 0.0614126 0.828811
0 0.805928 0.668985 0.0514884 0.631248
0 0.805818 0.674788 0.0502083 0.635771
0 0.0779015 0.515912 0.0588764 0.869198
0 0.912259 0.716753 0.0534437 0.561776
0 0.857909 0.708753 0.0561715 0.567635
0 0.188357 0.648811 0.0563541 0.644011
0 0.567202 0.657134 0.051551 0.671141
0 0.28005 0.618718 0.0563123 0.567154
0 0.61655 0.657883 0.052098 0.638996
0 0.23585 0.631107 0.0446262 0.620234
0 0.961142 0.712342 0.0488163 0.552148
0 0.712688 0.575146 0.0476673 0.465649
0 0.027308 0.533985 0.0539502 0.804646
0 0.516239 0.571405 0.0594802 0.853106
0 0.664819 0.662823 0.0504579 0.653234
0 0.664894 0.659366 0.0503365 0.635859
0 0.458543 0.573419 0.0614126 0.828811
0 0.805928 0.668985 0.0514884 0.631248
0 0.805818 0.674788 0.0502083 0.635771
0 0.0779015 0.515912 0.0588764 0.869198
0 0.616532 0.657242 0.0510806 0.634586
0 0.665679 0.663944 0.0494208 0.634481
0 0.912188 0.7126 0.0548335 0.5748
0 0.458556 0.57647 0.0610212 0.817902
0 0.712862 0.664116 0.0473937 0.62097
0 0.9616 0.720526 0.0472117 0.556731
0 0.857669 0.710302 0.0564406 0.572276
0 0.0270468 0.563294 0.0529542 0.7716
0 0.805633 0.671492 0.0502969 0.619703
0 0.23526 0.668843 0.0442016 0.583058
0 0.568348 0.657555 0.0471668 0.664318
0 0.0794682 0.564882 0.0577472 0.770648
0 0.757666 0.666393 0.0478403 0.623401
0 0.278945 0.576055 0.0523716 0.716233
0 0.188309 0.692349 0.0524105 0.552175
0 0.516924 0.580603 0.0585719 0.818136
0 0.0786741 0.79356 0.0560497 0.296574
0 0.11264 0.58589 0.0581415 0.731263
0 0.616532 0.657242 0.0510806 0.634586
0 0.665679 0.663944 0.0494208 0.634481
0 0.912188 0.7126 0.0548335 0.5748
0 0.458556 0.57647 0.0610212 0.817902
0 0.712862 0.664116 0.0473937 0.62097
0 0.9616 0.720526 0.0472117 0.556731
0 0.857669 0.710302 0.0564406 0.572276
0 0.0270468 0.563294 0.0529542 0.7716
0 0.805633 0.671492 0.0502969 0.619703
0 0.23526 0.668843 0.0442016 0.583058
0 0.568348 0.657555 0.0471668 0.664318
0 0.0794682 0.564882 0.0577472 0.770648
0 0.757666 0.666393 0.0478403 0.623401
0 0.278945 0.576055 0.0523716 0.716233
0 0.188309 0.692349 0.0524105 0.552175
0 0.516924 0.580603 0.0585719 0.818136
0 0.0786741 0.79356 0.0560497 0.296574
0 0.11264 0.58589 0.0581415 0.731263
0 0.187899 0.669893 0.0535929 0.598983
0 0.616532 0.657242 0.0510806 0.634586
0 0.665679 0.663944 0.0494208 0.634481
0 0.912188 0.7126 0.0548335 0.5748
0 0.458556 0.57647 0.0610212 0.817902
0 0.712862 0.664116 0.0473937 0.62097
0 0.9616 0.720526 0.0472117 0.556731
0 0.857669 0.710302 0.0564406 0.572276
0 0.0270468 0.563294 0.0529542 0.7716
0 0.805633 0.671492 0.0502969 0.619703
0 0.23526 0.668843 0.0442016 0.583058
0 0.568348 0.657555 0.0471668 0.664318
0 0.0794682 0.564882 0.0577472 0.770648
0 0.757666 0.666393 0.0478403 0.623401
0 0.278945 0.576055 0.0523716 0.716233
0 0.188309 0.692349 0.0524105 0.552175
0 0.516924 0.580603 0.0585719 0.818136
0 0.0786741 0.79356 0.0560497 0.296574
0 0.11264 0.58589 0.0581415 0.731263
