0 0.634686 0.572592 0.312467 0.819897
0 0.286264 0.54769 0.360579 0.830221
0 0.0873613 0.579344 0.174723 0.781652
0 0.876646 0.480152 0.204431 0.960305
0 0.634686 0.572592 0.312467 0.819897
0 0.286264 0.54769 0.360579 0.830221
0 0.0873613 0.579344 0.174723 0.781652
0 0.876646 0.480152 0.204431 0.960305
0 0.634686 0.572592 0.312467 0.819897
0 0.286264 0.54769 0.360579 0.830221
0 0.0873613 0.579344 0.174723 0.781652
0 0.876646 0.480152 0.204431 0.960305
0 0.628549 0.580289 0.309572 0.829507
0 0.0862239 0.603804 0.170431 0.751139
0 0.295774 0.431084 0.311142 0.576808
0 0.628549 0.580289 0.309572 0.829507
0 0.0862239 0.603804 0.170431 0.751139
0 0.295774 0.431084 0.311142 0.576808
0 0.879995 0.315957 0.19106 0.631913
0 0.628549 0.580289 0.309572 0.829507
0 0.0862239 0.603804 0.170431 0.751139
0 0.295774 0.431084 0.311142 0.576808
0 0.628549 0.580289 0.309572 0.829507
0 0.0862239 0.603804 0.170431 0.751139
0 0.295774 0.431084 0.311142 0.576808
