0 0.735473 0.585584 0.214565 0.777797
0 0.318591 0.570572 0.219443 0.794387
0 0.113757 0.571072 0.214376 0.790758
0 0.530014 0.567549 0.213624 0.801704
0 0.913725 0.576672 0.155309 0.783882
0 0.735473 0.585584 0.214565 0.777797
0 0.318591 0.570572 0.219443 0.794387
0 0.113757 0.571072 0.214376 0.790758
0 0.530014 0.567549 0.213624 0.801704
0 0.913725 0.576672 0.155309 0.783882
0 0.735473 0.585584 0.214565 0.777797
0 0.318591 0.570572 0.219443 0.794387
0 0.113757 0.571072 0.214376 0.790758
0 0.530014 0.567549 0.213624 0.801704
0 0.913725 0.576672 0.155309 0.783882
0 0.321524 0.583773 0.214808 0.792329
0 0.532587 0.578383 0.210358 0.795481
0 0.738538 0.586239 0.216334 0.779088
0 0.116534 0.586109 0.208585 0.784925
0 0.91429 0.584589 0.154732 0.772211
0 0.321524 0.583773 0.214808 0.792329
0 0.532587 0.578383 0.210358 0.795481
0 0.738538 0.586239 0.216334 0.779088
0 0.116534 0.586109 0.208585 0.784925
0 0.91429 0.584589 0.154732 0.772211
0 0.321524 0.583773 0.214808 0.792329
0 0.532587 0.578383 0.210358 0.795481
0 0.738538 0.586239 0.216334 0.779088
0 0.116534 0.586109 0.208585 0.784925
0 0.91429 0.584589 0.154732 0.772211
0 0.321524 0.583773 0.214808 0.792329
0 0.532587 0.578383 0.210358 0.795481
0 0.738538 0.586239 0.216334 0.779088
0 0.116534 0.586109 0.208585 0.784925
0 0.91429 0.584589 0.154732 0.772211
