0 0.847579 0.553595 0.135518 0.637469
0 0.326868 0.541229 0.154264 0.341712
0 0.954626 0.56261 0.0861301 0.672196
0 0.727287 0.360312 0.12504 0.58369
0 0.847579 0.553595 0.135518 0.637469
0 0.326868 0.541229 0.154264 0.341712
0 0.954626 0.56261 0.0861301 0.672196
0 0.727287 0.360312 0.12504 0.58369
0 0.847579 0.553595 0.135518 0.637469
0 0.326868 0.541229 0.154264 0.341712
0 0.954626 0.56261 0.0861301 0.672196
0 0.727287 0.360312 0.12504 0.58369
0 0.956742 0.551723 0.0865155 0.670716
0 0.847646 0.54937 0.134295 0.63512
0 0.184004 0.438749 0.151406 0.853739
0 0.593063 0.455615 0.141014 0.861562
0 0.713999 0.617318 0.122934 0.516157
0 0.328008 0.547654 0.153333 0.351991
0 0.720437 0.45414 0.130095 0.87174
0 0.184249 0.435857 0.149205 0.85064
0 0.956742 0.551723 0.0865155 0.670716
0 0.847646 0.54937 0.134295 0.63512
0 0.184004 0.438749 0.151406 0.853739
0 0.593063 0.455615 0.141014 0.861562
0 0.713999 0.617318 0.122934 0.516157
0 0.328008 0.547654 0.153333 0.351991
0 0.720437 0.45414 0.130095 0.87174
0 0.184249 0.435857 0.149205 0.85064
0 0.591848 0.463227 0.131616 0.85135
0 0.0603453 0.490223 0.117777 0.920277
