0 0.782121 0.543265 0.406247 0.688343
0 0.359089 0.583138 0.385541 0.596831
0 0.357634 0.594614 0.375424 0.539697
0 0.782121 0.543265 0.406247 0.688343
0 0.359089 0.583138 0.385541 0.596831
0 0.357634 0.594614 0.375424 0.539697
0 0.782121 0.543265 0.406247 0.688343
0 0.359089 0.583138 0.385541 0.596831
0 0.357634 0.594614 0.375424 0.539697
0 0.788993 0.48589 0.403726 0.827361
0 0.372523 0.503835 0.408625 0.796296
0 0.0819074 0.553218 0.163815 0.71649
0 0.788993 0.48589 0.403726 0.827361
0 0.372523 0.503835 0.408625 0.796296
0 0.0819074 0.553218 0.163815 0.71649
0 0.788993 0.48589 0.403726 0.827361
0 0.372523 0.503835 0.408625 0.796296
0 0.0819074 0.553218 0.163815 0.71649
0 0.788993 0.48589 0.403726 0.827361
0 0.372523 0.503835 0.408625 0.796296
0 0.0819074 0.553218 0.163815 0.71649
