0 0.651269 0.684596 0.103472 0.563445
0 0.321808 0.206439 0.0611896 0.412758
0 0.560058 0.704299 0.0877106 0.538594
0 0.558741 0.19894 0.0880282 0.39788
0 0.291002 0.692701 0.119534 0.554707
0 0.386507 0.801647 0.0742663 0.327344
0 0.675638 0.201537 0.0843424 0.403075
0 0.495755 0.69212 0.0413322 0.549226
0 0.651269 0.684596 0.103472 0.563445
0 0.321808 0.206439 0.0611896 0.412758
0 0.560058 0.704299 0.0877106 0.538594
0 0.558741 0.19894 0.0880282 0.39788
0 0.291002 0.692701 0.119534 0.554707
0 0.386507 0.801647 0.0742663 0.327344
0 0.675638 0.201537 0.0843424 0.403075
0 0.495755 0.69212 0.0413322 0.549226
0 0.651269 0.684596 0.103472 0.563445
0 0.321808 0.206439 0.0611896 0.412758
0 0.560058 0.704299 0.0877106 0.538594
0 0.558741 0.19894 0.0880282 0.39788
0 0.291002 0.692701 0.119534 0.554707
0 0.386507 0.801647 0.0742663 0.327344
0 0.675638 0.201537 0.0843424 0.403075
0 0.495755 0.69212 0.0413322 0.549226
0 0.557827 0.699075 0.0898568 0.546794
0 0.292323 0.6856 0.11996 0.569535
0 0.320496 0.205868 0.0575215 0.409878
0 0.383661 0.204141 0.0735906 0.408282
0 0.65046 0.685919 0.103627 0.565845
0 0.855666 0.666359 0.252567 0.641622
0 0.411317 0.692344 0.131753 0.561633
0 0.650671 0.685077 0.103168 0.563776
0 0.446398 0.196595 0.0496379 0.392462
0 0.113195 0.684014 0.158176 0.596029
0 0.557827 0.699075 0.0898568 0.546794
0 0.292323 0.6856 0.11996 0.569535
0 0.320496 0.205868 0.0575215 0.409878
0 0.383661 0.204141 0.0735906 0.408282
0 0.65046 0.685919 0.103627 0.565845
0 0.855666 0.666359 0.252567 0.641622
0 0.411317 0.692344 0.131753 0.561633
0 0.650671 0.685077 0.103168 0.563776
0 0.446398 0.196595 0.0496379 0.392462
0 0.113195 0.684014 0.158176 0.596029
0 0.389399 0.688216 0.0853427 0.557718
0 0.451273 0.687034 0.0574482 0.547566
0 0.493544 0.687016 0.0344224 0.558898
0 0.21189 0.691316 0.0520086 0.564285
0 0.00890133 0.687799 0.0178027 0.565509
0 0.445648 0.200494 0.0490332 0.400987
0 0.988241 0.605111 0.0235171 0.735341
0 0.557827 0.699075 0.0898568 0.546794
0 0.292323 0.6856 0.11996 0.569535
0 0.320496 0.205868 0.0575215 0.409878
0 0.383661 0.204141 0.0735906 0.408282
0 0.65046 0.685919 0.103627 0.565845
0 0.855666 0.666359 0.252567 0.641622
0 0.411317 0.692344 0.131753 0.561633
0 0.650671 0.685077 0.103168 0.563776
0 0.446398 0.196595 0.0496379 0.392462
0 0.113195 0.684014 0.158176 0.596029
0 0.557827 0.699075 0.0898568 0.546794
0 0.292323 0.6856 0.11996 0.569535
0 0.320496 0.205868 0.0575215 0.409878
0 0.383661 0.204141 0.0735906 0.408282
0 0.65046 0.685919 0.103627 0.565845
0 0.855666 0.666359 0.252567 0.641622
0 0.411317 0.692344 0.131753 0.561633
0 0.650671 0.685077 0.103168 0.563776
0 0.446398 0.196595 0.0496379 0.392462
0 0.113195 0.684014 0.158176 0.596029
