0 0.639252 0.502416 0.239849 0.77403
0 0.447504 0.509056 0.20916 0.844522
0 0.824482 0.480855 0.216816 0.759281
0 0.25523 0.532772 0.247075 0.918061
0 0.94687 0.5008 0.106259 0.721696
0 0.0929572 0.534301 0.185914 0.931397
0 0.639252 0.502416 0.239849 0.77403
0 0.447504 0.509056 0.20916 0.844522
0 0.824482 0.480855 0.216816 0.759281
0 0.25523 0.532772 0.247075 0.918061
0 0.94687 0.5008 0.106259 0.721696
0 0.0929572 0.534301 0.185914 0.931397
0 0.639252 0.502416 0.239849 0.77403
0 0.447504 0.509056 0.20916 0.844522
0 0.824482 0.480855 0.216816 0.759281
0 0.25523 0.532772 0.247075 0.918061
0 0.94687 0.5008 0.106259 0.721696
0 0.0929572 0.534301 0.185914 0.931397
0 0.632206 0.502057 0.214476 0.750527
0 0.259468 0.532924 0.218294 0.889742
0 0.823262 0.479745 0.197238 0.742403
0 0.0873593 0.529848 0.167124 0.891264
0 0.445178 0.528845 0.186257 0.780931
0 0.954186 0.489013 0.0916273 0.676539
0 0.632206 0.502057 0.214476 0.750527
0 0.259468 0.532924 0.218294 0.889742
0 0.823262 0.479745 0.197238 0.742403
0 0.0873593 0.529848 0.167124 0.891264
0 0.445178 0.528845 0.186257 0.780931
0 0.954186 0.489013 0.0916273 0.676539
0 0.948634 0.496925 0.102732 0.700633
0 0.632206 0.502057 0.214476 0.750527
0 0.259468 0.532924 0.218294 0.889742
0 0.823262 0.479745 0.197238 0.742403
0 0.0873593 0.529848 0.167124 0.891264
0 0.445178 0.528845 0.186257 0.780931
0 0.954186 0.489013 0.0916273 0.676539
