0 0.597878 0.672354 0.235397 0.633746
0 0.366835 0.770714 0.221083 0.436613
0 0.141695 0.765459 0.22242 0.440382
0 0.83862 0.655277 0.235558 0.678945
0 0.597878 0.672354 0.235397 0.633746
0 0.366835 0.770714 0.221083 0.436613
0 0.141695 0.765459 0.22242 0.440382
0 0.83862 0.655277 0.235558 0.678945
0 0.597878 0.672354 0.235397 0.633746
0 0.366835 0.770714 0.221083 0.436613
0 0.141695 0.765459 0.22242 0.440382
0 0.83862 0.655277 0.235558 0.678945
0 0.598788 0.674298 0.218306 0.639308
0 0.840737 0.660925 0.222879 0.677029
0 0.367153 0.664806 0.22579 0.66812
0 0.146295 0.66347 0.234805 0.659756
0 0.598788 0.674298 0.218306 0.639308
0 0.840737 0.660925 0.222879 0.677029
0 0.367153 0.664806 0.22579 0.66812
0 0.146295 0.66347 0.234805 0.659756
0 0.598788 0.674298 0.218306 0.639308
0 0.840737 0.660925 0.222879 0.677029
0 0.367153 0.664806 0.22579 0.66812
0 0.146295 0.66347 0.234805 0.659756
0 0.598788 0.674298 0.218306 0.639308
0 0.840737 0.660925 0.222879 0.677029
0 0.367153 0.664806 0.22579 0.66812
0 0.146295 0.66347 0.234805 0.659756
