0 0.191789 0.463309 0.322684 0.636132
0 0.51127 0.556008 0.277666 0.505224
0 0.803557 0.607736 0.276178 0.598354
0 0.191789 0.463309 0.322684 0.636132
0 0.51127 0.556008 0.277666 0.505224
0 0.803557 0.607736 0.276178 0.598354
0 0.191789 0.463309 0.322684 0.636132
0 0.51127 0.556008 0.277666 0.505224
0 0.803557 0.607736 0.276178 0.598354
0 0.188318 0.468617 0.303354 0.614581
0 0.802332 0.642006 0.255018 0.650315
0 0.501415 0.55237 0.283592 0.542897
0 0.188318 0.468617 0.303354 0.614581
0 0.802332 0.642006 0.255018 0.650315
0 0.501415 0.55237 0.283592 0.542897
0 0.188318 0.468617 0.303354 0.614581
0 0.802332 0.642006 0.255018 0.650315
0 0.501415 0.55237 0.283592 0.542897
