0 0.19678 0.499094 0.299605 0.634661
0 0.513937 0.582316 0.293285 0.645142
0 0.872498 0.648355 0.234893 0.617185
0 0.19678 0.499094 0.299605 0.634661
0 0.513937 0.582316 0.293285 0.645142
0 0.872498 0.648355 0.234893 0.617185
0 0.19678 0.499094 0.299605 0.634661
0 0.513937 0.582316 0.293285 0.645142
0 0.872498 0.648355 0.234893 0.617185
0 0.495458 0.572175 0.290796 0.655577
0 0.187911 0.492828 0.284632 0.612328
0 0.819314 0.627975 0.308055 0.653237
0 0.495458 0.572175 0.290796 0.655577
0 0.187911 0.492828 0.284632 0.612328
0 0.819314 0.627975 0.308055 0.653237
0 0.495458 0.572175 0.290796 0.655577
0 0.187911 0.492828 0.284632 0.612328
0 0.819314 0.627975 0.308055 0.653237
