0 0.756667 0.424535 0.134068 0.830983
0 0.623623 0.444765 0.135619 0.837237
0 0.50169 0.46707 0.125987 0.841353
0 0.363668 0.477421 0.147938 0.866698
0 0.236951 0.492934 0.130221 0.878595
0 0.10508 0.551769 0.147377 0.866443
0 0.756667 0.424535 0.134068 0.830983
0 0.623623 0.444765 0.135619 0.837237
0 0.50169 0.46707 0.125987 0.841353
0 0.363668 0.477421 0.147938 0.866698
0 0.236951 0.492934 0.130221 0.878595
0 0.10508 0.551769 0.147377 0.866443
0 0.756667 0.424535 0.134068 0.830983
0 0.623623 0.444765 0.135619 0.837237
0 0.50169 0.46707 0.125987 0.841353
0 0.363668 0.477421 0.147938 0.866698
0 0.236951 0.492934 0.130221 0.878595
0 0.10508 0.551769 0.147377 0.866443
0 0.238841 0.597742 0.12102 0.639766
0 0.500901 0.553864 0.114817 0.635577
0 0.763438 0.565519 0.100339 0.512823
0 0.359915 0.583254 0.129858 0.632474
0 0.622045 0.531524 0.125625 0.634184
0 0.621134 0.527531 0.12182 0.634082
0 0.946902 0.542991 0.0666286 0.475454
0 0.0948364 0.738057 0.117653 0.435818
0 0.879142 0.54901 0.0820838 0.527033
0 0.238841 0.597742 0.12102 0.639766
0 0.500901 0.553864 0.114817 0.635577
0 0.763438 0.565519 0.100339 0.512823
0 0.359915 0.583254 0.129858 0.632474
0 0.622045 0.531524 0.125625 0.634184
0 0.621134 0.527531 0.12182 0.634082
0 0.946902 0.542991 0.0666286 0.475454
0 0.0948364 0.738057 0.117653 0.435818
0 0.879142 0.54901 0.0820838 0.527033
0 0.107167 0.63338 0.145343 0.661608
0 0.947853 0.553875 0.0656163 0.492284
0 0.238841 0.597742 0.12102 0.639766
0 0.500901 0.553864 0.114817 0.635577
0 0.763438 0.565519 0.100339 0.512823
0 0.359915 0.583254 0.129858 0.632474
0 0.622045 0.531524 0.125625 0.634184
0 0.621134 0.527531 0.12182 0.634082
0 0.946902 0.542991 0.0666286 0.475454
0 0.0948364 0.738057 0.117653 0.435818
0 0.879142 0.54901 0.0820838 0.527033
