0 0.480781 0.48096 0.12792 0.848925
0 0.274271 0.473008 0.0916775 0.921548
0 0.194617 0.473411 0.0902302 0.925041
0 0.581554 0.461234 0.103887 0.877555
0 0.660415 0.459778 0.103982 0.891951
0 0.0434155 0.492766 0.0824643 0.941781
0 0.349509 0.477677 0.0819368 0.911621
0 0.582391 0.466552 0.1057 0.88257
0 0.0797315 0.477154 0.153727 0.94722
0 0.74292 0.454869 0.111527 0.88315
0 0.976535 0.462075 0.0469308 0.798364
0 0.974828 0.457361 0.0503435 0.800902
0 0.376439 0.45939 0.132599 0.905162
0 0.881034 0.456747 0.173498 0.81851
0 0.480781 0.48096 0.12792 0.848925
0 0.274271 0.473008 0.0916775 0.921548
0 0.194617 0.473411 0.0902302 0.925041
0 0.581554 0.461234 0.103887 0.877555
0 0.660415 0.459778 0.103982 0.891951
0 0.0434155 0.492766 0.0824643 0.941781
0 0.349509 0.477677 0.0819368 0.911621
0 0.582391 0.466552 0.1057 0.88257
0 0.0797315 0.477154 0.153727 0.94722
0 0.74292 0.454869 0.111527 0.88315
0 0.976535 0.462075 0.0469308 0.798364
0 0.974828 0.457361 0.0503435 0.800902
0 0.376439 0.45939 0.132599 0.905162
0 0.881034 0.456747 0.173498 0.81851
0 0.480781 0.48096 0.12792 0.848925
0 0.274271 0.473008 0.0916775 0.921548
0 0.194617 0.473411 0.0902302 0.925041
0 0.581554 0.461234 0.103887 0.877555
0 0.660415 0.459778 0.103982 0.891951
0 0.0434155 0.492766 0.0824643 0.941781
0 0.349509 0.477677 0.0819368 0.911621
0 0.582391 0.466552 0.1057 0.88257
0 0.0797315 0.477154 0.153727 0.94722
0 0.74292 0.454869 0.111527 0.88315
0 0.976535 0.462075 0.0469308 0.798364
0 0.974828 0.457361 0.0503435 0.800902
0 0.376439 0.45939 0.132599 0.905162
0 0.881034 0.456747 0.173498 0.81851
0 0.351809 0.463415 0.0808334 0.901002
0 0.276 0.466662 0.0863713 0.914311
0 0.582563 0.452093 0.0943898 0.870557
0 0.482873 0.466483 0.122728 0.877339
0 0.115259 0.487561 0.0785241 0.91592
0 0.194921 0.465547 0.0835897 0.908036
0 0.0428641 0.489649 0.0790054 0.92306
0 0.979792 0.441721 0.040415 0.787022
0 0.884223 0.442563 0.174495 0.832942
0 0.706932 0.444746 0.184444 0.883146
0 0.661171 0.443715 0.0883148 0.884974
0 0.744733 0.437812 0.106076 0.868706
0 0.917393 0.432934 0.10114 0.821922
0 0.351809 0.463415 0.0808334 0.901002
0 0.276 0.466662 0.0863713 0.914311
0 0.582563 0.452093 0.0943898 0.870557
0 0.482873 0.466483 0.122728 0.877339
0 0.115259 0.487561 0.0785241 0.91592
0 0.194921 0.465547 0.0835897 0.908036
0 0.0428641 0.489649 0.0790054 0.92306
0 0.979792 0.441721 0.040415 0.787022
0 0.884223 0.442563 0.174495 0.832942
0 0.706932 0.444746 0.184444 0.883146
0 0.661171 0.443715 0.0883148 0.884974
0 0.744733 0.437812 0.106076 0.868706
0 0.917393 0.432934 0.10114 0.821922
0 0.708074 0.44631 0.182502 0.883793
0 0.351809 0.463415 0.0808334 0.901002
0 0.276 0.466662 0.0863713 0.914311
0 0.582563 0.452093 0.0943898 0.870557
0 0.482873 0.466483 0.122728 0.877339
0 0.115259 0.487561 0.0785241 0.91592
0 0.194921 0.465547 0.0835897 0.908036
0 0.0428641 0.489649 0.0790054 0.92306
0 0.979792 0.441721 0.040415 0.787022
0 0.884223 0.442563 0.174495 0.832942
0 0.706932 0.444746 0.184444 0.883146
0 0.661171 0.443715 0.0883148 0.884974
0 0.744733 0.437812 0.106076 0.868706
0 0.917393 0.432934 0.10114 0.821922
0 0.351809 0.463415 0.0808334 0.901002
0 0.276 0.466662 0.0863713 0.914311
0 0.582563 0.452093 0.0943898 0.870557
0 0.482873 0.466483 0.122728 0.877339
0 0.115259 0.487561 0.0785241 0.91592
0 0.194921 0.465547 0.0835897 0.908036
0 0.0428641 0.489649 0.0790054 0.92306
0 0.979792 0.441721 0.040415 0.787022
0 0.884223 0.442563 0.174495 0.832942
0 0.706932 0.444746 0.184444 0.883146
0 0.661171 0.443715 0.0883148 0.884974
0 0.744733 0.437812 0.106076 0.868706
0 0.917393 0.432934 0.10114 0.821922
