0 0.888453 0.481539 0.179049 0.803952
0 0.730141 0.537402 0.180955 0.807517
0 0.255664 0.587279 0.184003 0.788198
0 0.406935 0.504213 0.17646 0.913502
0 0.563471 0.564609 0.191632 0.835129
0 0.0974094 0.521509 0.178715 0.836167
0 0.888453 0.481539 0.179049 0.803952
0 0.730141 0.537402 0.180955 0.807517
0 0.255664 0.587279 0.184003 0.788198
0 0.406935 0.504213 0.17646 0.913502
0 0.563471 0.564609 0.191632 0.835129
0 0.0974094 0.521509 0.178715 0.836167
0 0.888453 0.481539 0.179049 0.803952
0 0.730141 0.537402 0.180955 0.807517
0 0.255664 0.587279 0.184003 0.788198
0 0.406935 0.504213 0.17646 0.913502
0 0.563471 0.564609 0.191632 0.835129
0 0.0974094 0.521509 0.178715 0.836167
0 0.564464 0.581104 0.194502 0.797378
0 0.728586 0.545812 0.185255 0.800378
0 0.406284 0.513178 0.17611 0.876381
0 0.886169 0.512239 0.182256 0.781481
0 0.0995761 0.526818 0.177398 0.83978
0 0.25663 0.590611 0.186083 0.77438
0 0.256084 0.586813 0.18481 0.778661
0 0.564464 0.581104 0.194502 0.797378
0 0.728586 0.545812 0.185255 0.800378
0 0.406284 0.513178 0.17611 0.876381
0 0.886169 0.512239 0.182256 0.781481
0 0.0995761 0.526818 0.177398 0.83978
0 0.25663 0.590611 0.186083 0.77438
0 0.256084 0.586813 0.18481 0.778661
0 0.564464 0.581104 0.194502 0.797378
0 0.728586 0.545812 0.185255 0.800378
0 0.406284 0.513178 0.17611 0.876381
0 0.886169 0.512239 0.182256 0.781481
0 0.0995761 0.526818 0.177398 0.83978
0 0.25663 0.590611 0.186083 0.77438
0 0.256084 0.586813 0.18481 0.778661
0 0.564464 0.581104 0.194502 0.797378
0 0.728586 0.545812 0.185255 0.800378
0 0.406284 0.513178 0.17611 0.876381
0 0.886169 0.512239 0.182256 0.781481
0 0.0995761 0.526818 0.177398 0.83978
0 0.25663 0.590611 0.186083 0.77438
0 0.256084 0.586813 0.18481 0.778661
