0 0.66622 0.536977 0.504493 0.845206
0 0.266591 0.52256 0.501488 0.855308
0 0.66622 0.536977 0.504493 0.845206
0 0.266591 0.52256 0.501488 0.855308
0 0.66622 0.536977 0.504493 0.845206
0 0.266591 0.52256 0.501488 0.855308
0 0.261581 0.554639 0.456036 0.890722
0 0.629978 0.531227 0.500042 0.8672
0 0.261581 0.554639 0.456036 0.890722
0 0.629978 0.531227 0.500042 0.8672
0 0.683773 0.391319 0.401649 0.557163
0 0.261581 0.554639 0.456036 0.890722
0 0.629978 0.531227 0.500042 0.8672
0 0.261581 0.554639 0.456036 0.890722
0 0.629978 0.531227 0.500042 0.8672
