0 0.14983 0.657496 0.0956222 0.470128
0 0.362624 0.550215 0.0777175 0.441871
0 0.0694705 0.704357 0.0976105 0.48417
0 0.225547 0.617349 0.0887734 0.450881
0 0.295823 0.581107 0.080836 0.434007
0 0.795288 0.319303 0.0536736 0.348088
0 0.650003 0.400308 0.0632619 0.372242
0 0.749857 0.346627 0.0574199 0.359429
0 0.425579 0.514981 0.0745329 0.435989
0 0.543097 0.456059 0.0673553 0.39032
0 0.882063 0.243005 0.051696 0.363582
0 0.701187 0.371938 0.0599763 0.373455
0 0.59796 0.426078 0.0644965 0.384963
0 0.839007 0.282703 0.0532374 0.363767
0 0.92365 0.232701 0.051805 0.361775
0 0.961685 0.220748 0.0422745 0.346431
0 0.986959 0.221092 0.0260828 0.345637
0 0.0181523 0.73997 0.0360815 0.49326
0 0.484886 0.480109 0.0709434 0.40799
0 0.0448987 0.112754 0.0888358 0.225508
0 0.803753 0.786858 0.182932 0.278885
0 0.484813 0.48031 0.0720093 0.40462
0 0.880688 0.246259 0.0500084 0.369688
0 0.14983 0.657496 0.0956222 0.470128
0 0.362624 0.550215 0.0777175 0.441871
0 0.0694705 0.704357 0.0976105 0.48417
0 0.225547 0.617349 0.0887734 0.450881
0 0.295823 0.581107 0.080836 0.434007
0 0.795288 0.319303 0.0536736 0.348088
0 0.650003 0.400308 0.0632619 0.372242
0 0.749857 0.346627 0.0574199 0.359429
0 0.425579 0.514981 0.0745329 0.435989
0 0.543097 0.456059 0.0673553 0.39032
0 0.882063 0.243005 0.051696 0.363582
0 0.701187 0.371938 0.0599763 0.373455
0 0.59796 0.426078 0.0644965 0.384963
0 0.839007 0.282703 0.0532374 0.363767
0 0.92365 0.232701 0.051805 0.361775
0 0.961685 0.220748 0.0422745 0.346431
0 0.986959 0.221092 0.0260828 0.345637
0 0.0181523 0.73997 0.0360815 0.49326
0 0.484886 0.480109 0.0709434 0.40799
0 0.0448987 0.112754 0.0888358 0.225508
0 0.803753 0.786858 0.182932 0.278885
0 0.484813 0.48031 0.0720093 0.40462
0 0.880688 0.246259 0.0500084 0.369688
0 0.14983 0.657496 0.0956222 0.470128
0 0.362624 0.550215 0.0777175 0.441871
0 0.0694705 0.704357 0.0976105 0.48417
0 0.225547 0.617349 0.0887734 0.450881
0 0.295823 0.581107 0.080836 0.434007
0 0.795288 0.319303 0.0536736 0.348088
0 0.650003 0.400308 0.0632619 0.372242
0 0.749857 0.346627 0.0574199 0.359429
0 0.425579 0.514981 0.0745329 0.435989
0 0.543097 0.456059 0.0673553 0.39032
0 0.882063 0.243005 0.051696 0.363582
0 0.701187 0.371938 0.0599763 0.373455
0 0.59796 0.426078 0.0644965 0.384963
0 0.839007 0.282703 0.0532374 0.363767
0 0.92365 0.232701 0.051805 0.361775
0 0.961685 0.220748 0.0422745 0.346431
0 0.986959 0.221092 0.0260828 0.345637
0 0.0181523 0.73997 0.0360815 0.49326
0 0.484886 0.480109 0.0709434 0.40799
0 0.0448987 0.112754 0.0888358 0.225508
0 0.803753 0.786858 0.182932 0.278885
0 0.484813 0.48031 0.0720093 0.40462
0 0.880688 0.246259 0.0500084 0.369688
0 0.150486 0.657995 0.0948072 0.468727
0 0.485096 0.484757 0.069514 0.401855
0 0.225764 0.622679 0.0835478 0.44207
0 0.924764 0.230995 0.0512396 0.366627
0 0.362778 0.552967 0.0762046 0.437082
0 0.651287 0.398358 0.0604142 0.373384
0 0.425302 0.517203 0.0722884 0.426118
0 0.749857 0.339119 0.055061 0.361386
0 0.542701 0.455932 0.065473 0.388308
0 0.296585 0.587536 0.0769421 0.439609
0 0.794805 0.315706 0.0510874 0.349686
0 0.838348 0.291061 0.050289 0.349274
0 0.881182 0.251231 0.0515523 0.370385
0 0.702107 0.367238 0.0589059 0.376891
0 0.961868 0.21551 0.044702 0.36588
0 0.0187297 0.745736 0.0374593 0.48873
0 0.0698107 0.706845 0.0971096 0.4847
0 0.598609 0.42508 0.0605886 0.37963
0 0.621204 0.874122 0.252203 0.251756
0 0.150486 0.657995 0.0948072 0.468727
0 0.485096 0.484757 0.069514 0.401855
0 0.225764 0.622679 0.0835478 0.44207
0 0.924764 0.230995 0.0512396 0.366627
0 0.362778 0.552967 0.0762046 0.437082
0 0.651287 0.398358 0.0604142 0.373384
0 0.425302 0.517203 0.0722884 0.426118
0 0.749857 0.339119 0.055061 0.361386
0 0.542701 0.455932 0.065473 0.388308
0 0.296585 0.587536 0.0769421 0.439609
0 0.794805 0.315706 0.0510874 0.349686
0 0.838348 0.291061 0.050289 0.349274
0 0.881182 0.251231 0.0515523 0.370385
0 0.702107 0.367238 0.0589059 0.376891
0 0.961868 0.21551 0.044702 0.36588
0 0.0187297 0.745736 0.0374593 0.48873
0 0.0698107 0.706845 0.0971096 0.4847
0 0.598609 0.42508 0.0605886 0.37963
0 0.621204 0.874122 0.252203 0.251756
0 0.599071 0.424648 0.0605333 0.378094
0 0.986927 0.204833 0.0261462 0.375935
0 0.987713 0.20727 0.0245666 0.373706
0 0.0187114 0.752185 0.0374228 0.46682
0 0.150486 0.657995 0.0948072 0.468727
0 0.485096 0.484757 0.069514 0.401855
0 0.225764 0.622679 0.0835478 0.44207
0 0.924764 0.230995 0.0512396 0.366627
0 0.362778 0.552967 0.0762046 0.437082
0 0.651287 0.398358 0.0604142 0.373384
0 0.425302 0.517203 0.0722884 0.426118
0 0.749857 0.339119 0.055061 0.361386
0 0.542701 0.455932 0.065473 0.388308
0 0.296585 0.587536 0.0769421 0.439609
0 0.794805 0.315706 0.0510874 0.349686
0 0.838348 0.291061 0.050289 0.349274
0 0.881182 0.251231 0.0515523 0.370385
0 0.702107 0.367238 0.0589059 0.376891
0 0.961868 0.21551 0.044702 0.36588
0 0.0187297 0.745736 0.0374593 0.48873
0 0.0698107 0.706845 0.0971096 0.4847
0 0.598609 0.42508 0.0605886 0.37963
0 0.621204 0.874122 0.252203 0.251756
0 0.150486 0.657995 0.0948072 0.468727
0 0.485096 0.484757 0.069514 0.401855
0 0.225764 0.622679 0.0835478 0.44207
0 0.924764 0.230995 0.0512396 0.366627
0 0.362778 0.552967 0.0762046 0.437082
0 0.651287 0.398358 0.0604142 0.373384
0 0.425302 0.517203 0.0722884 0.426118
0 0.749857 0.339119 0.055061 0.361386
0 0.542701 0.455932 0.065473 0.388308
0 0.296585 0.587536 0.0769421 0.439609
0 0.794805 0.315706 0.0510874 0.349686
0 0.838348 0.291061 0.050289 0.349274
0 0.881182 0.251231 0.0515523 0.370385
0 0.702107 0.367238 0.0589059 0.376891
0 0.961868 0.21551 0.044702 0.36588
0 0.0187297 0.745736 0.0374593 0.48873
0 0.0698107 0.706845 0.0971096 0.4847
0 0.598609 0.42508 0.0605886 0.37963
0 0.621204 0.874122 0.252203 0.251756
