0 0.421748 0.591183 0.232298 0.738157
0 0.177631 0.562703 0.263262 0.787423
0 0.65309 0.461931 0.223414 0.470585
0 0.421748 0.591183 0.232298 0.738157
0 0.177631 0.562703 0.263262 0.787423
0 0.65309 0.461931 0.223414 0.470585
0 0.421748 0.591183 0.232298 0.738157
0 0.177631 0.562703 0.263262 0.787423
0 0.65309 0.461931 0.223414 0.470585
0 0.424931 0.586708 0.225908 0.746382
0 0.883512 0.608576 0.231561 0.718766
0 0.65417 0.461741 0.221891 0.474429
0 0.196319 0.505055 0.260914 0.909751
0 0.023498 0.364129 0.046996 0.577125
0 0.424931 0.586708 0.225908 0.746382
0 0.883512 0.608576 0.231561 0.718766
0 0.65417 0.461741 0.221891 0.474429
0 0.196319 0.505055 0.260914 0.909751
0 0.023498 0.364129 0.046996 0.577125
0 0.0240594 0.37017 0.0473643 0.588823
0 0.424931 0.586708 0.225908 0.746382
0 0.883512 0.608576 0.231561 0.718766
0 0.65417 0.461741 0.221891 0.474429
0 0.196319 0.505055 0.260914 0.909751
0 0.023498 0.364129 0.046996 0.577125
0 0.424931 0.586708 0.225908 0.746382
0 0.883512 0.608576 0.231561 0.718766
0 0.65417 0.461741 0.221891 0.474429
0 0.196319 0.505055 0.260914 0.909751
0 0.023498 0.364129 0.046996 0.577125
