0 0.362435 0.63826 0.296284 0.411159
0 0.622044 0.505818 0.275687 0.493505
0 0.362435 0.63826 0.296284 0.411159
0 0.622044 0.505818 0.275687 0.493505
0 0.362435 0.63826 0.296284 0.411159
0 0.622044 0.505818 0.275687 0.493505
0 0.83525 0.386807 0.184094 0.466701
0 0.364236 0.580285 0.283054 0.667586
0 0.62391 0.492229 0.262518 0.5441
0 0.83525 0.386807 0.184094 0.466701
0 0.364236 0.580285 0.283054 0.667586
0 0.62391 0.492229 0.262518 0.5441
0 0.83525 0.386807 0.184094 0.466701
0 0.364236 0.580285 0.283054 0.667586
0 0.62391 0.492229 0.262518 0.5441
0 0.83525 0.386807 0.184094 0.466701
0 0.364236 0.580285 0.283054 0.667586
0 0.62391 0.492229 0.262518 0.5441
