0 0.453023 0.700949 0.0662095 0.384272
0 0.748327 0.309366 0.0923644 0.484041
0 0.492121 0.274951 0.0624168 0.427643
0 0.825459 0.786678 0.0745963 0.374744
0 0.756485 0.772242 0.0703289 0.375536
0 0.671906 0.298167 0.0793057 0.450765
0 0.894529 0.833104 0.0678262 0.311522
0 0.659049 0.756498 0.137131 0.385978
0 0.546781 0.288401 0.0645121 0.432655
0 0.605582 0.295391 0.0747217 0.437939
0 0.396955 0.694933 0.0627696 0.381251
0 0.963208 0.827886 0.0697815 0.344229
0 0.970903 0.311996 0.0581939 0.607967
0 0.566343 0.730304 0.0617582 0.372861
0 0.510059 0.717436 0.0617805 0.380641
0 0.0542588 0.579129 0.108518 0.431361
0 0.438267 0.267378 0.0601511 0.417402
0 0.909194 0.324105 0.0856891 0.492666
0 0.248914 0.666649 0.0496237 0.341825
0 0.322022 0.681823 0.104147 0.374284
0 0.416944 0.272068 0.0971283 0.423841
0 0.664265 0.755055 0.147881 0.385175
0 0.829854 0.317629 0.0861595 0.496958
0 0.871369 0.325263 0.169897 0.53427
0 0.351735 0.684348 0.162103 0.393815
0 0.453023 0.700949 0.0662095 0.384272
0 0.748327 0.309366 0.0923644 0.484041
0 0.492121 0.274951 0.0624168 0.427643
0 0.825459 0.786678 0.0745963 0.374744
0 0.756485 0.772242 0.0703289 0.375536
0 0.671906 0.298167 0.0793057 0.450765
0 0.894529 0.833104 0.0678262 0.311522
0 0.659049 0.756498 0.137131 0.385978
0 0.546781 0.288401 0.0645121 0.432655
0 0.605582 0.295391 0.0747217 0.437939
0 0.396955 0.694933 0.0627696 0.381251
0 0.963208 0.827886 0.0697815 0.344229
0 0.970903 0.311996 0.0581939 0.607967
0 0.566343 0.730304 0.0617582 0.372861
0 0.510059 0.717436 0.0617805 0.380641
0 0.0542588 0.579129 0.108518 0.431361
0 0.438267 0.267378 0.0601511 0.417402
0 0.909194 0.324105 0.0856891 0.492666
0 0.248914 0.666649 0.0496237 0.341825
0 0.322022 0.681823 0.104147 0.374284
0 0.416944 0.272068 0.0971283 0.423841
0 0.664265 0.755055 0.147881 0.385175
0 0.829854 0.317629 0.0861595 0.496958
0 0.871369 0.325263 0.169897 0.53427
0 0.351735 0.684348 0.162103 0.393815
0 0.453023 0.700949 0.0662095 0.384272
0 0.748327 0.309366 0.0923644 0.484041
0 0.492121 0.274951 0.0624168 0.427643
0 0.825459 0.786678 0.0745963 0.374744
0 0.756485 0.772242 0.0703289 0.375536
0 0.671906 0.298167 0.0793057 0.450765
0 0.894529 0.833104 0.0678262 0.311522
0 0.659049 0.756498 0.137131 0.385978
0 0.546781 0.288401 0.0645121 0.432655
0 0.605582 0.295391 0.0747217 0.437939
0 0.396955 0.694933 0.0627696 0.381251
0 0.963208 0.827886 0.0697815 0.344229
0 0.970903 0.311996 0.0581939 0.607967
0 0.566343 0.730304 0.0617582 0.372861
0 0.510059 0.717436 0.0617805 0.380641
0 0.0542588 0.579129 0.108518 0.431361
0 0.438267 0.267378 0.0601511 0.417402
0 0.909194 0.324105 0.0856891 0.492666
0 0.248914 0.666649 0.0496237 0.341825
0 0.322022 0.681823 0.104147 0.374284
0 0.416944 0.272068 0.0971283 0.423841
0 0.664265 0.755055 0.147881 0.385175
0 0.829854 0.317629 0.0861595 0.496958
0 0.871369 0.325263 0.169897 0.53427
0 0.351735 0.684348 0.162103 0.393815
0 0.0795943 0.414636 0.15691 0.767988
0 0.451721 0.697033 0.0585227 0.385391
0 0.345264 0.67309 0.152989 0.394936
0 0.537187 0.499564 0.144398 0.853505
0 0.871841 0.315555 0.154633 0.543065
0 0.225089 0.651812 0.0925197 0.361414
0 0.755172 0.768144 0.0675078 0.377062
0 0.0235807 0.607193 0.0451379 0.350005
0 0.691131 0.504897 0.186263 0.898518
0 0.439003 0.271129 0.055403 0.420432
0 0.411268 0.273095 0.0866252 0.424089
0 0.884168 0.791173 0.18421 0.417654
0 0.317829 0.674168 0.0960054 0.381328
0 0.343402 0.677599 0.153349 0.391531
0 0.0795943 0.414636 0.15691 0.767988
0 0.451721 0.697033 0.0585227 0.385391
0 0.345264 0.67309 0.152989 0.394936
0 0.537187 0.499564 0.144398 0.853505
0 0.871841 0.315555 0.154633 0.543065
0 0.225089 0.651812 0.0925197 0.361414
0 0.755172 0.768144 0.0675078 0.377062
0 0.0235807 0.607193 0.0451379 0.350005
0 0.691131 0.504897 0.186263 0.898518
0 0.439003 0.271129 0.055403 0.420432
0 0.411268 0.273095 0.0866252 0.424089
0 0.884168 0.791173 0.18421 0.417654
0 0.317829 0.674168 0.0960054 0.381328
0 0.343402 0.677599 0.153349 0.391531
0 0.974907 0.32655 0.0501861 0.637941
0 0.494285 0.275239 0.0576503 0.421712
0 0.741696 0.317159 0.0859763 0.48859
0 0.395955 0.680758 0.0561874 0.388203
0 0.0720251 0.609296 0.0555566 0.348664
0 0.0795943 0.414636 0.15691 0.767988
0 0.451721 0.697033 0.0585227 0.385391
0 0.345264 0.67309 0.152989 0.394936
0 0.537187 0.499564 0.144398 0.853505
0 0.871841 0.315555 0.154633 0.543065
0 0.225089 0.651812 0.0925197 0.361414
0 0.755172 0.768144 0.0675078 0.377062
0 0.0235807 0.607193 0.0451379 0.350005
0 0.691131 0.504897 0.186263 0.898518
0 0.439003 0.271129 0.055403 0.420432
0 0.411268 0.273095 0.0866252 0.424089
0 0.884168 0.791173 0.18421 0.417654
0 0.317829 0.674168 0.0960054 0.381328
0 0.343402 0.677599 0.153349 0.391531
