0 0.466124 0.423544 0.0795468 0.453773
0 0.847989 0.349141 0.0972379 0.569072
0 0.650569 0.371039 0.089347 0.560905
0 0.558493 0.426137 0.0849155 0.468435
0 0.947851 0.341411 0.0914557 0.558663
0 0.743595 0.36314 0.0854706 0.558891
0 0.185625 0.429387 0.084671 0.466412
0 0.279401 0.47722 0.083439 0.583036
0 0.0934664 0.431438 0.0869714 0.472458
0 0.0236519 0.419925 0.0473038 0.442532
0 0.370504 0.420509 0.0892486 0.479095
0 0.466124 0.423544 0.0795468 0.453773
0 0.847989 0.349141 0.0972379 0.569072
0 0.650569 0.371039 0.089347 0.560905
0 0.558493 0.426137 0.0849155 0.468435
0 0.947851 0.341411 0.0914557 0.558663
0 0.743595 0.36314 0.0854706 0.558891
0 0.185625 0.429387 0.084671 0.466412
0 0.279401 0.47722 0.083439 0.583036
0 0.0934664 0.431438 0.0869714 0.472458
0 0.0236519 0.419925 0.0473038 0.442532
0 0.370504 0.420509 0.0892486 0.479095
0 0.466124 0.423544 0.0795468 0.453773
0 0.847989 0.349141 0.0972379 0.569072
0 0.650569 0.371039 0.089347 0.560905
0 0.558493 0.426137 0.0849155 0.468435
0 0.947851 0.341411 0.0914557 0.558663
0 0.743595 0.36314 0.0854706 0.558891
0 0.185625 0.429387 0.084671 0.466412
0 0.279401 0.47722 0.083439 0.583036
0 0.0934664 0.431438 0.0869714 0.472458
0 0.0236519 0.419925 0.0473038 0.442532
0 0.370504 0.420509 0.0892486 0.479095
0 0.278353 0.516223 0.0866652 0.695046
0 0.0934007 0.491445 0.0915338 0.636142
0 0.370461 0.536176 0.0950884 0.738207
0 0.184857 0.498044 0.0884396 0.642125
0 0.650942 0.427123 0.0934624 0.675023
0 0.558018 0.553956 0.0874856 0.759693
0 0.744522 0.427486 0.0920406 0.691297
0 0.0245286 0.474402 0.0488114 0.572729
0 0.467483 0.425548 0.0885235 0.497572
0 0.84695 0.410442 0.100048 0.689932
0 0.948639 0.374615 0.0977169 0.652438
0 0.278353 0.516223 0.0866652 0.695046
0 0.0934007 0.491445 0.0915338 0.636142
0 0.370461 0.536176 0.0950884 0.738207
0 0.184857 0.498044 0.0884396 0.642125
0 0.650942 0.427123 0.0934624 0.675023
0 0.558018 0.553956 0.0874856 0.759693
0 0.744522 0.427486 0.0920406 0.691297
0 0.0245286 0.474402 0.0488114 0.572729
0 0.467483 0.425548 0.0885235 0.497572
0 0.84695 0.410442 0.100048 0.689932
0 0.948639 0.374615 0.0977169 0.652438
0 0.278353 0.516223 0.0866652 0.695046
0 0.0934007 0.491445 0.0915338 0.636142
0 0.370461 0.536176 0.0950884 0.738207
0 0.184857 0.498044 0.0884396 0.642125
0 0.650942 0.427123 0.0934624 0.675023
0 0.558018 0.553956 0.0874856 0.759693
0 0.744522 0.427486 0.0920406 0.691297
0 0.0245286 0.474402 0.0488114 0.572729
0 0.467483 0.425548 0.0885235 0.497572
0 0.84695 0.410442 0.100048 0.689932
0 0.948639 0.374615 0.0977169 0.652438
