0 0.275518 0.495853 0.444149 0.864324
0 0.663214 0.51737 0.475076 0.926657
0 0.275518 0.495853 0.444149 0.864324
0 0.663214 0.51737 0.475076 0.926657
0 0.275518 0.495853 0.444149 0.864324
0 0.663214 0.51737 0.475076 0.926657
0 0.646722 0.51471 0.450071 0.909834
0 0.257972 0.527709 0.395648 0.944581
0 0.646722 0.51471 0.450071 0.909834
0 0.257972 0.527709 0.395648 0.944581
0 0.646722 0.51471 0.450071 0.909834
0 0.257972 0.527709 0.395648 0.944581
0 0.646722 0.51471 0.450071 0.909834
0 0.257972 0.527709 0.395648 0.944581
