0 0.386063 0.508162 0.164573 0.500934
0 0.863524 0.612359 0.272951 0.646422
0 0.22815 0.518917 0.164047 0.508661
0 0.673075 0.634374 0.149846 0.61723
0 0.386063 0.508162 0.164573 0.500934
0 0.863524 0.612359 0.272951 0.646422
0 0.22815 0.518917 0.164047 0.508661
0 0.673075 0.634374 0.149846 0.61723
0 0.386063 0.508162 0.164573 0.500934
0 0.863524 0.612359 0.272951 0.646422
0 0.22815 0.518917 0.164047 0.508661
0 0.673075 0.634374 0.149846 0.61723
0 0.675557 0.653273 0.140417 0.595166
0 0.809568 0.648346 0.136553 0.5947
0 0.932763 0.622981 0.132413 0.61335
0 0.530888 0.65782 0.152026 0.615351
0 0.227291 0.541352 0.158036 0.49862
0 0.387228 0.528406 0.156632 0.511292
0 0.226415 0.638312 0.16249 0.716911
0 0.0763181 0.668642 0.147378 0.662715
0 0.0836849 0.566185 0.132653 0.434849
0 0.385831 0.61973 0.156517 0.709309
0 0.675557 0.653273 0.140417 0.595166
0 0.809568 0.648346 0.136553 0.5947
0 0.932763 0.622981 0.132413 0.61335
0 0.530888 0.65782 0.152026 0.615351
0 0.227291 0.541352 0.158036 0.49862
0 0.387228 0.528406 0.156632 0.511292
0 0.226415 0.638312 0.16249 0.716911
0 0.0763181 0.668642 0.147378 0.662715
0 0.0836849 0.566185 0.132653 0.434849
0 0.385831 0.61973 0.156517 0.709309
0 0.015871 0.583194 0.031742 0.44484
0 0.808873 0.753229 0.133231 0.37178
0 0.809738 0.75928 0.133109 0.383015
0 0.932081 0.505555 0.120599 0.399059
0 0.675557 0.653273 0.140417 0.595166
0 0.809568 0.648346 0.136553 0.5947
0 0.932763 0.622981 0.132413 0.61335
0 0.530888 0.65782 0.152026 0.615351
0 0.227291 0.541352 0.158036 0.49862
0 0.387228 0.528406 0.156632 0.511292
0 0.226415 0.638312 0.16249 0.716911
0 0.0763181 0.668642 0.147378 0.662715
0 0.0836849 0.566185 0.132653 0.434849
0 0.385831 0.61973 0.156517 0.709309
0 0.675557 0.653273 0.140417 0.595166
0 0.809568 0.648346 0.136553 0.5947
0 0.932763 0.622981 0.132413 0.61335
0 0.530888 0.65782 0.152026 0.615351
0 0.227291 0.541352 0.158036 0.49862
0 0.387228 0.528406 0.156632 0.511292
0 0.226415 0.638312 0.16249 0.716911
0 0.0763181 0.668642 0.147378 0.662715
0 0.0836849 0.566185 0.132653 0.434849
0 0.385831 0.61973 0.156517 0.709309
