0 0.422555 0.571241 0.054964 0.697806
0 0.370599 0.566252 0.0542882 0.706591
0 0.745465 0.586296 0.0547071 0.73112
0 0.47566 0.571486 0.0533124 0.690887
0 0.69277 0.580229 0.0558076 0.736676
0 0.318559 0.565505 0.0580784 0.697684
0 0.52816 0.58233 0.0529536 0.696241
0 0.581915 0.584537 0.0567354 0.71279
0 0.265622 0.561558 0.0558666 0.698534
0 0.639639 0.579548 0.0549018 0.732685
0 0.91192 0.559122 0.0554494 0.807819
0 0.0476933 0.565927 0.0607311 0.704264
0 0.968857 0.582143 0.062036 0.790739
0 0.85654 0.533339 0.0618753 0.841953
0 0.79896 0.530474 0.0595557 0.842948
0 0.101647 0.56208 0.0606138 0.682827
0 0.211071 0.569216 0.0603038 0.692933
0 0.21148 0.567817 0.0597908 0.694501
0 0.00954225 0.588951 0.0189317 0.727453
0 0.422555 0.571241 0.054964 0.697806
0 0.370599 0.566252 0.0542882 0.706591
0 0.745465 0.586296 0.0547071 0.73112
0 0.47566 0.571486 0.0533124 0.690887
0 0.69277 0.580229 0.0558076 0.736676
0 0.318559 0.565505 0.0580784 0.697684
0 0.52816 0.58233 0.0529536 0.696241
0 0.581915 0.584537 0.0567354 0.71279
0 0.265622 0.561558 0.0558666 0.698534
0 0.639639 0.579548 0.0549018 0.732685
0 0.91192 0.559122 0.0554494 0.807819
0 0.0476933 0.565927 0.0607311 0.704264
0 0.968857 0.582143 0.062036 0.790739
0 0.85654 0.533339 0.0618753 0.841953
0 0.79896 0.530474 0.0595557 0.842948
0 0.101647 0.56208 0.0606138 0.682827
0 0.211071 0.569216 0.0603038 0.692933
0 0.21148 0.567817 0.0597908 0.694501
0 0.00954225 0.588951 0.0189317 0.727453
0 0.422555 0.571241 0.054964 0.697806
0 0.370599 0.566252 0.0542882 0.706591
0 0.745465 0.586296 0.0547071 0.73112
0 0.47566 0.571486 0.0533124 0.690887
0 0.69277 0.580229 0.0558076 0.736676
0 0.318559 0.565505 0.0580784 0.697684
0 0.52816 0.58233 0.0529536 0.696241
0 0.581915 0.584537 0.0567354 0.71279
0 0.265622 0.561558 0.0558666 0.698534
0 0.639639 0.579548 0.0549018 0.732685
0 0.91192 0.559122 0.0554494 0.807819
0 0.0476933 0.565927 0.0607311 0.704264
0 0.968857 0.582143 0.062036 0.790739
0 0.85654 0.533339 0.0618753 0.841953
0 0.79896 0.530474 0.0595557 0.842948
0 0.101647 0.56208 0.0606138 0.682827
0 0.211071 0.569216 0.0603038 0.692933
0 0.21148 0.567817 0.0597908 0.694501
0 0.00954225 0.588951 0.0189317 0.727453
0 0.102589 0.563087 0.0593386 0.673774
0 0.211014 0.563404 0.059928 0.67181
0 0.318089 0.571196 0.0578079 0.678297
0 0.155575 0.570947 0.0577218 0.658366
0 0.580764 0.584845 0.0591932 0.703703
0 0.800933 0.511689 0.0620134 0.875879
0 0.370008 0.571592 0.0553441 0.6861
0 0.856847 0.506756 0.0630336 0.886059
0 0.911973 0.500542 0.0598411 0.904387
0 0.0487608 0.562655 0.059511 0.691062
0 0.422262 0.572463 0.0553795 0.684736
0 0.967611 0.543721 0.0647774 0.828794
0 0.745835 0.580759 0.0560317 0.730995
0 0.692003 0.571549 0.0554334 0.729592
0 0.265192 0.566933 0.0568365 0.672118
0 0.475103 0.573452 0.0542109 0.684789
0 0.0127189 0.616025 0.0254378 0.673235
0 0.527255 0.584633 0.0542811 0.681799
0 0.745107 0.577425 0.0540366 0.734364
0 0.264667 0.564962 0.0569792 0.678003
0 0.692719 0.574059 0.0564196 0.719222
0 0.638531 0.577804 0.0597922 0.721248
0 0.102589 0.563087 0.0593386 0.673774
0 0.211014 0.563404 0.059928 0.67181
0 0.318089 0.571196 0.0578079 0.678297
0 0.155575 0.570947 0.0577218 0.658366
0 0.580764 0.584845 0.0591932 0.703703
0 0.800933 0.511689 0.0620134 0.875879
0 0.370008 0.571592 0.0553441 0.6861
0 0.856847 0.506756 0.0630336 0.886059
0 0.911973 0.500542 0.0598411 0.904387
0 0.0487608 0.562655 0.059511 0.691062
0 0.422262 0.572463 0.0553795 0.684736
0 0.967611 0.543721 0.0647774 0.828794
0 0.745835 0.580759 0.0560317 0.730995
0 0.692003 0.571549 0.0554334 0.729592
0 0.265192 0.566933 0.0568365 0.672118
0 0.475103 0.573452 0.0542109 0.684789
0 0.0127189 0.616025 0.0254378 0.673235
0 0.527255 0.584633 0.0542811 0.681799
0 0.745107 0.577425 0.0540366 0.734364
0 0.264667 0.564962 0.0569792 0.678003
0 0.692719 0.574059 0.0564196 0.719222
0 0.638531 0.577804 0.0597922 0.721248
0 0.63875 0.576731 0.0582784 0.732674
0 0.527185 0.586962 0.054644 0.6808
0 0.422046 0.568209 0.0541609 0.687396
0 0.102589 0.563087 0.0593386 0.673774
0 0.211014 0.563404 0.059928 0.67181
0 0.318089 0.571196 0.0578079 0.678297
0 0.155575 0.570947 0.0577218 0.658366
0 0.580764 0.584845 0.0591932 0.703703
0 0.800933 0.511689 0.0620134 0.875879
0 0.370008 0.571592 0.0553441 0.6861
0 0.856847 0.506756 0.0630336 0.886059
0 0.911973 0.500542 0.0598411 0.904387
0 0.0487608 0.562655 0.059511 0.691062
0 0.422262 0.572463 0.0553795 0.684736
0 0.967611 0.543721 0.0647774 0.828794
0 0.745835 0.580759 0.0560317 0.730995
0 0.692003 0.571549 0.0554334 0.729592
0 0.265192 0.566933 0.0568365 0.672118
0 0.475103 0.573452 0.0542109 0.684789
0 0.0127189 0.616025 0.0254378 0.673235
0 0.527255 0.584633 0.0542811 0.681799
0 0.745107 0.577425 0.0540366 0.734364
0 0.264667 0.564962 0.0569792 0.678003
0 0.692719 0.574059 0.0564196 0.719222
0 0.638531 0.577804 0.0597922 0.721248
0 0.102589 0.563087 0.0593386 0.673774
0 0.211014 0.563404 0.059928 0.67181
0 0.318089 0.571196 0.0578079 0.678297
0 0.155575 0.570947 0.0577218 0.658366
0 0.580764 0.584845 0.0591932 0.703703
0 0.800933 0.511689 0.0620134 0.875879
0 0.370008 0.571592 0.0553441 0.6861
0 0.856847 0.506756 0.0630336 0.886059
0 0.911973 0.500542 0.0598411 0.904387
0 0.0487608 0.562655 0.059511 0.691062
0 0.422262 0.572463 0.0553795 0.684736
0 0.967611 0.543721 0.0647774 0.828794
0 0.745835 0.580759 0.0560317 0.730995
0 0.692003 0.571549 0.0554334 0.729592
0 0.265192 0.566933 0.0568365 0.672118
0 0.475103 0.573452 0.0542109 0.684789
0 0.0127189 0.616025 0.0254378 0.673235
0 0.527255 0.584633 0.0542811 0.681799
0 0.745107 0.577425 0.0540366 0.734364
0 0.264667 0.564962 0.0569792 0.678003
0 0.692719 0.574059 0.0564196 0.719222
0 0.638531 0.577804 0.0597922 0.721248
