0 0.333797 0.492548 0.430414 0.602213
0 0.743663 0.494685 0.403297 0.586706
0 0.333768 0.348751 0.412832 0.328046
0 0.333797 0.492548 0.430414 0.602213
0 0.743663 0.494685 0.403297 0.586706
0 0.333768 0.348751 0.412832 0.328046
0 0.333797 0.492548 0.430414 0.602213
0 0.743663 0.494685 0.403297 0.586706
0 0.333768 0.348751 0.412832 0.328046
0 0.741641 0.493985 0.395914 0.626014
0 0.337471 0.47989 0.427307 0.621074
0 0.741641 0.493985 0.395914 0.626014
0 0.337471 0.47989 0.427307 0.621074
0 0.741641 0.493985 0.395914 0.626014
0 0.337471 0.47989 0.427307 0.621074
