0 0.365034 0.607585 0.257837 0.440646
0 0.869148 0.328294 0.0919654 0.485855
0 0.127919 0.704676 0.247258 0.438385
0 0.758579 0.363341 0.155984 0.502603
0 0.976902 0.293292 0.0461958 0.43985
0 0.962377 0.371405 0.0751814 0.618015
0 0.365034 0.607585 0.257837 0.440646
0 0.869148 0.328294 0.0919654 0.485855
0 0.127919 0.704676 0.247258 0.438385
0 0.758579 0.363341 0.155984 0.502603
0 0.976902 0.293292 0.0461958 0.43985
0 0.962377 0.371405 0.0751814 0.618015
0 0.365034 0.607585 0.257837 0.440646
0 0.869148 0.328294 0.0919654 0.485855
0 0.127919 0.704676 0.247258 0.438385
0 0.758579 0.363341 0.155984 0.502603
0 0.976902 0.293292 0.0461958 0.43985
0 0.962377 0.371405 0.0751814 0.618015
0 0.365325 0.610452 0.255961 0.45427
0 0.867783 0.324255 0.0904367 0.480394
0 0.776055 0.357066 0.107124 0.491692
0 0.937972 0.286008 0.0639804 0.450408
0 0.980594 0.278597 0.0388122 0.432098
0 0.124009 0.727233 0.242304 0.435858
0 0.642954 0.410796 0.134396 0.487434
0 0.365325 0.610452 0.255961 0.45427
0 0.867783 0.324255 0.0904367 0.480394
0 0.776055 0.357066 0.107124 0.491692
0 0.937972 0.286008 0.0639804 0.450408
0 0.980594 0.278597 0.0388122 0.432098
0 0.124009 0.727233 0.242304 0.435858
0 0.642954 0.410796 0.134396 0.487434
