0 0.534652 0.738128 0.213958 0.458398
0 0.155486 0.686255 0.310972 0.49455
0 0.37364 0.73205 0.207208 0.427466
0 0.699048 0.776694 0.212656 0.432911
0 0.534652 0.738128 0.213958 0.458398
0 0.155486 0.686255 0.310972 0.49455
0 0.37364 0.73205 0.207208 0.427466
0 0.699048 0.776694 0.212656 0.432911
0 0.534652 0.738128 0.213958 0.458398
0 0.155486 0.686255 0.310972 0.49455
0 0.37364 0.73205 0.207208 0.427466
0 0.699048 0.776694 0.212656 0.432911
0 0.70734 0.80652 0.182166 0.365347
0 0.375212 0.74536 0.192145 0.391939
0 0.863052 0.822324 0.169917 0.348476
0 0.545304 0.777832 0.183505 0.367246
0 0.70734 0.80652 0.182166 0.365347
0 0.375212 0.74536 0.192145 0.391939
0 0.863052 0.822324 0.169917 0.348476
0 0.545304 0.777832 0.183505 0.367246
0 0.148525 0.714046 0.295213 0.411635
0 0.70734 0.80652 0.182166 0.365347
0 0.375212 0.74536 0.192145 0.391939
0 0.863052 0.822324 0.169917 0.348476
0 0.545304 0.777832 0.183505 0.367246
