0 0.330416 0.502179 0.125408 0.787082
0 0.0914523 0.493104 0.138217 0.783594
0 0.686856 0.570299 0.118497 0.680016
0 0.212703 0.494142 0.128391 0.786812
0 0.80981 0.566281 0.12881 0.68959
0 0.44987 0.507636 0.125982 0.795251
0 0.927823 0.55932 0.121491 0.695085
0 0.569809 0.506269 0.127561 0.79696
0 0.330416 0.502179 0.125408 0.787082
0 0.0914523 0.493104 0.138217 0.783594
0 0.686856 0.570299 0.118497 0.680016
0 0.212703 0.494142 0.128391 0.786812
0 0.80981 0.566281 0.12881 0.68959
0 0.44987 0.507636 0.125982 0.795251
0 0.927823 0.55932 0.121491 0.695085
0 0.569809 0.506269 0.127561 0.79696
0 0.330416 0.502179 0.125408 0.787082
0 0.0914523 0.493104 0.138217 0.783594
0 0.686856 0.570299 0.118497 0.680016
0 0.212703 0.494142 0.128391 0.786812
0 0.80981 0.566281 0.12881 0.68959
0 0.44987 0.507636 0.125982 0.795251
0 0.927823 0.55932 0.121491 0.695085
0 0.569809 0.506269 0.127561 0.79696
0 0.452377 0.506411 0.128708 0.789048
0 0.331316 0.507356 0.127905 0.782575
0 0.0932418 0.4889 0.137404 0.781675
0 0.810416 0.574609 0.123006 0.64752
0 0.929405 0.572046 0.12139 0.659
0 0.6866 0.573381 0.119158 0.64867
0 0.214224 0.493739 0.128709 0.777059
0 0.570026 0.508686 0.131622 0.778918
0 0.452377 0.506411 0.128708 0.789048
0 0.331316 0.507356 0.127905 0.782575
0 0.0932418 0.4889 0.137404 0.781675
0 0.810416 0.574609 0.123006 0.64752
0 0.929405 0.572046 0.12139 0.659
0 0.6866 0.573381 0.119158 0.64867
0 0.214224 0.493739 0.128709 0.777059
0 0.570026 0.508686 0.131622 0.778918
0 0.452377 0.506411 0.128708 0.789048
0 0.331316 0.507356 0.127905 0.782575
0 0.0932418 0.4889 0.137404 0.781675
0 0.810416 0.574609 0.123006 0.64752
0 0.929405 0.572046 0.12139 0.659
0 0.6866 0.573381 0.119158 0.64867
0 0.214224 0.493739 0.128709 0.777059
0 0.570026 0.508686 0.131622 0.778918
0 0.452377 0.506411 0.128708 0.789048
0 0.331316 0.507356 0.127905 0.782575
0 0.0932418 0.4889 0.137404 0.781675
0 0.810416 0.574609 0.123006 0.64752
0 0.929405 0.572046 0.12139 0.659
0 0.6866 0.573381 0.119158 0.64867
0 0.214224 0.493739 0.128709 0.777059
0 0.570026 0.508686 0.131622 0.778918
