0 0.534968 0.594168 0.191639 0.663339
0 0.145858 0.583172 0.198634 0.637426
0 0.342186 0.576819 0.194634 0.637276
0 0.736862 0.590991 0.192989 0.651832
0 0.025848 0.638262 0.0505752 0.480049
0 0.961359 0.625102 0.0772828 0.73875
0 0.733109 0.585475 0.187478 0.655002
0 0.534968 0.594168 0.191639 0.663339
0 0.145858 0.583172 0.198634 0.637426
0 0.342186 0.576819 0.194634 0.637276
0 0.736862 0.590991 0.192989 0.651832
0 0.025848 0.638262 0.0505752 0.480049
0 0.961359 0.625102 0.0772828 0.73875
0 0.733109 0.585475 0.187478 0.655002
0 0.534968 0.594168 0.191639 0.663339
0 0.145858 0.583172 0.198634 0.637426
0 0.342186 0.576819 0.194634 0.637276
0 0.736862 0.590991 0.192989 0.651832
0 0.025848 0.638262 0.0505752 0.480049
0 0.961359 0.625102 0.0772828 0.73875
0 0.733109 0.585475 0.187478 0.655002
0 0.535326 0.603823 0.190146 0.651247
0 0.146383 0.587037 0.192799 0.611636
0 0.342141 0.583482 0.195123 0.628598
0 0.0252185 0.63433 0.0504371 0.449203
0 0.540678 0.146125 0.155217 0.291155
0 0.371364 0.141153 0.16113 0.282305
0 0.957405 0.637712 0.0851898 0.700939
0 0.0480394 0.213427 0.095823 0.411487
0 0.737618 0.589196 0.19673 0.684223
0 0.535326 0.603823 0.190146 0.651247
0 0.146383 0.587037 0.192799 0.611636
0 0.342141 0.583482 0.195123 0.628598
0 0.0252185 0.63433 0.0504371 0.449203
0 0.540678 0.146125 0.155217 0.291155
0 0.371364 0.141153 0.16113 0.282305
0 0.957405 0.637712 0.0851898 0.700939
0 0.0480394 0.213427 0.095823 0.411487
0 0.737618 0.589196 0.19673 0.684223
0 0.947486 0.243694 0.102706 0.247084
0 0.535326 0.603823 0.190146 0.651247
0 0.146383 0.587037 0.192799 0.611636
0 0.342141 0.583482 0.195123 0.628598
0 0.0252185 0.63433 0.0504371 0.449203
0 0.540678 0.146125 0.155217 0.291155
0 0.371364 0.141153 0.16113 0.282305
0 0.957405 0.637712 0.0851898 0.700939
0 0.0480394 0.213427 0.095823 0.411487
0 0.737618 0.589196 0.19673 0.684223
0 0.535326 0.603823 0.190146 0.651247
0 0.146383 0.587037 0.192799 0.611636
0 0.342141 0.583482 0.195123 0.628598
0 0.0252185 0.63433 0.0504371 0.449203
0 0.540678 0.146125 0.155217 0.291155
0 0.371364 0.141153 0.16113 0.282305
0 0.957405 0.637712 0.0851898 0.700939
0 0.0480394 0.213427 0.095823 0.411487
0 0.737618 0.589196 0.19673 0.684223
