0 0.266305 0.522997 0.280394 0.461902
0 0.524664 0.530282 0.273048 0.451016
0 0.78643 0.530283 0.291232 0.476022
0 0.786637 0.530678 0.29116 0.472592
0 0.266305 0.522997 0.280394 0.461902
0 0.524664 0.530282 0.273048 0.451016
0 0.78643 0.530283 0.291232 0.476022
0 0.786637 0.530678 0.29116 0.472592
0 0.266305 0.522997 0.280394 0.461902
0 0.524664 0.530282 0.273048 0.451016
0 0.78643 0.530283 0.291232 0.476022
0 0.786637 0.530678 0.29116 0.472592
0 0.526396 0.539492 0.267135 0.432064
0 0.785526 0.546944 0.280544 0.438971
0 0.268282 0.535285 0.273404 0.435318
0 0.526396 0.539492 0.267135 0.432064
0 0.785526 0.546944 0.280544 0.438971
0 0.268282 0.535285 0.273404 0.435318
0 0.526396 0.539492 0.267135 0.432064
0 0.785526 0.546944 0.280544 0.438971
0 0.268282 0.535285 0.273404 0.435318
