0 0.739211 0.61526 0.0762734 0.616097
0 0.894798 0.626117 0.0758322 0.612012
0 0.340799 0.611623 0.0806333 0.615401
0 0.0989655 0.625998 0.0811441 0.574827
0 0.578997 0.612633 0.0776435 0.624307
0 0.49946 0.611022 0.0754616 0.631471
0 0.260698 0.602161 0.0792485 0.610197
0 0.660179 0.617299 0.0844727 0.623072
0 0.965878 0.629235 0.0676012 0.604388
0 0.419413 0.611014 0.0778472 0.610178
0 0.180564 0.59902 0.0814285 0.592844
0 0.817211 0.613302 0.0807743 0.62186
0 0.0300143 0.618041 0.059195 0.563745
0 0.939218 0.196781 0.117526 0.237493
0 0.739211 0.61526 0.0762734 0.616097
0 0.894798 0.626117 0.0758322 0.612012
0 0.340799 0.611623 0.0806333 0.615401
0 0.0989655 0.625998 0.0811441 0.574827
0 0.578997 0.612633 0.0776435 0.624307
0 0.49946 0.611022 0.0754616 0.631471
0 0.260698 0.602161 0.0792485 0.610197
0 0.660179 0.617299 0.0844727 0.623072
0 0.965878 0.629235 0.0676012 0.604388
0 0.419413 0.611014 0.0778472 0.610178
0 0.180564 0.59902 0.0814285 0.592844
0 0.817211 0.613302 0.0807743 0.62186
0 0.0300143 0.618041 0.059195 0.563745
0 0.939218 0.196781 0.117526 0.237493
0 0.739211 0.61526 0.0762734 0.616097
0 0.894798 0.626117 0.0758322 0.612012
0 0.340799 0.611623 0.0806333 0.615401
0 0.0989655 0.625998 0.0811441 0.574827
0 0.578997 0.612633 0.0776435 0.624307
0 0.49946 0.611022 0.0754616 0.631471
0 0.260698 0.602161 0.0792485 0.610197
0 0.660179 0.617299 0.0844727 0.623072
0 0.965878 0.629235 0.0676012 0.604388
0 0.419413 0.611014 0.0778472 0.610178
0 0.180564 0.59902 0.0814285 0.592844
0 0.817211 0.613302 0.0807743 0.62186
0 0.0300143 0.618041 0.059195 0.563745
0 0.939218 0.196781 0.117526 0.237493
0 0.180274 0.609829 0.0816521 0.611294
0 0.419334 0.620589 0.0792055 0.610667
0 0.578563 0.620453 0.0762231 0.62695
0 0.260654 0.609298 0.0793417 0.605393
0 0.660216 0.623627 0.0856958 0.622568
0 0.339811 0.627529 0.0799503 0.597277
0 0.964691 0.619433 0.0701364 0.631127
0 0.739944 0.61796 0.0753159 0.619197
0 0.028995 0.63404 0.0579899 0.56029
0 0.817136 0.622585 0.0813219 0.61371
0 0.894251 0.623896 0.0753251 0.600815
0 0.499886 0.617278 0.0750662 0.62842
0 0.0994882 0.628512 0.0803524 0.573744
0 0.180274 0.609829 0.0816521 0.611294
0 0.419334 0.620589 0.0792055 0.610667
0 0.578563 0.620453 0.0762231 0.62695
0 0.260654 0.609298 0.0793417 0.605393
0 0.660216 0.623627 0.0856958 0.622568
0 0.339811 0.627529 0.0799503 0.597277
0 0.964691 0.619433 0.0701364 0.631127
0 0.739944 0.61796 0.0753159 0.619197
0 0.028995 0.63404 0.0579899 0.56029
0 0.817136 0.622585 0.0813219 0.61371
0 0.894251 0.623896 0.0753251 0.600815
0 0.499886 0.617278 0.0750662 0.62842
0 0.0994882 0.628512 0.0803524 0.573744
0 0.180274 0.609829 0.0816521 0.611294
0 0.419334 0.620589 0.0792055 0.610667
0 0.578563 0.620453 0.0762231 0.62695
0 0.260654 0.609298 0.0793417 0.605393
0 0.660216 0.623627 0.0856958 0.622568
0 0.339811 0.627529 0.0799503 0.597277
0 0.964691 0.619433 0.0701364 0.631127
0 0.739944 0.61796 0.0753159 0.619197
0 0.028995 0.63404 0.0579899 0.56029
0 0.817136 0.622585 0.0813219 0.61371
0 0.894251 0.623896 0.0753251 0.600815
0 0.499886 0.617278 0.0750662 0.62842
0 0.0994882 0.628512 0.0803524 0.573744
0 0.180274 0.609829 0.0816521 0.611294
0 0.419334 0.620589 0.0792055 0.610667
0 0.578563 0.620453 0.0762231 0.62695
0 0.260654 0.609298 0.0793417 0.605393
0 0.660216 0.623627 0.0856958 0.622568
0 0.339811 0.627529 0.0799503 0.597277
0 0.964691 0.619433 0.0701364 0.631127
0 0.739944 0.61796 0.0753159 0.619197
0 0.028995 0.63404 0.0579899 0.56029
0 0.817136 0.622585 0.0813219 0.61371
0 0.894251 0.623896 0.0753251 0.600815
0 0.499886 0.617278 0.0750662 0.62842
0 0.0994882 0.628512 0.0803524 0.573744
