0 0.766416 0.647912 0.0626174 0.608881
0 0.890238 0.65642 0.0663467 0.629004
0 0.536159 0.630153 0.0555046 0.56313
0 0.827758 0.645085 0.0656358 0.626345
0 0.955194 0.655738 0.065699 0.62359
0 0.590839 0.63722 0.0565321 0.558529
0 0.648544 0.647641 0.0630141 0.580803
0 0.482852 0.617366 0.0538387 0.564345
0 0.329147 0.596709 0.0533287 0.54591
0 0.277831 0.587384 0.0541468 0.541319
0 0.380102 0.601363 0.054802 0.560383
0 0.0366507 0.5409 0.046958 0.510217
0 0.179573 0.562198 0.0557484 0.529862
0 0.0826447 0.552672 0.0468474 0.512251
0 0.432032 0.61002 0.0532054 0.56221
0 0.707608 0.645898 0.0598363 0.600074
0 0.228489 0.57807 0.0481947 0.537046
0 0.128767 0.557474 0.0496262 0.516915
0 0.432276 0.608125 0.0537504 0.565597
0 0.00634568 0.521768 0.0126821 0.528404
0 0.766416 0.647912 0.0626174 0.608881
0 0.890238 0.65642 0.0663467 0.629004
0 0.536159 0.630153 0.0555046 0.56313
0 0.827758 0.645085 0.0656358 0.626345
0 0.955194 0.655738 0.065699 0.62359
0 0.590839 0.63722 0.0565321 0.558529
0 0.648544 0.647641 0.0630141 0.580803
0 0.482852 0.617366 0.0538387 0.564345
0 0.329147 0.596709 0.0533287 0.54591
0 0.277831 0.587384 0.0541468 0.541319
0 0.380102 0.601363 0.054802 0.560383
0 0.0366507 0.5409 0.046958 0.510217
0 0.179573 0.562198 0.0557484 0.529862
0 0.0826447 0.552672 0.0468474 0.512251
0 0.432032 0.61002 0.0532054 0.56221
0 0.707608 0.645898 0.0598363 0.600074
0 0.228489 0.57807 0.0481947 0.537046
0 0.128767 0.557474 0.0496262 0.516915
0 0.432276 0.608125 0.0537504 0.565597
0 0.00634568 0.521768 0.0126821 0.528404
0 0.766416 0.647912 0.0626174 0.608881
0 0.890238 0.65642 0.0663467 0.629004
0 0.536159 0.630153 0.0555046 0.56313
0 0.827758 0.645085 0.0656358 0.626345
0 0.955194 0.655738 0.065699 0.62359
0 0.590839 0.63722 0.0565321 0.558529
0 0.648544 0.647641 0.0630141 0.580803
0 0.482852 0.617366 0.0538387 0.564345
0 0.329147 0.596709 0.0533287 0.54591
0 0.277831 0.587384 0.0541468 0.541319
0 0.380102 0.601363 0.054802 0.560383
0 0.0366507 0.5409 0.046958 0.510217
0 0.179573 0.562198 0.0557484 0.529862
0 0.0826447 0.552672 0.0468474 0.512251
0 0.432032 0.61002 0.0532054 0.56221
0 0.707608 0.645898 0.0598363 0.600074
0 0.228489 0.57807 0.0481947 0.537046
0 0.128767 0.557474 0.0496262 0.516915
0 0.432276 0.608125 0.0537504 0.565597
0 0.00634568 0.521768 0.0126821 0.528404
0 0.890007 0.659786 0.0681684 0.626444
0 0.536742 0.631917 0.0596579 0.560026
0 0.648852 0.652408 0.0627115 0.571306
0 0.482738 0.617902 0.0568403 0.56434
0 0.766417 0.647454 0.0648895 0.606179
0 0.431842 0.61524 0.0550925 0.561032
0 0.706815 0.658847 0.061689 0.580399
0 0.3798 0.605507 0.0580152 0.564406
0 0.32815 0.597151 0.0560637 0.551321
0 0.827366 0.651781 0.06549 0.619092
0 0.591539 0.639698 0.0583516 0.554756
0 0.953611 0.657882 0.0668441 0.641411
0 0.228046 0.581118 0.0507833 0.536823
0 0.0360932 0.544819 0.052096 0.51594
0 0.277552 0.587751 0.0554253 0.545375
0 0.0821692 0.557741 0.0502631 0.507552
0 0.128645 0.567837 0.0509011 0.51884
0 0.00613256 0.515802 0.0122651 0.562691
0 0.178559 0.573314 0.0568837 0.530343
0 0.1284 0.566457 0.0515591 0.518173
0 0.890007 0.659786 0.0681684 0.626444
0 0.536742 0.631917 0.0596579 0.560026
0 0.648852 0.652408 0.0627115 0.571306
0 0.482738 0.617902 0.0568403 0.56434
0 0.766417 0.647454 0.0648895 0.606179
0 0.431842 0.61524 0.0550925 0.561032
0 0.706815 0.658847 0.061689 0.580399
0 0.3798 0.605507 0.0580152 0.564406
0 0.32815 0.597151 0.0560637 0.551321
0 0.827366 0.651781 0.06549 0.619092
0 0.591539 0.639698 0.0583516 0.554756
0 0.953611 0.657882 0.0668441 0.641411
0 0.228046 0.581118 0.0507833 0.536823
0 0.0360932 0.544819 0.052096 0.51594
0 0.277552 0.587751 0.0554253 0.545375
0 0.0821692 0.557741 0.0502631 0.507552
0 0.128645 0.567837 0.0509011 0.51884
0 0.00613256 0.515802 0.0122651 0.562691
0 0.178559 0.573314 0.0568837 0.530343
0 0.1284 0.566457 0.0515591 0.518173
0 0.178451 0.571534 0.05758 0.53144
0 0.991709 0.675306 0.0165144 0.649389
0 0.890007 0.659786 0.0681684 0.626444
0 0.536742 0.631917 0.0596579 0.560026
0 0.648852 0.652408 0.0627115 0.571306
0 0.482738 0.617902 0.0568403 0.56434
0 0.766417 0.647454 0.0648895 0.606179
0 0.431842 0.61524 0.0550925 0.561032
0 0.706815 0.658847 0.061689 0.580399
0 0.3798 0.605507 0.0580152 0.564406
0 0.32815 0.597151 0.0560637 0.551321
0 0.827366 0.651781 0.06549 0.619092
0 0.591539 0.639698 0.0583516 0.554756
0 0.953611 0.657882 0.0668441 0.641411
0 0.228046 0.581118 0.0507833 0.536823
0 0.0360932 0.544819 0.052096 0.51594
0 0.277552 0.587751 0.0554253 0.545375
0 0.0821692 0.557741 0.0502631 0.507552
0 0.128645 0.567837 0.0509011 0.51884
0 0.00613256 0.515802 0.0122651 0.562691
0 0.178559 0.573314 0.0568837 0.530343
0 0.1284 0.566457 0.0515591 0.518173
