0 0.390682 0.556435 0.219629 0.8651
0 0.851347 0.598224 0.250224 0.715892
0 0.110979 0.562378 0.203012 0.826178
0 0.593547 0.537235 0.21827 0.73753
0 0.390682 0.556435 0.219629 0.8651
0 0.851347 0.598224 0.250224 0.715892
0 0.110979 0.562378 0.203012 0.826178
0 0.593547 0.537235 0.21827 0.73753
0 0.390682 0.556435 0.219629 0.8651
0 0.851347 0.598224 0.250224 0.715892
0 0.110979 0.562378 0.203012 0.826178
0 0.593547 0.537235 0.21827 0.73753
0 0.116676 0.543109 0.179603 0.754029
0 0.390838 0.569094 0.212889 0.840299
0 0.116676 0.543109 0.179603 0.754029
0 0.390838 0.569094 0.212889 0.840299
0 0.116676 0.543109 0.179603 0.754029
0 0.390838 0.569094 0.212889 0.840299
0 0.116676 0.543109 0.179603 0.754029
0 0.390838 0.569094 0.212889 0.840299
