0 0.319314 0.590211 0.286365 0.505093
0 0.341253 0.203073 0.247882 0.34183
0 0.635288 0.824604 0.248065 0.350792
0 0.0551919 0.824644 0.110251 0.350712
0 0.319314 0.590211 0.286365 0.505093
0 0.341253 0.203073 0.247882 0.34183
0 0.635288 0.824604 0.248065 0.350792
0 0.0551919 0.824644 0.110251 0.350712
0 0.102907 0.535842 0.205625 0.928316
0 0.326251 0.502003 0.308584 0.941124
0 0.102907 0.535842 0.205625 0.928316
0 0.326251 0.502003 0.308584 0.941124
0 0.102907 0.535842 0.205625 0.928316
0 0.326251 0.502003 0.308584 0.941124
0 0.102907 0.535842 0.205625 0.928316
0 0.326251 0.502003 0.308584 0.941124
