0 0.431572 0.669241 0.148331 0.622823
0 0.0847719 0.645827 0.166995 0.676849
0 0.28686 0.679546 0.152173 0.605917
0 0.577264 0.664501 0.148052 0.620536
0 0.709859 0.63633 0.140675 0.673247
0 0.840535 0.609989 0.146763 0.705936
0 0.952517 0.613714 0.0949653 0.689317
0 0.431572 0.669241 0.148331 0.622823
0 0.0847719 0.645827 0.166995 0.676849
0 0.28686 0.679546 0.152173 0.605917
0 0.577264 0.664501 0.148052 0.620536
0 0.709859 0.63633 0.140675 0.673247
0 0.840535 0.609989 0.146763 0.705936
0 0.952517 0.613714 0.0949653 0.689317
0 0.431572 0.669241 0.148331 0.622823
0 0.0847719 0.645827 0.166995 0.676849
0 0.28686 0.679546 0.152173 0.605917
0 0.577264 0.664501 0.148052 0.620536
0 0.709859 0.63633 0.140675 0.673247
0 0.840535 0.609989 0.146763 0.705936
0 0.952517 0.613714 0.0949653 0.689317
0 0.711576 0.674472 0.140079 0.605068
0 0.433256 0.647536 0.149869 0.670015
0 0.577236 0.668741 0.149963 0.621202
0 0.288512 0.674014 0.151903 0.628742
0 0.840905 0.624866 0.137217 0.692499
0 0.953117 0.704935 0.0936364 0.504707
0 0.0847672 0.66154 0.163898 0.676581
0 0.0853356 0.655747 0.164201 0.688505
0 0.711576 0.674472 0.140079 0.605068
0 0.433256 0.647536 0.149869 0.670015
0 0.577236 0.668741 0.149963 0.621202
0 0.288512 0.674014 0.151903 0.628742
0 0.840905 0.624866 0.137217 0.692499
0 0.953117 0.704935 0.0936364 0.504707
0 0.0847672 0.66154 0.163898 0.676581
0 0.0853356 0.655747 0.164201 0.688505
0 0.95378 0.684659 0.0917774 0.461765
