0 0.886834 0.518447 0.212361 0.888076
0 0.695597 0.551398 0.163932 0.792688
0 0.191579 0.53601 0.20157 0.765706
0 0.0685168 0.605118 0.10614 0.589665
0 0.347425 0.54474 0.120537 0.767786
0 0.542861 0.544745 0.135644 0.777338
0 0.548036 0.550685 0.131482 0.772791
0 0.886834 0.518447 0.212361 0.888076
0 0.695597 0.551398 0.163932 0.792688
0 0.191579 0.53601 0.20157 0.765706
0 0.0685168 0.605118 0.10614 0.589665
0 0.347425 0.54474 0.120537 0.767786
0 0.542861 0.544745 0.135644 0.777338
0 0.548036 0.550685 0.131482 0.772791
0 0.886834 0.518447 0.212361 0.888076
0 0.695597 0.551398 0.163932 0.792688
0 0.191579 0.53601 0.20157 0.765706
0 0.0685168 0.605118 0.10614 0.589665
0 0.347425 0.54474 0.120537 0.767786
0 0.542861 0.544745 0.135644 0.777338
0 0.548036 0.550685 0.131482 0.772791
0 0.0674885 0.604471 0.100059 0.568922
0 0.881233 0.536232 0.181581 0.848813
0 0.34365 0.598197 0.109775 0.633856
0 0.439026 0.546111 0.105114 0.739615
0 0.691293 0.560898 0.160572 0.760325
0 0.151427 0.529521 0.0911009 0.729997
0 0.238003 0.537729 0.10868 0.740084
0 0.2396 0.523437 0.103207 0.715622
0 0.541684 0.456272 0.116002 0.550835
0 0.545278 0.555362 0.120535 0.753186
0 0.0674885 0.604471 0.100059 0.568922
0 0.881233 0.536232 0.181581 0.848813
0 0.34365 0.598197 0.109775 0.633856
0 0.439026 0.546111 0.105114 0.739615
0 0.691293 0.560898 0.160572 0.760325
0 0.151427 0.529521 0.0911009 0.729997
0 0.238003 0.537729 0.10868 0.740084
0 0.2396 0.523437 0.103207 0.715622
0 0.541684 0.456272 0.116002 0.550835
0 0.545278 0.555362 0.120535 0.753186
0 0.0674885 0.604471 0.100059 0.568922
0 0.881233 0.536232 0.181581 0.848813
0 0.34365 0.598197 0.109775 0.633856
0 0.439026 0.546111 0.105114 0.739615
0 0.691293 0.560898 0.160572 0.760325
0 0.151427 0.529521 0.0911009 0.729997
0 0.238003 0.537729 0.10868 0.740084
0 0.2396 0.523437 0.103207 0.715622
0 0.541684 0.456272 0.116002 0.550835
0 0.545278 0.555362 0.120535 0.753186
0 0.0674885 0.604471 0.100059 0.568922
0 0.881233 0.536232 0.181581 0.848813
0 0.34365 0.598197 0.109775 0.633856
0 0.439026 0.546111 0.105114 0.739615
0 0.691293 0.560898 0.160572 0.760325
0 0.151427 0.529521 0.0911009 0.729997
0 0.238003 0.537729 0.10868 0.740084
0 0.2396 0.523437 0.103207 0.715622
0 0.541684 0.456272 0.116002 0.550835
0 0.545278 0.555362 0.120535 0.753186
