0 0.842117 0.631513 0.105841 0.657191
0 0.558234 0.690411 0.0917569 0.533914
0 0.647869 0.64938 0.0944178 0.61108
0 0.104058 0.486822 0.176527 0.931815
0 0.370502 0.474068 0.120125 0.948136
0 0.74109 0.636248 0.0979709 0.648443
0 0.470394 0.628094 0.0878463 0.638176
0 0.0194829 0.50699 0.0385964 0.924219
0 0.740818 0.633858 0.0974234 0.651909
0 0.019157 0.517293 0.0381511 0.9062
0 0.980816 0.316217 0.0383673 0.506245
0 0.842117 0.631513 0.105841 0.657191
0 0.558234 0.690411 0.0917569 0.533914
0 0.647869 0.64938 0.0944178 0.61108
0 0.104058 0.486822 0.176527 0.931815
0 0.370502 0.474068 0.120125 0.948136
0 0.74109 0.636248 0.0979709 0.648443
0 0.470394 0.628094 0.0878463 0.638176
0 0.0194829 0.50699 0.0385964 0.924219
0 0.740818 0.633858 0.0974234 0.651909
0 0.019157 0.517293 0.0381511 0.9062
0 0.980816 0.316217 0.0383673 0.506245
0 0.842117 0.631513 0.105841 0.657191
0 0.558234 0.690411 0.0917569 0.533914
0 0.647869 0.64938 0.0944178 0.61108
0 0.104058 0.486822 0.176527 0.931815
0 0.370502 0.474068 0.120125 0.948136
0 0.74109 0.636248 0.0979709 0.648443
0 0.470394 0.628094 0.0878463 0.638176
0 0.0194829 0.50699 0.0385964 0.924219
0 0.740818 0.633858 0.0974234 0.651909
0 0.019157 0.517293 0.0381511 0.9062
0 0.980816 0.316217 0.0383673 0.506245
0 0.843743 0.639228 0.103373 0.637047
0 0.648029 0.645335 0.0941145 0.615144
0 0.47029 0.615531 0.0893635 0.658413
0 0.743421 0.636623 0.0987416 0.629145
0 0.558015 0.634562 0.0918927 0.636487
0 0.370653 0.481221 0.121307 0.934628
0 0.0195956 0.504622 0.0391911 0.897439
0 0.108125 0.490856 0.175777 0.891319
0 0.979372 0.340513 0.041256 0.598007
0 0.843743 0.639228 0.103373 0.637047
0 0.648029 0.645335 0.0941145 0.615144
0 0.47029 0.615531 0.0893635 0.658413
0 0.743421 0.636623 0.0987416 0.629145
0 0.558015 0.634562 0.0918927 0.636487
0 0.370653 0.481221 0.121307 0.934628
0 0.0195956 0.504622 0.0391911 0.897439
0 0.108125 0.490856 0.175777 0.891319
0 0.979372 0.340513 0.041256 0.598007
0 0.108542 0.378388 0.176921 0.686329
0 0.0191394 0.499196 0.0382788 0.888188
0 0.843743 0.639228 0.103373 0.637047
0 0.648029 0.645335 0.0941145 0.615144
0 0.47029 0.615531 0.0893635 0.658413
0 0.743421 0.636623 0.0987416 0.629145
0 0.558015 0.634562 0.0918927 0.636487
0 0.370653 0.481221 0.121307 0.934628
0 0.0195956 0.504622 0.0391911 0.897439
0 0.108125 0.490856 0.175777 0.891319
0 0.979372 0.340513 0.041256 0.598007
0 0.843743 0.639228 0.103373 0.637047
0 0.648029 0.645335 0.0941145 0.615144
0 0.47029 0.615531 0.0893635 0.658413
0 0.743421 0.636623 0.0987416 0.629145
0 0.558015 0.634562 0.0918927 0.636487
0 0.370653 0.481221 0.121307 0.934628
0 0.0195956 0.504622 0.0391911 0.897439
0 0.108125 0.490856 0.175777 0.891319
0 0.979372 0.340513 0.041256 0.598007
