0 0.333813 0.614068 0.348917 0.771865
0 0.0893323 0.595798 0.178665 0.762665
0 0.337985 0.615526 0.351797 0.768949
0 0.333813 0.614068 0.348917 0.771865
0 0.0893323 0.595798 0.178665 0.762665
0 0.337985 0.615526 0.351797 0.768949
0 0.333813 0.614068 0.348917 0.771865
0 0.0893323 0.595798 0.178665 0.762665
0 0.337985 0.615526 0.351797 0.768949
0 0.933339 0.204178 0.106787 0.387628
0 0.614166 0.315238 0.120799 0.370849
0 0.732961 0.272144 0.130824 0.360672
0 0.841878 0.225589 0.0839032 0.367281
0 0.0888919 0.615975 0.175943 0.740334
0 0.841795 0.222662 0.0833677 0.369913
0 0.933339 0.204178 0.106787 0.387628
0 0.614166 0.315238 0.120799 0.370849
0 0.732961 0.272144 0.130824 0.360672
0 0.841878 0.225589 0.0839032 0.367281
0 0.0888919 0.615975 0.175943 0.740334
0 0.841795 0.222662 0.0833677 0.369913
0 0.732287 0.274222 0.130487 0.356863
0 0.988081 0.201582 0.0238372 0.328901
0 0.933339 0.204178 0.106787 0.387628
0 0.614166 0.315238 0.120799 0.370849
0 0.732961 0.272144 0.130824 0.360672
0 0.841878 0.225589 0.0839032 0.367281
0 0.0888919 0.615975 0.175943 0.740334
0 0.841795 0.222662 0.0833677 0.369913
0 0.933339 0.204178 0.106787 0.387628
0 0.614166 0.315238 0.120799 0.370849
0 0.732961 0.272144 0.130824 0.360672
0 0.841878 0.225589 0.0839032 0.367281
0 0.0888919 0.615975 0.175943 0.740334
0 0.841795 0.222662 0.0833677 0.369913
