0 0.492081 0.451278 0.263864 0.748319
0 0.752763 0.44882 0.268651 0.756754
0 0.944132 0.433471 0.111737 0.769094
0 0.0615112 0.447899 0.123022 0.736196
0 0.243157 0.450968 0.246605 0.741292
0 0.492081 0.451278 0.263864 0.748319
0 0.752763 0.44882 0.268651 0.756754
0 0.944132 0.433471 0.111737 0.769094
0 0.0615112 0.447899 0.123022 0.736196
0 0.243157 0.450968 0.246605 0.741292
0 0.492081 0.451278 0.263864 0.748319
0 0.752763 0.44882 0.268651 0.756754
0 0.944132 0.433471 0.111737 0.769094
0 0.0615112 0.447899 0.123022 0.736196
0 0.243157 0.450968 0.246605 0.741292
0 0.0629102 0.453516 0.12517 0.73955
0 0.492087 0.453626 0.256646 0.751409
0 0.243482 0.45761 0.239748 0.735936
0 0.755668 0.450008 0.265204 0.762631
0 0.944221 0.435233 0.111289 0.783948
0 0.0629102 0.453516 0.12517 0.73955
0 0.492087 0.453626 0.256646 0.751409
0 0.243482 0.45761 0.239748 0.735936
0 0.755668 0.450008 0.265204 0.762631
0 0.944221 0.435233 0.111289 0.783948
0 0.0629102 0.453516 0.12517 0.73955
0 0.492087 0.453626 0.256646 0.751409
0 0.243482 0.45761 0.239748 0.735936
0 0.755668 0.450008 0.265204 0.762631
0 0.944221 0.435233 0.111289 0.783948
0 0.0629102 0.453516 0.12517 0.73955
0 0.492087 0.453626 0.256646 0.751409
0 0.243482 0.45761 0.239748 0.735936
0 0.755668 0.450008 0.265204 0.762631
0 0.944221 0.435233 0.111289 0.783948
