0 0.290993 0.627142 0.263601 0.702244
0 0.0922449 0.58364 0.18449 0.739052
0 0.0440487 0.654983 0.0880974 0.576779
0 0.711314 0.681711 0.15975 0.633012
0 0.527391 0.639491 0.255359 0.697203
0 0.967891 0.670313 0.0642177 0.659375
0 0.290993 0.627142 0.263601 0.702244
0 0.0922449 0.58364 0.18449 0.739052
0 0.0440487 0.654983 0.0880974 0.576779
0 0.711314 0.681711 0.15975 0.633012
0 0.527391 0.639491 0.255359 0.697203
0 0.967891 0.670313 0.0642177 0.659375
0 0.290993 0.627142 0.263601 0.702244
0 0.0922449 0.58364 0.18449 0.739052
0 0.0440487 0.654983 0.0880974 0.576779
0 0.711314 0.681711 0.15975 0.633012
0 0.527391 0.639491 0.255359 0.697203
0 0.967891 0.670313 0.0642177 0.659375
0 0.0911778 0.584961 0.180758 0.736241
0 0.292244 0.624184 0.257158 0.704835
0 0.535925 0.65889 0.236109 0.661977
0 0.780636 0.660997 0.259753 0.678006
0 0.946225 0.662985 0.107549 0.67403
0 0.0911778 0.584961 0.180758 0.736241
0 0.292244 0.624184 0.257158 0.704835
0 0.535925 0.65889 0.236109 0.661977
0 0.780636 0.660997 0.259753 0.678006
0 0.946225 0.662985 0.107549 0.67403
0 0.949731 0.670565 0.100537 0.658871
0 0.0911778 0.584961 0.180758 0.736241
0 0.292244 0.624184 0.257158 0.704835
0 0.535925 0.65889 0.236109 0.661977
0 0.780636 0.660997 0.259753 0.678006
0 0.946225 0.662985 0.107549 0.67403
0 0.0911778 0.584961 0.180758 0.736241
0 0.292244 0.624184 0.257158 0.704835
0 0.535925 0.65889 0.236109 0.661977
0 0.780636 0.660997 0.259753 0.678006
0 0.946225 0.662985 0.107549 0.67403
