0 0.855489 0.798362 0.125505 0.360111
0 0.774285 0.374847 0.143306 0.507931
0 0.898384 0.381764 0.134162 0.488539
0 0.743186 0.795403 0.127325 0.354354
0 0.186365 0.294416 0.344828 0.516257
0 0.53436 0.331016 0.365563 0.519263
0 0.953736 0.809792 0.0903329 0.341006
0 0.572755 0.777602 0.230189 0.387658
0 0.590661 0.329698 0.242607 0.524599
0 0.855489 0.798362 0.125505 0.360111
0 0.774285 0.374847 0.143306 0.507931
0 0.898384 0.381764 0.134162 0.488539
0 0.743186 0.795403 0.127325 0.354354
0 0.186365 0.294416 0.344828 0.516257
0 0.53436 0.331016 0.365563 0.519263
0 0.953736 0.809792 0.0903329 0.341006
0 0.572755 0.777602 0.230189 0.387658
0 0.590661 0.329698 0.242607 0.524599
0 0.853493 0.826858 0.122768 0.309495
0 0.77206 0.405131 0.143622 0.456759
0 0.184223 0.288479 0.296445 0.52488
0 0.533974 0.515278 0.373522 0.94625
0 0.895994 0.418691 0.135596 0.421013
0 0.742052 0.811977 0.126001 0.327335
0 0.186 0.739136 0.321602 0.455768
0 0.954267 0.822199 0.0914652 0.318075
0 0.853493 0.826858 0.122768 0.309495
0 0.77206 0.405131 0.143622 0.456759
0 0.184223 0.288479 0.296445 0.52488
0 0.533974 0.515278 0.373522 0.94625
0 0.895994 0.418691 0.135596 0.421013
0 0.742052 0.811977 0.126001 0.327335
0 0.186 0.739136 0.321602 0.455768
0 0.954267 0.822199 0.0914652 0.318075
0 0.406159 0.769321 0.12497 0.395203
0 0.519233 0.772608 0.359495 0.407355
0 0.853493 0.826858 0.122768 0.309495
0 0.77206 0.405131 0.143622 0.456759
0 0.184223 0.288479 0.296445 0.52488
0 0.533974 0.515278 0.373522 0.94625
0 0.895994 0.418691 0.135596 0.421013
0 0.742052 0.811977 0.126001 0.327335
0 0.186 0.739136 0.321602 0.455768
0 0.954267 0.822199 0.0914652 0.318075
0 0.853493 0.826858 0.122768 0.309495
0 0.77206 0.405131 0.143622 0.456759
0 0.184223 0.288479 0.296445 0.52488
0 0.533974 0.515278 0.373522 0.94625
0 0.895994 0.418691 0.135596 0.421013
0 0.742052 0.811977 0.126001 0.327335
0 0.186 0.739136 0.321602 0.455768
0 0.954267 0.822199 0.0914652 0.318075
