0 0.775558 0.554987 0.299938 0.709916
0 0.521993 0.558924 0.295676 0.771221
0 0.209227 0.618228 0.321624 0.72256
0 0.0477826 0.625704 0.0955652 0.748592
0 0.948478 0.467511 0.103043 0.75943
0 0.0468856 0.629016 0.0937711 0.741967
0 0.775558 0.554987 0.299938 0.709916
0 0.521993 0.558924 0.295676 0.771221
0 0.209227 0.618228 0.321624 0.72256
0 0.0477826 0.625704 0.0955652 0.748592
0 0.948478 0.467511 0.103043 0.75943
0 0.0468856 0.629016 0.0937711 0.741967
0 0.775558 0.554987 0.299938 0.709916
0 0.521993 0.558924 0.295676 0.771221
0 0.209227 0.618228 0.321624 0.72256
0 0.0477826 0.625704 0.0955652 0.748592
0 0.948478 0.467511 0.103043 0.75943
0 0.0468856 0.629016 0.0937711 0.741967
0 0.188259 0.576901 0.376518 0.832535
0 0.527169 0.54982 0.274372 0.748143
0 0.771512 0.474295 0.299512 0.830256
0 0.944001 0.429695 0.111204 0.848124
0 0.188259 0.576901 0.376518 0.832535
0 0.527169 0.54982 0.274372 0.748143
0 0.771512 0.474295 0.299512 0.830256
0 0.944001 0.429695 0.111204 0.848124
0 0.942009 0.429208 0.115982 0.835245
0 0.188259 0.576901 0.376518 0.832535
0 0.527169 0.54982 0.274372 0.748143
0 0.771512 0.474295 0.299512 0.830256
0 0.944001 0.429695 0.111204 0.848124
0 0.188259 0.576901 0.376518 0.832535
0 0.527169 0.54982 0.274372 0.748143
0 0.771512 0.474295 0.299512 0.830256
0 0.944001 0.429695 0.111204 0.848124
