0 0.748033 0.443492 0.388916 0.728811
0 0.349824 0.416595 0.401964 0.692628
0 0.748033 0.443492 0.388916 0.728811
0 0.349824 0.416595 0.401964 0.692628
0 0.748033 0.443492 0.388916 0.728811
0 0.349824 0.416595 0.401964 0.692628
0 0.354409 0.586655 0.362611 0.351932
0 0.747152 0.248571 0.358934 0.394217
0 0.748491 0.619071 0.367198 0.361546
0 0.747969 0.608395 0.368922 0.344145
0 0.354409 0.586655 0.362611 0.351932
0 0.747152 0.248571 0.358934 0.394217
0 0.748491 0.619071 0.367198 0.361546
0 0.747969 0.608395 0.368922 0.344145
0 0.29253 0.257596 0.512374 0.515191
0 0.750142 0.245153 0.359566 0.409696
0 0.356394 0.586122 0.366198 0.351826
0 0.354409 0.586655 0.362611 0.351932
0 0.747152 0.248571 0.358934 0.394217
0 0.748491 0.619071 0.367198 0.361546
0 0.747969 0.608395 0.368922 0.344145
