0 0.180879 0.679896 0.153038 0.434669
0 0.0753455 0.481321 0.150691 0.840429
0 0.734672 0.769592 0.201371 0.364407
0 0.180879 0.679896 0.153038 0.434669
0 0.0753455 0.481321 0.150691 0.840429
0 0.734672 0.769592 0.201371 0.364407
0 0.180879 0.679896 0.153038 0.434669
0 0.0753455 0.481321 0.150691 0.840429
0 0.734672 0.769592 0.201371 0.364407
0 0.0724113 0.473588 0.14444 0.811211
0 0.314772 0.632922 0.16238 0.547335
0 0.530304 0.744475 0.184616 0.34328
0 0.0724113 0.473588 0.14444 0.811211
0 0.314772 0.632922 0.16238 0.547335
0 0.530304 0.744475 0.184616 0.34328
0 0.316215 0.632004 0.164531 0.552856
0 0.248653 0.472303 0.249572 0.816783
0 0.706653 0.675074 0.15649 0.54256
0 0.0724113 0.473588 0.14444 0.811211
0 0.314772 0.632922 0.16238 0.547335
0 0.530304 0.744475 0.184616 0.34328
0 0.0724113 0.473588 0.14444 0.811211
0 0.314772 0.632922 0.16238 0.547335
0 0.530304 0.744475 0.184616 0.34328
