0 0.493509 0.694377 0.383535 0.555277
0 0.73322 0.670905 0.115992 0.31412
0 0.506801 0.295671 0.316556 0.301556
0 0.842389 0.666274 0.0915962 0.295002
0 0.0832251 0.23285 0.165476 0.134433
0 0.493509 0.694377 0.383535 0.555277
0 0.73322 0.670905 0.115992 0.31412
0 0.506801 0.295671 0.316556 0.301556
0 0.842389 0.666274 0.0915962 0.295002
0 0.0832251 0.23285 0.165476 0.134433
0 0.493509 0.694377 0.383535 0.555277
0 0.73322 0.670905 0.115992 0.31412
0 0.506801 0.295671 0.316556 0.301556
0 0.842389 0.666274 0.0915962 0.295002
0 0.0832251 0.23285 0.165476 0.134433
0 0.0821727 0.232247 0.164291 0.13475
0 0.514168 0.304317 0.318491 0.290596
0 0.0941684 0.110783 0.184159 0.150339
0 0.839356 0.665674 0.0958758 0.308117
0 0.734717 0.675268 0.116319 0.313733
0 0.496737 0.831335 0.350657 0.263587
0 0.0821727 0.232247 0.164291 0.13475
0 0.514168 0.304317 0.318491 0.290596
0 0.0941684 0.110783 0.184159 0.150339
0 0.839356 0.665674 0.0958758 0.308117
0 0.734717 0.675268 0.116319 0.313733
0 0.496737 0.831335 0.350657 0.263587
0 0.049002 0.532023 0.098004 0.328449
0 0.0821727 0.232247 0.164291 0.13475
0 0.514168 0.304317 0.318491 0.290596
0 0.0941684 0.110783 0.184159 0.150339
0 0.839356 0.665674 0.0958758 0.308117
0 0.734717 0.675268 0.116319 0.313733
0 0.496737 0.831335 0.350657 0.263587
