0 0.675049 0.526361 0.521261 0.947278
0 0.343214 0.49654 0.27145 0.735447
0 0.0617289 0.570446 0.123458 0.798201
0 0.675049 0.526361 0.521261 0.947278
0 0.343214 0.49654 0.27145 0.735447
0 0.0617289 0.570446 0.123458 0.798201
0 0.675049 0.526361 0.521261 0.947278
0 0.343214 0.49654 0.27145 0.735447
0 0.0617289 0.570446 0.123458 0.798201
0 0.0529711 0.589181 0.105177 0.754602
0 0.340384 0.488704 0.221689 0.70005
0 0.53472 0.481493 0.166499 0.623361
0 0.0529711 0.589181 0.105177 0.754602
0 0.340384 0.488704 0.221689 0.70005
0 0.53472 0.481493 0.166499 0.623361
0 0.783467 0.578922 0.325329 0.840605
0 0.172967 0.546814 0.142302 0.729512
0 0.70389 0.523197 0.592219 0.953607
0 0.0529711 0.589181 0.105177 0.754602
0 0.340384 0.488704 0.221689 0.70005
0 0.53472 0.481493 0.166499 0.623361
0 0.0529711 0.589181 0.105177 0.754602
0 0.340384 0.488704 0.221689 0.70005
0 0.53472 0.481493 0.166499 0.623361
