0 0.181605 0.577657 0.117318 0.827476
0 0.303958 0.589872 0.1325 0.792287
0 0.0389279 0.686967 0.0607503 0.555654
0 0.440044 0.606945 0.146466 0.770183
0 0.534551 0.665241 0.063333 0.661959
0 0.0762877 0.614541 0.111976 0.743998
0 0.181605 0.577657 0.117318 0.827476
0 0.303958 0.589872 0.1325 0.792287
0 0.0389279 0.686967 0.0607503 0.555654
0 0.440044 0.606945 0.146466 0.770183
0 0.534551 0.665241 0.063333 0.661959
0 0.0762877 0.614541 0.111976 0.743998
0 0.181605 0.577657 0.117318 0.827476
0 0.303958 0.589872 0.1325 0.792287
0 0.0389279 0.686967 0.0607503 0.555654
0 0.440044 0.606945 0.146466 0.770183
0 0.534551 0.665241 0.063333 0.661959
0 0.0762877 0.614541 0.111976 0.743998
0 0.18535 0.589812 0.123705 0.817132
0 0.303814 0.621886 0.130087 0.756227
0 0.437265 0.648428 0.141899 0.698466
0 0.0990563 0.622647 0.068886 0.741581
0 0.0381036 0.690543 0.0629669 0.554079
0 0.90359 0.711701 0.182848 0.576598
0 0.9916 0.721794 0.0167995 0.556413
0 0.18535 0.589812 0.123705 0.817132
0 0.303814 0.621886 0.130087 0.756227
0 0.437265 0.648428 0.141899 0.698466
0 0.0990563 0.622647 0.068886 0.741581
0 0.0381036 0.690543 0.0629669 0.554079
0 0.90359 0.711701 0.182848 0.576598
0 0.9916 0.721794 0.0167995 0.556413
0 0.00486222 0.674067 0.00972444 0.556219
