0 0.164778 0.749871 0.23588 0.460971
0 0.631625 0.735638 0.208562 0.459602
0 0.875136 0.723807 0.157844 0.269895
0 0.393389 0.697523 0.233566 0.379622
0 0.842691 0.450227 0.168076 0.272473
0 0.164778 0.749871 0.23588 0.460971
0 0.631625 0.735638 0.208562 0.459602
0 0.875136 0.723807 0.157844 0.269895
0 0.393389 0.697523 0.233566 0.379622
0 0.842691 0.450227 0.168076 0.272473
0 0.164778 0.749871 0.23588 0.460971
0 0.631625 0.735638 0.208562 0.459602
0 0.875136 0.723807 0.157844 0.269895
0 0.393389 0.697523 0.233566 0.379622
0 0.842691 0.450227 0.168076 0.272473
0 0.629498 0.727043 0.214217 0.467336
0 0.393523 0.696848 0.235255 0.384759
0 0.879505 0.728771 0.15078 0.261268
0 0.163544 0.747965 0.236854 0.464419
0 0.844113 0.452095 0.176221 0.278244
0 0.629498 0.727043 0.214217 0.467336
0 0.393523 0.696848 0.235255 0.384759
0 0.879505 0.728771 0.15078 0.261268
0 0.163544 0.747965 0.236854 0.464419
0 0.844113 0.452095 0.176221 0.278244
0 0.629498 0.727043 0.214217 0.467336
0 0.393523 0.696848 0.235255 0.384759
0 0.879505 0.728771 0.15078 0.261268
0 0.163544 0.747965 0.236854 0.464419
0 0.844113 0.452095 0.176221 0.278244
