0 0.0815784 0.290208 0.0956264 0.511773
0 0.431964 0.446143 0.118679 0.414591
0 0.165805 0.308775 0.0918082 0.518474
0 0.549333 0.493355 0.126633 0.427551
0 0.314254 0.360916 0.124517 0.53143
0 0.889629 0.137516 0.164981 0.275032
0 0.0815784 0.290208 0.0956264 0.511773
0 0.431964 0.446143 0.118679 0.414591
0 0.165805 0.308775 0.0918082 0.518474
0 0.549333 0.493355 0.126633 0.427551
0 0.314254 0.360916 0.124517 0.53143
0 0.889629 0.137516 0.164981 0.275032
0 0.0815784 0.290208 0.0956264 0.511773
0 0.431964 0.446143 0.118679 0.414591
0 0.165805 0.308775 0.0918082 0.518474
0 0.549333 0.493355 0.126633 0.427551
0 0.314254 0.360916 0.124517 0.53143
0 0.889629 0.137516 0.164981 0.275032
0 0.314328 0.368558 0.131925 0.529787
0 0.432061 0.413761 0.127502 0.524068
0 0.080985 0.287182 0.0991356 0.516474
0 0.549244 0.468352 0.131121 0.574479
0 0.16505 0.304596 0.095315 0.52614
0 0.653052 0.48929 0.0995186 0.538914
0 0.665614 0.124177 0.133491 0.248353
0 0.232597 0.368285 0.0573832 0.433755
0 0.314328 0.368558 0.131925 0.529787
0 0.432061 0.413761 0.127502 0.524068
0 0.080985 0.287182 0.0991356 0.516474
0 0.549244 0.468352 0.131121 0.574479
0 0.16505 0.304596 0.095315 0.52614
0 0.653052 0.48929 0.0995186 0.538914
0 0.665614 0.124177 0.133491 0.248353
0 0.232597 0.368285 0.0573832 0.433755
0 0.474844 0.0849336 0.166129 0.169867
0 0.314328 0.368558 0.131925 0.529787
0 0.432061 0.413761 0.127502 0.524068
0 0.080985 0.287182 0.0991356 0.516474
0 0.549244 0.468352 0.131121 0.574479
0 0.16505 0.304596 0.095315 0.52614
0 0.653052 0.48929 0.0995186 0.538914
0 0.665614 0.124177 0.133491 0.248353
0 0.232597 0.368285 0.0573832 0.433755
