0 0.099074 0.422356 0.131099 0.773639
0 0.217145 0.423744 0.12849 0.79485
0 0.457684 0.513683 0.127404 0.848661
0 0.56025 0.696619 0.113704 0.484011
0 0.563379 0.528722 0.121047 0.854922
0 0.709298 0.730549 0.174448 0.467117
0 0.344918 0.473012 0.134292 0.820612
0 0.562989 0.528687 0.123397 0.861404
0 0.099074 0.422356 0.131099 0.773639
0 0.217145 0.423744 0.12849 0.79485
0 0.457684 0.513683 0.127404 0.848661
0 0.56025 0.696619 0.113704 0.484011
0 0.563379 0.528722 0.121047 0.854922
0 0.709298 0.730549 0.174448 0.467117
0 0.344918 0.473012 0.134292 0.820612
0 0.562989 0.528687 0.123397 0.861404
0 0.099074 0.422356 0.131099 0.773639
0 0.217145 0.423744 0.12849 0.79485
0 0.457684 0.513683 0.127404 0.848661
0 0.56025 0.696619 0.113704 0.484011
0 0.563379 0.528722 0.121047 0.854922
0 0.709298 0.730549 0.174448 0.467117
0 0.344918 0.473012 0.134292 0.820612
0 0.562989 0.528687 0.123397 0.861404
0 0.215794 0.439671 0.125168 0.853023
0 0.455961 0.495565 0.120555 0.86768
0 0.343863 0.474138 0.12814 0.869139
0 0.559594 0.698618 0.117952 0.487458
0 0.715706 0.726685 0.159365 0.466944
0 0.0986044 0.429473 0.129991 0.846601
0 0.565852 0.529101 0.124449 0.832115
0 0.215794 0.439671 0.125168 0.853023
0 0.455961 0.495565 0.120555 0.86768
0 0.343863 0.474138 0.12814 0.869139
0 0.559594 0.698618 0.117952 0.487458
0 0.715706 0.726685 0.159365 0.466944
0 0.0986044 0.429473 0.129991 0.846601
0 0.565852 0.529101 0.124449 0.832115
0 0.875092 0.784526 0.155558 0.428052
0 0.450495 0.670491 0.112922 0.50185
0 0.215794 0.439671 0.125168 0.853023
0 0.455961 0.495565 0.120555 0.86768
0 0.343863 0.474138 0.12814 0.869139
0 0.559594 0.698618 0.117952 0.487458
0 0.715706 0.726685 0.159365 0.466944
0 0.0986044 0.429473 0.129991 0.846601
0 0.565852 0.529101 0.124449 0.832115
