0 0.537237 0.587812 0.189699 0.597335
0 0.721742 0.506133 0.181716 0.560652
0 0.170332 0.71128 0.187616 0.576513
0 0.345329 0.665458 0.183124 0.592891
0 0.881213 0.386827 0.154865 0.582052
0 0.537237 0.587812 0.189699 0.597335
0 0.721742 0.506133 0.181716 0.560652
0 0.170332 0.71128 0.187616 0.576513
0 0.345329 0.665458 0.183124 0.592891
0 0.881213 0.386827 0.154865 0.582052
0 0.537237 0.587812 0.189699 0.597335
0 0.721742 0.506133 0.181716 0.560652
0 0.170332 0.71128 0.187616 0.576513
0 0.345329 0.665458 0.183124 0.592891
0 0.881213 0.386827 0.154865 0.582052
0 0.723674 0.496749 0.170957 0.55745
0 0.53768 0.591876 0.181338 0.588925
0 0.347198 0.66092 0.182937 0.599835
0 0.877886 0.400232 0.15711 0.552686
0 0.170201 0.704368 0.189689 0.590751
0 0.723674 0.496749 0.170957 0.55745
0 0.53768 0.591876 0.181338 0.588925
0 0.347198 0.66092 0.182937 0.599835
0 0.877886 0.400232 0.15711 0.552686
0 0.170201 0.704368 0.189689 0.590751
0 0.723674 0.496749 0.170957 0.55745
0 0.53768 0.591876 0.181338 0.588925
0 0.347198 0.66092 0.182937 0.599835
0 0.877886 0.400232 0.15711 0.552686
0 0.170201 0.704368 0.189689 0.590751
