0 0.428659 0.627301 0.121801 0.600212
0 0.578608 0.563563 0.208931 0.683147
0 0.202759 0.616244 0.125128 0.627835
0 0.876551 0.474789 0.222683 0.705471
0 0.870964 0.478257 0.236037 0.719954
0 0.312722 0.604406 0.119721 0.652415
0 0.428659 0.627301 0.121801 0.600212
0 0.578608 0.563563 0.208931 0.683147
0 0.202759 0.616244 0.125128 0.627835
0 0.876551 0.474789 0.222683 0.705471
0 0.870964 0.478257 0.236037 0.719954
0 0.312722 0.604406 0.119721 0.652415
0 0.428659 0.627301 0.121801 0.600212
0 0.578608 0.563563 0.208931 0.683147
0 0.202759 0.616244 0.125128 0.627835
0 0.876551 0.474789 0.222683 0.705471
0 0.870964 0.478257 0.236037 0.719954
0 0.312722 0.604406 0.119721 0.652415
0 0.432513 0.632538 0.123082 0.592504
0 0.201796 0.600347 0.119334 0.647639
0 0.311763 0.583613 0.120766 0.685058
0 0.547336 0.568838 0.117296 0.646427
0 0.886117 0.456557 0.189646 0.670732
0 0.649422 0.549325 0.108204 0.644461
0 0.747826 0.554363 0.10317 0.547892
0 0.0897618 0.660036 0.121865 0.543698
0 0.432513 0.632538 0.123082 0.592504
0 0.201796 0.600347 0.119334 0.647639
0 0.311763 0.583613 0.120766 0.685058
0 0.547336 0.568838 0.117296 0.646427
0 0.886117 0.456557 0.189646 0.670732
0 0.649422 0.549325 0.108204 0.644461
0 0.747826 0.554363 0.10317 0.547892
0 0.0897618 0.660036 0.121865 0.543698
0 0.312644 0.583689 0.124762 0.699164
0 0.310505 0.581019 0.126687 0.706999
0 0.0891058 0.655284 0.120888 0.543162
0 0.432513 0.632538 0.123082 0.592504
0 0.201796 0.600347 0.119334 0.647639
0 0.311763 0.583613 0.120766 0.685058
0 0.547336 0.568838 0.117296 0.646427
0 0.886117 0.456557 0.189646 0.670732
0 0.649422 0.549325 0.108204 0.644461
0 0.747826 0.554363 0.10317 0.547892
0 0.0897618 0.660036 0.121865 0.543698
