0 0.500501 0.664436 0.240691 0.578198
0 0.769258 0.666512 0.255106 0.547738
0 0.269641 0.646452 0.224716 0.606472
0 0.0819834 0.567853 0.161871 0.421636
0 0.500501 0.664436 0.240691 0.578198
0 0.769258 0.666512 0.255106 0.547738
0 0.269641 0.646452 0.224716 0.606472
0 0.0819834 0.567853 0.161871 0.421636
0 0.500501 0.664436 0.240691 0.578198
0 0.769258 0.666512 0.255106 0.547738
0 0.269641 0.646452 0.224716 0.606472
0 0.0819834 0.567853 0.161871 0.421636
0 0.268361 0.636021 0.215209 0.614935
0 0.50001 0.655864 0.242539 0.579655
0 0.763517 0.667111 0.248553 0.584098
0 0.952369 0.656053 0.0943914 0.589239
0 0.0859239 0.623907 0.170674 0.562455
0 0.268361 0.636021 0.215209 0.614935
0 0.50001 0.655864 0.242539 0.579655
0 0.763517 0.667111 0.248553 0.584098
0 0.952369 0.656053 0.0943914 0.589239
0 0.0859239 0.623907 0.170674 0.562455
0 0.268361 0.636021 0.215209 0.614935
0 0.50001 0.655864 0.242539 0.579655
0 0.763517 0.667111 0.248553 0.584098
0 0.952369 0.656053 0.0943914 0.589239
0 0.0859239 0.623907 0.170674 0.562455
0 0.268361 0.636021 0.215209 0.614935
0 0.50001 0.655864 0.242539 0.579655
0 0.763517 0.667111 0.248553 0.584098
0 0.952369 0.656053 0.0943914 0.589239
0 0.0859239 0.623907 0.170674 0.562455
