0 0.108351 0.5 0.216701 1
0 0.436621 0.491402 0.227488 0.982805
0 0.870176 0.481214 0.201612 0.962428
0 0.267948 0.5 0.128015 1
0 0.710857 0.485783 0.113103 0.971565
0 0.983676 0.566254 0.0326456 0.763468
0 0.108351 0.5 0.216701 1
0 0.436621 0.491402 0.227488 0.982805
0 0.870176 0.481214 0.201612 0.962428
0 0.267948 0.5 0.128015 1
0 0.710857 0.485783 0.113103 0.971565
0 0.983676 0.566254 0.0326456 0.763468
0 0.108351 0.5 0.216701 1
0 0.436621 0.491402 0.227488 0.982805
0 0.870176 0.481214 0.201612 0.962428
0 0.267948 0.5 0.128015 1
0 0.710857 0.485783 0.113103 0.971565
0 0.983676 0.566254 0.0326456 0.763468
0 0.267575 0.494321 0.117112 0.891279
0 0.48743 0.449453 0.115014 0.850782
0 0.0585641 0.524848 0.110931 0.867021
0 0.163147 0.490614 0.109905 0.897704
0 0.3807 0.467429 0.12145 0.916014
0 0.71358 0.480871 0.121462 0.920054
0 0.83191 0.478547 0.116588 0.910526
0 0.92382 0.522666 0.0827503 0.82967
0 0.981854 0.575692 0.0362588 0.774096
0 0.597692 0.474445 0.114501 0.889175
0 0.600113 0.477323 0.118006 0.934269
0 0.379701 0.468223 0.12091 0.899116
0 0.267575 0.494321 0.117112 0.891279
0 0.48743 0.449453 0.115014 0.850782
0 0.0585641 0.524848 0.110931 0.867021
0 0.163147 0.490614 0.109905 0.897704
0 0.3807 0.467429 0.12145 0.916014
0 0.71358 0.480871 0.121462 0.920054
0 0.83191 0.478547 0.116588 0.910526
0 0.92382 0.522666 0.0827503 0.82967
0 0.981854 0.575692 0.0362588 0.774096
0 0.597692 0.474445 0.114501 0.889175
0 0.600113 0.477323 0.118006 0.934269
0 0.379701 0.468223 0.12091 0.899116
0 0.598058 0.465551 0.116215 0.885621
0 0.267575 0.494321 0.117112 0.891279
0 0.48743 0.449453 0.115014 0.850782
0 0.0585641 0.524848 0.110931 0.867021
0 0.163147 0.490614 0.109905 0.897704
0 0.3807 0.467429 0.12145 0.916014
0 0.71358 0.480871 0.121462 0.920054
0 0.83191 0.478547 0.116588 0.910526
0 0.92382 0.522666 0.0827503 0.82967
0 0.981854 0.575692 0.0362588 0.774096
0 0.597692 0.474445 0.114501 0.889175
0 0.600113 0.477323 0.118006 0.934269
0 0.379701 0.468223 0.12091 0.899116
0 0.267575 0.494321 0.117112 0.891279
0 0.48743 0.449453 0.115014 0.850782
0 0.0585641 0.524848 0.110931 0.867021
0 0.163147 0.490614 0.109905 0.897704
0 0.3807 0.467429 0.12145 0.916014
0 0.71358 0.480871 0.121462 0.920054
0 0.83191 0.478547 0.116588 0.910526
0 0.92382 0.522666 0.0827503 0.82967
0 0.981854 0.575692 0.0362588 0.774096
0 0.597692 0.474445 0.114501 0.889175
0 0.600113 0.477323 0.118006 0.934269
0 0.379701 0.468223 0.12091 0.899116
