0 0.325757 0.570465 0.094747 0.719679
0 0.672826 0.61618 0.0983218 0.73207
0 0.498727 0.589431 0.0927918 0.717428
0 0.145846 0.550587 0.0998915 0.709938
0 0.588619 0.598333 0.0954349 0.72471
0 0.237244 0.553045 0.0992994 0.717937
0 0.932888 0.635498 0.111267 0.717516
0 0.84804 0.628609 0.105166 0.712314
0 0.760689 0.618227 0.104752 0.725265
0 0.414477 0.581659 0.0913892 0.723355
0 0.0571404 0.553404 0.105669 0.726203
0 0.414017 0.584225 0.0922868 0.72015
0 0.325757 0.570465 0.094747 0.719679
0 0.672826 0.61618 0.0983218 0.73207
0 0.498727 0.589431 0.0927918 0.717428
0 0.145846 0.550587 0.0998915 0.709938
0 0.588619 0.598333 0.0954349 0.72471
0 0.237244 0.553045 0.0992994 0.717937
0 0.932888 0.635498 0.111267 0.717516
0 0.84804 0.628609 0.105166 0.712314
0 0.760689 0.618227 0.104752 0.725265
0 0.414477 0.581659 0.0913892 0.723355
0 0.0571404 0.553404 0.105669 0.726203
0 0.414017 0.584225 0.0922868 0.72015
0 0.325757 0.570465 0.094747 0.719679
0 0.672826 0.61618 0.0983218 0.73207
0 0.498727 0.589431 0.0927918 0.717428
0 0.145846 0.550587 0.0998915 0.709938
0 0.588619 0.598333 0.0954349 0.72471
0 0.237244 0.553045 0.0992994 0.717937
0 0.932888 0.635498 0.111267 0.717516
0 0.84804 0.628609 0.105166 0.712314
0 0.760689 0.618227 0.104752 0.725265
0 0.414477 0.581659 0.0913892 0.723355
0 0.0571404 0.553404 0.105669 0.726203
0 0.414017 0.584225 0.0922868 0.72015
0 0.326727 0.574229 0.0966682 0.711502
0 0.588235 0.598176 0.0931596 0.714511
0 0.847905 0.628976 0.101012 0.706316
0 0.146574 0.553411 0.0984919 0.703073
0 0.414804 0.585187 0.0916976 0.712596
0 0.237083 0.567233 0.0979022 0.700955
0 0.673459 0.611604 0.0963034 0.711326
0 0.49977 0.588221 0.0924383 0.714434
0 0.0581218 0.551269 0.099838 0.718123
0 0.759154 0.619191 0.0994588 0.712535
0 0.936439 0.639338 0.109665 0.71793
0 0.0100745 0.554371 0.0201491 0.722093
0 0.326727 0.574229 0.0966682 0.711502
0 0.588235 0.598176 0.0931596 0.714511
0 0.847905 0.628976 0.101012 0.706316
0 0.146574 0.553411 0.0984919 0.703073
0 0.414804 0.585187 0.0916976 0.712596
0 0.237083 0.567233 0.0979022 0.700955
0 0.673459 0.611604 0.0963034 0.711326
0 0.49977 0.588221 0.0924383 0.714434
0 0.0581218 0.551269 0.099838 0.718123
0 0.759154 0.619191 0.0994588 0.712535
0 0.936439 0.639338 0.109665 0.71793
0 0.0100745 0.554371 0.0201491 0.722093
0 0.988297 0.635574 0.0234059 0.687198
0 0.326727 0.574229 0.0966682 0.711502
0 0.588235 0.598176 0.0931596 0.714511
0 0.847905 0.628976 0.101012 0.706316
0 0.146574 0.553411 0.0984919 0.703073
0 0.414804 0.585187 0.0916976 0.712596
0 0.237083 0.567233 0.0979022 0.700955
0 0.673459 0.611604 0.0963034 0.711326
0 0.49977 0.588221 0.0924383 0.714434
0 0.0581218 0.551269 0.099838 0.718123
0 0.759154 0.619191 0.0994588 0.712535
0 0.936439 0.639338 0.109665 0.71793
0 0.0100745 0.554371 0.0201491 0.722093
