0 0.722571 0.477167 0.554858 0.952213
0 0.722345 0.478877 0.555311 0.954722
0 0.331596 0.689038 0.48743 0.473385
0 0.313787 0.49106 0.545479 0.847837
0 0.722571 0.477167 0.554858 0.952213
0 0.722345 0.478877 0.555311 0.954722
0 0.331596 0.689038 0.48743 0.473385
0 0.313787 0.49106 0.545479 0.847837
0 0.722571 0.477167 0.554858 0.952213
0 0.722345 0.478877 0.555311 0.954722
0 0.331596 0.689038 0.48743 0.473385
0 0.313787 0.49106 0.545479 0.847837
0 0.302168 0.470053 0.557227 0.896189
0 0.7146 0.489313 0.560019 0.978626
0 0.714969 0.49219 0.570063 0.984381
0 0.0612834 0.548371 0.121595 0.903259
0 0.338679 0.695044 0.498356 0.453496
0 0.769588 0.694327 0.460824 0.449356
0 0.336702 0.701774 0.486688 0.440703
0 0.302168 0.470053 0.557227 0.896189
0 0.7146 0.489313 0.560019 0.978626
0 0.714969 0.49219 0.570063 0.984381
0 0.0612834 0.548371 0.121595 0.903259
0 0.338679 0.695044 0.498356 0.453496
0 0.769588 0.694327 0.460824 0.449356
0 0.336702 0.701774 0.486688 0.440703
0 0.314025 0.471921 0.571116 0.913036
0 0.302168 0.470053 0.557227 0.896189
0 0.7146 0.489313 0.560019 0.978626
0 0.714969 0.49219 0.570063 0.984381
0 0.0612834 0.548371 0.121595 0.903259
0 0.338679 0.695044 0.498356 0.453496
0 0.769588 0.694327 0.460824 0.449356
0 0.336702 0.701774 0.486688 0.440703
