0 0.703568 0.596116 0.116071 0.369981
0 0.593747 0.532174 0.151868 0.353007
0 0.23639 0.302184 0.116429 0.309503
0 0.82633 0.634749 0.127884 0.347934
0 0.0349522 0.18199 0.0699044 0.293751
0 0.926768 0.736656 0.140265 0.406865
0 0.836588 0.157779 0.103087 0.315398
0 0.238128 0.306122 0.121548 0.307018
0 0.703568 0.596116 0.116071 0.369981
0 0.593747 0.532174 0.151868 0.353007
0 0.23639 0.302184 0.116429 0.309503
0 0.82633 0.634749 0.127884 0.347934
0 0.0349522 0.18199 0.0699044 0.293751
0 0.926768 0.736656 0.140265 0.406865
0 0.836588 0.157779 0.103087 0.315398
0 0.238128 0.306122 0.121548 0.307018
0 0.703568 0.596116 0.116071 0.369981
0 0.593747 0.532174 0.151868 0.353007
0 0.23639 0.302184 0.116429 0.309503
0 0.82633 0.634749 0.127884 0.347934
0 0.0349522 0.18199 0.0699044 0.293751
0 0.926768 0.736656 0.140265 0.406865
0 0.836588 0.157779 0.103087 0.315398
0 0.238128 0.306122 0.121548 0.307018
0 0.237979 0.302354 0.122167 0.299731
0 0.0356607 0.186726 0.0713213 0.265946
0 0.113262 0.235318 0.0920512 0.308426
0 0.705586 0.587692 0.122133 0.388055
0 0.596926 0.531897 0.151586 0.364908
0 0.336267 0.335706 0.0818479 0.288177
0 0.237979 0.302354 0.122167 0.299731
0 0.0356607 0.186726 0.0713213 0.265946
0 0.113262 0.235318 0.0920512 0.308426
0 0.705586 0.587692 0.122133 0.388055
0 0.596926 0.531897 0.151586 0.364908
0 0.336267 0.335706 0.0818479 0.288177
0 0.817908 0.627181 0.111335 0.309812
0 0.927574 0.74228 0.144231 0.408526
0 0.237979 0.302354 0.122167 0.299731
0 0.0356607 0.186726 0.0713213 0.265946
0 0.113262 0.235318 0.0920512 0.308426
0 0.705586 0.587692 0.122133 0.388055
0 0.596926 0.531897 0.151586 0.364908
0 0.336267 0.335706 0.0818479 0.288177
