0 0.326137 0.791389 0.249199 0.324155
0 0.227298 0.783663 0.435744 0.340575
0 0.326137 0.791389 0.249199 0.324155
0 0.227298 0.783663 0.435744 0.340575
0 0.326137 0.791389 0.249199 0.324155
0 0.227298 0.783663 0.435744 0.340575
0 0.242605 0.791295 0.427199 0.343014
0 0.919948 0.749971 0.156776 0.465654
0 0.129485 0.775562 0.140397 0.334216
0 0.242605 0.791295 0.427199 0.343014
0 0.919948 0.749971 0.156776 0.465654
0 0.129485 0.775562 0.140397 0.334216
0 0.317264 0.791995 0.264436 0.327719
0 0.258242 0.790369 0.123838 0.318295
0 0.983504 0.740969 0.0329917 0.483228
0 0.242605 0.791295 0.427199 0.343014
0 0.919948 0.749971 0.156776 0.465654
0 0.129485 0.775562 0.140397 0.334216
0 0.242605 0.791295 0.427199 0.343014
0 0.919948 0.749971 0.156776 0.465654
0 0.129485 0.775562 0.140397 0.334216
