0 0.214682 0.398157 0.0751439 0.796315
0 0.289927 0.392145 0.078819 0.784289
0 0.0730121 0.414289 0.0706187 0.777336
0 0.143483 0.400607 0.07041 0.798128
0 0.610888 0.372768 0.083515 0.745535
0 0.448855 0.401929 0.0829453 0.803858
0 0.529469 0.379819 0.0809838 0.759638
0 0.85901 0.369874 0.0791016 0.739748
0 0.692728 0.362542 0.0811542 0.725084
0 0.36869 0.391273 0.0815955 0.782545
0 0.793624 0.357553 0.0542511 0.696573
0 0.945688 0.353849 0.0572273 0.707697
0 0.988943 0.349829 0.0221146 0.699658
0 0.760076 0.357227 0.0500352 0.699001
0 0.214682 0.398157 0.0751439 0.796315
0 0.289927 0.392145 0.078819 0.784289
0 0.0730121 0.414289 0.0706187 0.777336
0 0.143483 0.400607 0.07041 0.798128
0 0.610888 0.372768 0.083515 0.745535
0 0.448855 0.401929 0.0829453 0.803858
0 0.529469 0.379819 0.0809838 0.759638
0 0.85901 0.369874 0.0791016 0.739748
0 0.692728 0.362542 0.0811542 0.725084
0 0.36869 0.391273 0.0815955 0.782545
0 0.793624 0.357553 0.0542511 0.696573
0 0.945688 0.353849 0.0572273 0.707697
0 0.988943 0.349829 0.0221146 0.699658
0 0.760076 0.357227 0.0500352 0.699001
0 0.214682 0.398157 0.0751439 0.796315
0 0.289927 0.392145 0.078819 0.784289
0 0.0730121 0.414289 0.0706187 0.777336
0 0.143483 0.400607 0.07041 0.798128
0 0.610888 0.372768 0.083515 0.745535
0 0.448855 0.401929 0.0829453 0.803858
0 0.529469 0.379819 0.0809838 0.759638
0 0.85901 0.369874 0.0791016 0.739748
0 0.692728 0.362542 0.0811542 0.725084
0 0.36869 0.391273 0.0815955 0.782545
0 0.793624 0.357553 0.0542511 0.696573
0 0.945688 0.353849 0.0572273 0.707697
0 0.988943 0.349829 0.0221146 0.699658
0 0.760076 0.357227 0.0500352 0.699001
0 0.611708 0.364743 0.0826963 0.729487
0 0.144145 0.404412 0.0705796 0.798898
0 0.530164 0.371995 0.0807485 0.743991
0 0.367887 0.392045 0.0813615 0.784089
0 0.448333 0.382653 0.08083 0.765306
0 0.214133 0.396018 0.0744862 0.792036
0 0.858921 0.356938 0.0770802 0.713876
0 0.289194 0.39576 0.0789864 0.791521
0 0.693089 0.360675 0.0826745 0.721349
0 0.0729169 0.41296 0.0719281 0.77464
0 0.778886 0.355412 0.082704 0.710823
0 0.948582 0.350171 0.0639163 0.696926
0 0.611708 0.364743 0.0826963 0.729487
0 0.144145 0.404412 0.0705796 0.798898
0 0.530164 0.371995 0.0807485 0.743991
0 0.367887 0.392045 0.0813615 0.784089
0 0.448333 0.382653 0.08083 0.765306
0 0.214133 0.396018 0.0744862 0.792036
0 0.858921 0.356938 0.0770802 0.713876
0 0.289194 0.39576 0.0789864 0.791521
0 0.693089 0.360675 0.0826745 0.721349
0 0.0729169 0.41296 0.0719281 0.77464
0 0.778886 0.355412 0.082704 0.710823
0 0.948582 0.350171 0.0639163 0.696926
0 0.990717 0.356227 0.0185659 0.691258
0 0.611708 0.364743 0.0826963 0.729487
0 0.144145 0.404412 0.0705796 0.798898
0 0.530164 0.371995 0.0807485 0.743991
0 0.367887 0.392045 0.0813615 0.784089
0 0.448333 0.382653 0.08083 0.765306
0 0.214133 0.396018 0.0744862 0.792036
0 0.858921 0.356938 0.0770802 0.713876
0 0.289194 0.39576 0.0789864 0.791521
0 0.693089 0.360675 0.0826745 0.721349
0 0.0729169 0.41296 0.0719281 0.77464
0 0.778886 0.355412 0.082704 0.710823
0 0.948582 0.350171 0.0639163 0.696926
