0 0.387077 0.489627 0.10274 0.812707
0 0.287824 0.490321 0.11159 0.841089
0 0.483282 0.487245 0.0989857 0.790305
0 0.183819 0.493189 0.117639 0.857518
0 0.686305 0.464159 0.0884889 0.755217
0 0.771955 0.460103 0.0871405 0.756407
0 0.0769681 0.503314 0.123833 0.876742
0 0.856567 0.45829 0.085741 0.744886
0 0.578941 0.467775 0.104952 0.777657
0 0.986941 0.445494 0.0261186 0.722592
0 0.937065 0.448814 0.0790048 0.729602
0 0.0142869 0.549744 0.0285739 0.83891
0 0.387077 0.489627 0.10274 0.812707
0 0.287824 0.490321 0.11159 0.841089
0 0.483282 0.487245 0.0989857 0.790305
0 0.183819 0.493189 0.117639 0.857518
0 0.686305 0.464159 0.0884889 0.755217
0 0.771955 0.460103 0.0871405 0.756407
0 0.0769681 0.503314 0.123833 0.876742
0 0.856567 0.45829 0.085741 0.744886
0 0.578941 0.467775 0.104952 0.777657
0 0.986941 0.445494 0.0261186 0.722592
0 0.937065 0.448814 0.0790048 0.729602
0 0.0142869 0.549744 0.0285739 0.83891
0 0.387077 0.489627 0.10274 0.812707
0 0.287824 0.490321 0.11159 0.841089
0 0.483282 0.487245 0.0989857 0.790305
0 0.183819 0.493189 0.117639 0.857518
0 0.686305 0.464159 0.0884889 0.755217
0 0.771955 0.460103 0.0871405 0.756407
0 0.0769681 0.503314 0.123833 0.876742
0 0.856567 0.45829 0.085741 0.744886
0 0.578941 0.467775 0.104952 0.777657
0 0.986941 0.445494 0.0261186 0.722592
0 0.937065 0.448814 0.0790048 0.729602
0 0.0142869 0.549744 0.0285739 0.83891
0 0.385955 0.484364 0.102651 0.820827
0 0.28671 0.487589 0.110823 0.837086
0 0.481772 0.477412 0.101142 0.810251
0 0.183059 0.494454 0.114484 0.856492
0 0.856016 0.451512 0.0874161 0.738008
0 0.0751345 0.502815 0.122152 0.883768
0 0.677445 0.459962 0.109414 0.762652
0 0.574269 0.466973 0.0970154 0.790411
0 0.772163 0.456762 0.0878342 0.759679
0 0.939348 0.451652 0.085486 0.734251
0 0.0144578 0.547466 0.0289156 0.848586
0 0.988791 0.448419 0.0224053 0.724414
0 0.385955 0.484364 0.102651 0.820827
0 0.28671 0.487589 0.110823 0.837086
0 0.481772 0.477412 0.101142 0.810251
0 0.183059 0.494454 0.114484 0.856492
0 0.856016 0.451512 0.0874161 0.738008
0 0.0751345 0.502815 0.122152 0.883768
0 0.677445 0.459962 0.109414 0.762652
0 0.574269 0.466973 0.0970154 0.790411
0 0.772163 0.456762 0.0878342 0.759679
0 0.939348 0.451652 0.085486 0.734251
0 0.0144578 0.547466 0.0289156 0.848586
0 0.988791 0.448419 0.0224053 0.724414
0 0.385955 0.484364 0.102651 0.820827
0 0.28671 0.487589 0.110823 0.837086
0 0.481772 0.477412 0.101142 0.810251
0 0.183059 0.494454 0.114484 0.856492
0 0.856016 0.451512 0.0874161 0.738008
0 0.0751345 0.502815 0.122152 0.883768
0 0.677445 0.459962 0.109414 0.762652
0 0.574269 0.466973 0.0970154 0.790411
0 0.772163 0.456762 0.0878342 0.759679
0 0.939348 0.451652 0.085486 0.734251
0 0.0144578 0.547466 0.0289156 0.848586
0 0.988791 0.448419 0.0224053 0.724414
0 0.385955 0.484364 0.102651 0.820827
0 0.28671 0.487589 0.110823 0.837086
0 0.481772 0.477412 0.101142 0.810251
0 0.183059 0.494454 0.114484 0.856492
0 0.856016 0.451512 0.0874161 0.738008
0 0.0751345 0.502815 0.122152 0.883768
0 0.677445 0.459962 0.109414 0.762652
0 0.574269 0.466973 0.0970154 0.790411
0 0.772163 0.456762 0.0878342 0.759679
0 0.939348 0.451652 0.085486 0.734251
0 0.0144578 0.547466 0.0289156 0.848586
0 0.988791 0.448419 0.0224053 0.724414
