0 0.552407 0.540318 0.396392 0.549642
0 0.198136 0.637096 0.373226 0.597138
0 0.865791 0.450168 0.266638 0.462577
0 0.552407 0.540318 0.396392 0.549642
0 0.198136 0.637096 0.373226 0.597138
0 0.865791 0.450168 0.266638 0.462577
0 0.552407 0.540318 0.396392 0.549642
0 0.198136 0.637096 0.373226 0.597138
0 0.865791 0.450168 0.266638 0.462577
0 0.203691 0.642132 0.373454 0.625436
0 0.561562 0.540513 0.392208 0.547271
0 0.871079 0.462725 0.257627 0.430345
0 0.203691 0.642132 0.373454 0.625436
0 0.561562 0.540513 0.392208 0.547271
0 0.871079 0.462725 0.257627 0.430345
0 0.203691 0.642132 0.373454 0.625436
0 0.561562 0.540513 0.392208 0.547271
0 0.871079 0.462725 0.257627 0.430345
0 0.203691 0.642132 0.373454 0.625436
0 0.561562 0.540513 0.392208 0.547271
0 0.871079 0.462725 0.257627 0.430345
