0 0.500187 0.566523 0.144993 0.806266
0 0.326038 0.566974 0.208408 0.752926
0 0.117981 0.556563 0.213965 0.76954
0 0.773756 0.579863 0.149617 0.794695
0 0.635026 0.573915 0.14639 0.78558
0 0.911367 0.589103 0.14693 0.793463
0 0.500187 0.566523 0.144993 0.806266
0 0.326038 0.566974 0.208408 0.752926
0 0.117981 0.556563 0.213965 0.76954
0 0.773756 0.579863 0.149617 0.794695
0 0.635026 0.573915 0.14639 0.78558
0 0.911367 0.589103 0.14693 0.793463
0 0.500187 0.566523 0.144993 0.806266
0 0.326038 0.566974 0.208408 0.752926
0 0.117981 0.556563 0.213965 0.76954
0 0.773756 0.579863 0.149617 0.794695
0 0.635026 0.573915 0.14639 0.78558
0 0.911367 0.589103 0.14693 0.793463
0 0.501076 0.574737 0.144204 0.811952
0 0.91233 0.594642 0.14928 0.791507
0 0.774378 0.589525 0.148926 0.796474
0 0.636624 0.585913 0.144251 0.798499
0 0.328282 0.569354 0.20915 0.792623
0 0.122622 0.564441 0.211098 0.783891
0 0.501076 0.574737 0.144204 0.811952
0 0.91233 0.594642 0.14928 0.791507
0 0.774378 0.589525 0.148926 0.796474
0 0.636624 0.585913 0.144251 0.798499
0 0.328282 0.569354 0.20915 0.792623
0 0.122622 0.564441 0.211098 0.783891
0 0.501076 0.574737 0.144204 0.811952
0 0.91233 0.594642 0.14928 0.791507
0 0.774378 0.589525 0.148926 0.796474
0 0.636624 0.585913 0.144251 0.798499
0 0.328282 0.569354 0.20915 0.792623
0 0.122622 0.564441 0.211098 0.783891
0 0.501076 0.574737 0.144204 0.811952
0 0.91233 0.594642 0.14928 0.791507
0 0.774378 0.589525 0.148926 0.796474
0 0.636624 0.585913 0.144251 0.798499
0 0.328282 0.569354 0.20915 0.792623
0 0.122622 0.564441 0.211098 0.783891
