0 0.181946 0.571325 0.126966 0.81821
0 0.549351 0.566352 0.115127 0.836407
0 0.0639993 0.582991 0.122266 0.807395
0 0.432186 0.568578 0.124665 0.829883
0 0.308058 0.573888 0.128004 0.823584
0 0.929312 0.559783 0.124803 0.860036
0 0.803331 0.52999 0.126931 0.780971
0 0.308008 0.570686 0.127809 0.831192
0 0.92914 0.561307 0.124306 0.851564
0 0.181946 0.571325 0.126966 0.81821
0 0.549351 0.566352 0.115127 0.836407
0 0.0639993 0.582991 0.122266 0.807395
0 0.432186 0.568578 0.124665 0.829883
0 0.308058 0.573888 0.128004 0.823584
0 0.929312 0.559783 0.124803 0.860036
0 0.803331 0.52999 0.126931 0.780971
0 0.308008 0.570686 0.127809 0.831192
0 0.92914 0.561307 0.124306 0.851564
0 0.181946 0.571325 0.126966 0.81821
0 0.549351 0.566352 0.115127 0.836407
0 0.0639993 0.582991 0.122266 0.807395
0 0.432186 0.568578 0.124665 0.829883
0 0.308058 0.573888 0.128004 0.823584
0 0.929312 0.559783 0.124803 0.860036
0 0.803331 0.52999 0.126931 0.780971
0 0.308008 0.570686 0.127809 0.831192
0 0.92914 0.561307 0.124306 0.851564
0 0.181943 0.588234 0.130171 0.794038
0 0.431917 0.652488 0.125683 0.669387
0 0.307798 0.648699 0.128824 0.682177
0 0.0660057 0.612511 0.123786 0.760571
0 0.542874 0.617262 0.104575 0.726692
0 0.92918 0.558335 0.129108 0.821639
0 0.803712 0.620834 0.128342 0.680661
0 0.803974 0.58828 0.129494 0.742498
0 0.678611 0.601305 0.132594 0.78913
0 0.181943 0.588234 0.130171 0.794038
0 0.431917 0.652488 0.125683 0.669387
0 0.307798 0.648699 0.128824 0.682177
0 0.0660057 0.612511 0.123786 0.760571
0 0.542874 0.617262 0.104575 0.726692
0 0.92918 0.558335 0.129108 0.821639
0 0.803712 0.620834 0.128342 0.680661
0 0.803974 0.58828 0.129494 0.742498
0 0.678611 0.601305 0.132594 0.78913
0 0.991584 0.569368 0.0168137 0.76274
