0 0.643098 0.518953 0.0645509 0.669039
0 0.710474 0.503693 0.0644021 0.685825
0 0.0889666 0.633886 0.066493 0.623162
0 0.440324 0.554244 0.0667819 0.652358
0 0.157615 0.614628 0.0706273 0.632506
0 0.852502 0.454678 0.075452 0.733648
0 0.777875 0.490681 0.0698649 0.662735
0 0.0274545 0.649203 0.0538124 0.640156
0 0.926065 0.429572 0.073338 0.730289
0 0.576099 0.526336 0.0665074 0.661058
0 0.22962 0.57637 0.0706739 0.679397
0 0.373393 0.547855 0.0646456 0.688078
0 0.981818 0.4251 0.0362156 0.726384
0 0.509062 0.541858 0.0665765 0.65802
0 0.50896 0.543264 0.0647518 0.654714
0 0.300602 0.56001 0.0709516 0.682273
0 0.643098 0.518953 0.0645509 0.669039
0 0.710474 0.503693 0.0644021 0.685825
0 0.0889666 0.633886 0.066493 0.623162
0 0.440324 0.554244 0.0667819 0.652358
0 0.157615 0.614628 0.0706273 0.632506
0 0.852502 0.454678 0.075452 0.733648
0 0.777875 0.490681 0.0698649 0.662735
0 0.0274545 0.649203 0.0538124 0.640156
0 0.926065 0.429572 0.073338 0.730289
0 0.576099 0.526336 0.0665074 0.661058
0 0.22962 0.57637 0.0706739 0.679397
0 0.373393 0.547855 0.0646456 0.688078
0 0.981818 0.4251 0.0362156 0.726384
0 0.509062 0.541858 0.0665765 0.65802
0 0.50896 0.543264 0.0647518 0.654714
0 0.300602 0.56001 0.0709516 0.682273
0 0.643098 0.518953 0.0645509 0.669039
0 0.710474 0.503693 0.0644021 0.685825
0 0.0889666 0.633886 0.066493 0.623162
0 0.440324 0.554244 0.0667819 0.652358
0 0.157615 0.614628 0.0706273 0.632506
0 0.852502 0.454678 0.075452 0.733648
0 0.777875 0.490681 0.0698649 0.662735
0 0.0274545 0.649203 0.0538124 0.640156
0 0.926065 0.429572 0.073338 0.730289
0 0.576099 0.526336 0.0665074 0.661058
0 0.22962 0.57637 0.0706739 0.679397
0 0.373393 0.547855 0.0646456 0.688078
0 0.981818 0.4251 0.0362156 0.726384
0 0.509062 0.541858 0.0665765 0.65802
0 0.50896 0.543264 0.0647518 0.654714
0 0.300602 0.56001 0.0709516 0.682273
0 0.229003 0.580209 0.070033 0.674341
0 0.508395 0.550864 0.0655414 0.6564
0 0.644014 0.518034 0.0660674 0.667386
0 0.300036 0.565775 0.0709923 0.679978
0 0.373732 0.550752 0.0652028 0.686532
0 0.575947 0.52841 0.0665437 0.66086
0 0.157494 0.611601 0.0710641 0.632998
0 0.0274616 0.656566 0.0549232 0.634387
0 0.710931 0.5055 0.0678055 0.689335
0 0.0887394 0.631796 0.067786 0.631795
0 0.778933 0.493283 0.0674094 0.685575
0 0.441543 0.559896 0.0656365 0.634565
0 0.981654 0.436249 0.0364845 0.735105
0 0.926596 0.443358 0.0726433 0.745236
0 0.229003 0.580209 0.070033 0.674341
0 0.508395 0.550864 0.0655414 0.6564
0 0.644014 0.518034 0.0660674 0.667386
0 0.300036 0.565775 0.0709923 0.679978
0 0.373732 0.550752 0.0652028 0.686532
0 0.575947 0.52841 0.0665437 0.66086
0 0.157494 0.611601 0.0710641 0.632998
0 0.0274616 0.656566 0.0549232 0.634387
0 0.710931 0.5055 0.0678055 0.689335
0 0.0887394 0.631796 0.067786 0.631795
0 0.778933 0.493283 0.0674094 0.685575
0 0.441543 0.559896 0.0656365 0.634565
0 0.981654 0.436249 0.0364845 0.735105
0 0.926596 0.443358 0.0726433 0.745236
0 0.852669 0.455051 0.0753144 0.754954
0 0.229003 0.580209 0.070033 0.674341
0 0.508395 0.550864 0.0655414 0.6564
0 0.644014 0.518034 0.0660674 0.667386
0 0.300036 0.565775 0.0709923 0.679978
0 0.373732 0.550752 0.0652028 0.686532
0 0.575947 0.52841 0.0665437 0.66086
0 0.157494 0.611601 0.0710641 0.632998
0 0.0274616 0.656566 0.0549232 0.634387
0 0.710931 0.5055 0.0678055 0.689335
0 0.0887394 0.631796 0.067786 0.631795
0 0.778933 0.493283 0.0674094 0.685575
0 0.441543 0.559896 0.0656365 0.634565
0 0.981654 0.436249 0.0364845 0.735105
0 0.926596 0.443358 0.0726433 0.745236
0 0.229003 0.580209 0.070033 0.674341
0 0.508395 0.550864 0.0655414 0.6564
0 0.644014 0.518034 0.0660674 0.667386
0 0.300036 0.565775 0.0709923 0.679978
0 0.373732 0.550752 0.0652028 0.686532
0 0.575947 0.52841 0.0665437 0.66086
0 0.157494 0.611601 0.0710641 0.632998
0 0.0274616 0.656566 0.0549232 0.634387
0 0.710931 0.5055 0.0678055 0.689335
0 0.0887394 0.631796 0.067786 0.631795
0 0.778933 0.493283 0.0674094 0.685575
0 0.441543 0.559896 0.0656365 0.634565
0 0.981654 0.436249 0.0364845 0.735105
0 0.926596 0.443358 0.0726433 0.745236
