0 0.491709 0.510857 0.172627 0.290397
0 0.669527 0.490182 0.18338 0.269614
0 0.86801 0.523809 0.178254 0.290891
0 0.868808 0.523951 0.178965 0.290157
0 0.110447 0.606232 0.213547 0.704177
0 0.303095 0.500717 0.181565 0.517404
0 0.491709 0.510857 0.172627 0.290397
0 0.669527 0.490182 0.18338 0.269614
0 0.86801 0.523809 0.178254 0.290891
0 0.868808 0.523951 0.178965 0.290157
0 0.110447 0.606232 0.213547 0.704177
0 0.303095 0.500717 0.181565 0.517404
0 0.491709 0.510857 0.172627 0.290397
0 0.669527 0.490182 0.18338 0.269614
0 0.86801 0.523809 0.178254 0.290891
0 0.868808 0.523951 0.178965 0.290157
0 0.110447 0.606232 0.213547 0.704177
0 0.303095 0.500717 0.181565 0.517404
0 0.866272 0.521943 0.178717 0.293062
0 0.489013 0.521736 0.173804 0.320314
0 0.302325 0.479819 0.182133 0.463542
0 0.832365 0.875519 0.187873 0.248963
0 0.670951 0.485033 0.183746 0.276467
0 0.662326 0.672062 0.195349 0.652113
0 0.866272 0.521943 0.178717 0.293062
0 0.489013 0.521736 0.173804 0.320314
0 0.302325 0.479819 0.182133 0.463542
0 0.832365 0.875519 0.187873 0.248963
0 0.670951 0.485033 0.183746 0.276467
0 0.662326 0.672062 0.195349 0.652113
0 0.11186 0.469371 0.205736 0.435795
0 0.111529 0.500148 0.207178 0.494747
0 0.866272 0.521943 0.178717 0.293062
0 0.489013 0.521736 0.173804 0.320314
0 0.302325 0.479819 0.182133 0.463542
0 0.832365 0.875519 0.187873 0.248963
0 0.670951 0.485033 0.183746 0.276467
0 0.662326 0.672062 0.195349 0.652113
0 0.866272 0.521943 0.178717 0.293062
0 0.489013 0.521736 0.173804 0.320314
0 0.302325 0.479819 0.182133 0.463542
0 0.832365 0.875519 0.187873 0.248963
0 0.670951 0.485033 0.183746 0.276467
0 0.662326 0.672062 0.195349 0.652113
