0 0.888815 0.481181 0.145575 0.857154
0 0.756892 0.477498 0.137906 0.857401
0 0.497656 0.532332 0.187532 0.75525
0 0.978681 0.541733 0.0426336 0.853151
0 0.888815 0.481181 0.145575 0.857154
0 0.756892 0.477498 0.137906 0.857401
0 0.497656 0.532332 0.187532 0.75525
0 0.978681 0.541733 0.0426336 0.853151
0 0.888815 0.481181 0.145575 0.857154
0 0.756892 0.477498 0.137906 0.857401
0 0.497656 0.532332 0.187532 0.75525
0 0.978681 0.541733 0.0426336 0.853151
0 0.758717 0.469514 0.132044 0.834875
0 0.504702 0.552784 0.199125 0.717386
0 0.889984 0.489276 0.142722 0.858886
0 0.306444 0.401788 0.233153 0.803576
0 0.980265 0.550112 0.0394427 0.851264
0 0.650951 0.424675 0.113993 0.842919
0 0.758717 0.469514 0.132044 0.834875
0 0.504702 0.552784 0.199125 0.717386
0 0.889984 0.489276 0.142722 0.858886
0 0.306444 0.401788 0.233153 0.803576
0 0.980265 0.550112 0.0394427 0.851264
0 0.650951 0.424675 0.113993 0.842919
0 0.648582 0.425566 0.120147 0.842432
0 0.758717 0.469514 0.132044 0.834875
0 0.504702 0.552784 0.199125 0.717386
0 0.889984 0.489276 0.142722 0.858886
0 0.306444 0.401788 0.233153 0.803576
0 0.980265 0.550112 0.0394427 0.851264
0 0.650951 0.424675 0.113993 0.842919
0 0.758717 0.469514 0.132044 0.834875
0 0.504702 0.552784 0.199125 0.717386
0 0.889984 0.489276 0.142722 0.858886
0 0.306444 0.401788 0.233153 0.803576
0 0.980265 0.550112 0.0394427 0.851264
0 0.650951 0.424675 0.113993 0.842919
