0 0.524472 0.580267 0.492784 0.784305
0 0.19378 0.589466 0.385175 0.734807
0 0.826921 0.58447 0.346158 0.744657
0 0.524472 0.580267 0.492784 0.784305
0 0.19378 0.589466 0.385175 0.734807
0 0.826921 0.58447 0.346158 0.744657
0 0.524472 0.580267 0.492784 0.784305
0 0.19378 0.589466 0.385175 0.734807
0 0.826921 0.58447 0.346158 0.744657
0 0.527576 0.577446 0.460452 0.781562
0 0.827284 0.58141 0.345433 0.74134
0 0.177755 0.586904 0.338685 0.729146
0 0.527576 0.577446 0.460452 0.781562
0 0.827284 0.58141 0.345433 0.74134
0 0.177755 0.586904 0.338685 0.729146
0 0.527576 0.577446 0.460452 0.781562
0 0.827284 0.58141 0.345433 0.74134
0 0.177755 0.586904 0.338685 0.729146
0 0.527576 0.577446 0.460452 0.781562
0 0.827284 0.58141 0.345433 0.74134
0 0.177755 0.586904 0.338685 0.729146
