0 0.352385 0.521109 0.238503 0.931532
0 0.132494 0.531276 0.239127 0.92682
0 0.855473 0.490515 0.277572 0.961222
0 0.352385 0.521109 0.238503 0.931532
0 0.132494 0.531276 0.239127 0.92682
0 0.855473 0.490515 0.277572 0.961222
0 0.352385 0.521109 0.238503 0.931532
0 0.132494 0.531276 0.239127 0.92682
0 0.855473 0.490515 0.277572 0.961222
0 0.352337 0.517956 0.236261 0.943753
0 0.131409 0.548054 0.233983 0.898024
0 0.849794 0.501896 0.238846 0.937082
0 0.620141 0.520986 0.238597 0.918499
0 0.352337 0.517956 0.236261 0.943753
0 0.131409 0.548054 0.233983 0.898024
0 0.849794 0.501896 0.238846 0.937082
0 0.620141 0.520986 0.238597 0.918499
0 0.352337 0.517956 0.236261 0.943753
0 0.131409 0.548054 0.233983 0.898024
0 0.849794 0.501896 0.238846 0.937082
0 0.620141 0.520986 0.238597 0.918499
