0 0.165645 0.631922 0.315886 0.698977
0 0.707196 0.319434 0.309245 0.604916
0 0.410985 0.453215 0.206968 0.583382
0 0.893418 0.494883 0.211624 0.989767
0 0.165645 0.631922 0.315886 0.698977
0 0.707196 0.319434 0.309245 0.604916
0 0.410985 0.453215 0.206968 0.583382
0 0.893418 0.494883 0.211624 0.989767
0 0.165645 0.631922 0.315886 0.698977
0 0.707196 0.319434 0.309245 0.604916
0 0.410985 0.453215 0.206968 0.583382
0 0.893418 0.494883 0.211624 0.989767
0 0.173573 0.633598 0.329232 0.709841
0 0.410014 0.462745 0.225116 0.58347
0 0.904424 0.256601 0.19082 0.502367
0 0.173573 0.633598 0.329232 0.709841
0 0.410014 0.462745 0.225116 0.58347
0 0.904424 0.256601 0.19082 0.502367
0 0.631888 0.34901 0.169102 0.520845
0 0.755631 0.316767 0.178468 0.479245
0 0.173573 0.633598 0.329232 0.709841
0 0.410014 0.462745 0.225116 0.58347
0 0.904424 0.256601 0.19082 0.502367
