0 0.328415 0.543122 0.124566 0.767651
0 0.144654 0.511032 0.256508 0.843596
0 0.751957 0.566938 0.114966 0.744524
0 0.548722 0.568109 0.117082 0.772884
0 0.437785 0.561968 0.114056 0.769643
0 0.443614 0.562399 0.121397 0.77862
0 0.65158 0.575155 0.114348 0.757783
0 0.935063 0.527663 0.0983191 0.686113
0 0.844531 0.538155 0.103002 0.6977
0 0.748132 0.567436 0.108882 0.761283
0 0.328415 0.543122 0.124566 0.767651
0 0.144654 0.511032 0.256508 0.843596
0 0.751957 0.566938 0.114966 0.744524
0 0.548722 0.568109 0.117082 0.772884
0 0.437785 0.561968 0.114056 0.769643
0 0.443614 0.562399 0.121397 0.77862
0 0.65158 0.575155 0.114348 0.757783
0 0.935063 0.527663 0.0983191 0.686113
0 0.844531 0.538155 0.103002 0.6977
0 0.748132 0.567436 0.108882 0.761283
0 0.328415 0.543122 0.124566 0.767651
0 0.144654 0.511032 0.256508 0.843596
0 0.751957 0.566938 0.114966 0.744524
0 0.548722 0.568109 0.117082 0.772884
0 0.437785 0.561968 0.114056 0.769643
0 0.443614 0.562399 0.121397 0.77862
0 0.65158 0.575155 0.114348 0.757783
0 0.935063 0.527663 0.0983191 0.686113
0 0.844531 0.538155 0.103002 0.6977
0 0.748132 0.567436 0.108882 0.761283
0 0.844614 0.531364 0.10003 0.658422
0 0.934135 0.53618 0.0971199 0.654742
0 0.439296 0.574289 0.115774 0.766085
0 0.647011 0.581384 0.106046 0.747454
0 0.545298 0.578118 0.112496 0.765208
0 0.327853 0.553798 0.121942 0.755648
0 0.746513 0.569501 0.104926 0.717171
0 0.745929 0.564973 0.103511 0.700413
0 0.328401 0.549636 0.119516 0.733458
0 0.844614 0.531364 0.10003 0.658422
0 0.934135 0.53618 0.0971199 0.654742
0 0.439296 0.574289 0.115774 0.766085
0 0.647011 0.581384 0.106046 0.747454
0 0.545298 0.578118 0.112496 0.765208
0 0.327853 0.553798 0.121942 0.755648
0 0.746513 0.569501 0.104926 0.717171
0 0.745929 0.564973 0.103511 0.700413
0 0.328401 0.549636 0.119516 0.733458
0 0.844614 0.531364 0.10003 0.658422
0 0.934135 0.53618 0.0971199 0.654742
0 0.439296 0.574289 0.115774 0.766085
0 0.647011 0.581384 0.106046 0.747454
0 0.545298 0.578118 0.112496 0.765208
0 0.327853 0.553798 0.121942 0.755648
0 0.746513 0.569501 0.104926 0.717171
0 0.745929 0.564973 0.103511 0.700413
0 0.328401 0.549636 0.119516 0.733458
0 0.844614 0.531364 0.10003 0.658422
0 0.934135 0.53618 0.0971199 0.654742
0 0.439296 0.574289 0.115774 0.766085
0 0.647011 0.581384 0.106046 0.747454
0 0.545298 0.578118 0.112496 0.765208
0 0.327853 0.553798 0.121942 0.755648
0 0.746513 0.569501 0.104926 0.717171
0 0.745929 0.564973 0.103511 0.700413
0 0.328401 0.549636 0.119516 0.733458
