0 0.592547 0.59742 0.220739 0.796549
0 0.804316 0.600613 0.223625 0.798775
0 0.382882 0.586035 0.217472 0.799698
0 0.173164 0.579507 0.22592 0.788256
0 0.592547 0.59742 0.220739 0.796549
0 0.804316 0.600613 0.223625 0.798775
0 0.382882 0.586035 0.217472 0.799698
0 0.173164 0.579507 0.22592 0.788256
0 0.592547 0.59742 0.220739 0.796549
0 0.804316 0.600613 0.223625 0.798775
0 0.382882 0.586035 0.217472 0.799698
0 0.173164 0.579507 0.22592 0.788256
0 0.803199 0.599694 0.221428 0.800613
0 0.593995 0.600748 0.222709 0.798504
0 0.176142 0.583082 0.225664 0.801385
0 0.385551 0.591522 0.217813 0.803995
0 0.803199 0.599694 0.221428 0.800613
0 0.593995 0.600748 0.222709 0.798504
0 0.176142 0.583082 0.225664 0.801385
0 0.385551 0.591522 0.217813 0.803995
0 0.803199 0.599694 0.221428 0.800613
0 0.593995 0.600748 0.222709 0.798504
0 0.176142 0.583082 0.225664 0.801385
0 0.385551 0.591522 0.217813 0.803995
0 0.803199 0.599694 0.221428 0.800613
0 0.593995 0.600748 0.222709 0.798504
0 0.176142 0.583082 0.225664 0.801385
0 0.385551 0.591522 0.217813 0.803995
