0 0.390673 0.696773 0.207718 0.494766
0 0.870141 0.716471 0.199432 0.318929
0 0.612281 0.74805 0.199028 0.503899
0 0.128593 0.656268 0.222395 0.493227
0 0.390673 0.696773 0.207718 0.494766
0 0.870141 0.716471 0.199432 0.318929
0 0.612281 0.74805 0.199028 0.503899
0 0.128593 0.656268 0.222395 0.493227
0 0.390673 0.696773 0.207718 0.494766
0 0.870141 0.716471 0.199432 0.318929
0 0.612281 0.74805 0.199028 0.503899
0 0.128593 0.656268 0.222395 0.493227
0 0.392839 0.670913 0.206863 0.454777
0 0.131932 0.659854 0.211562 0.480311
0 0.870814 0.700077 0.199078 0.345146
0 0.612196 0.684037 0.191623 0.45019
0 0.392839 0.670913 0.206863 0.454777
0 0.131932 0.659854 0.211562 0.480311
0 0.870814 0.700077 0.199078 0.345146
0 0.612196 0.684037 0.191623 0.45019
0 0.392839 0.670913 0.206863 0.454777
0 0.131932 0.659854 0.211562 0.480311
0 0.870814 0.700077 0.199078 0.345146
0 0.612196 0.684037 0.191623 0.45019
0 0.392839 0.670913 0.206863 0.454777
0 0.131932 0.659854 0.211562 0.480311
0 0.870814 0.700077 0.199078 0.345146
0 0.612196 0.684037 0.191623 0.45019
