0 0.376629 0.258654 0.286701 0.500848
0 0.340283 0.73733 0.306371 0.500814
0 0.603146 0.735711 0.26074 0.478081
0 0.616247 0.330537 0.21384 0.378376
0 0.857005 0.49602 0.28599 0.945735
0 0.058689 0.56179 0.117378 0.823027
0 0.376629 0.258654 0.286701 0.500848
0 0.340283 0.73733 0.306371 0.500814
0 0.603146 0.735711 0.26074 0.478081
0 0.616247 0.330537 0.21384 0.378376
0 0.857005 0.49602 0.28599 0.945735
0 0.058689 0.56179 0.117378 0.823027
0 0.376629 0.258654 0.286701 0.500848
0 0.340283 0.73733 0.306371 0.500814
0 0.603146 0.735711 0.26074 0.478081
0 0.616247 0.330537 0.21384 0.378376
0 0.857005 0.49602 0.28599 0.945735
0 0.058689 0.56179 0.117378 0.823027
0 0.33961 0.731908 0.298166 0.495777
0 0.611673 0.732433 0.261697 0.478631
0 0.380059 0.254899 0.28606 0.496542
0 0.621881 0.330652 0.204562 0.376894
0 0.0502741 0.746664 0.100548 0.430052
0 0.924127 0.267712 0.1378 0.421124
0 0.33961 0.731908 0.298166 0.495777
0 0.611673 0.732433 0.261697 0.478631
0 0.380059 0.254899 0.28606 0.496542
0 0.621881 0.330652 0.204562 0.376894
0 0.0502741 0.746664 0.100548 0.430052
0 0.924127 0.267712 0.1378 0.421124
0 0.0303978 0.353742 0.0607956 0.407317
0 0.0523618 0.353355 0.104461 0.399612
0 0.33961 0.731908 0.298166 0.495777
0 0.611673 0.732433 0.261697 0.478631
0 0.380059 0.254899 0.28606 0.496542
0 0.621881 0.330652 0.204562 0.376894
0 0.0502741 0.746664 0.100548 0.430052
0 0.924127 0.267712 0.1378 0.421124
