0 0.574875 0.573501 0.205501 0.421229
0 0.384796 0.576837 0.198988 0.426743
0 0.762726 0.570376 0.208045 0.411497
0 0.193811 0.58283 0.206989 0.424184
0 0.194093 0.583895 0.205984 0.420444
0 0.0520555 0.834955 0.104111 0.22636
0 0.574875 0.573501 0.205501 0.421229
0 0.384796 0.576837 0.198988 0.426743
0 0.762726 0.570376 0.208045 0.411497
0 0.193811 0.58283 0.206989 0.424184
0 0.194093 0.583895 0.205984 0.420444
0 0.0520555 0.834955 0.104111 0.22636
0 0.574875 0.573501 0.205501 0.421229
0 0.384796 0.576837 0.198988 0.426743
0 0.762726 0.570376 0.208045 0.411497
0 0.193811 0.58283 0.206989 0.424184
0 0.194093 0.583895 0.205984 0.420444
0 0.0520555 0.834955 0.104111 0.22636
0 0.385437 0.580423 0.197491 0.414261
0 0.575474 0.580033 0.196209 0.404551
0 0.197395 0.589944 0.198075 0.410171
0 0.761801 0.567609 0.196565 0.404155
0 0.527202 0.120148 0.254476 0.176275
0 0.760965 0.569061 0.195985 0.403938
0 0.758635 0.236893 0.127281 0.0717762
0 0.385437 0.580423 0.197491 0.414261
0 0.575474 0.580033 0.196209 0.404551
0 0.197395 0.589944 0.198075 0.410171
0 0.761801 0.567609 0.196565 0.404155
0 0.527202 0.120148 0.254476 0.176275
0 0.760965 0.569061 0.195985 0.403938
0 0.758635 0.236893 0.127281 0.0717762
0 0.385437 0.580423 0.197491 0.414261
0 0.575474 0.580033 0.196209 0.404551
0 0.197395 0.589944 0.198075 0.410171
0 0.761801 0.567609 0.196565 0.404155
0 0.527202 0.120148 0.254476 0.176275
0 0.760965 0.569061 0.195985 0.403938
0 0.758635 0.236893 0.127281 0.0717762
0 0.385437 0.580423 0.197491 0.414261
0 0.575474 0.580033 0.196209 0.404551
0 0.197395 0.589944 0.198075 0.410171
0 0.761801 0.567609 0.196565 0.404155
0 0.527202 0.120148 0.254476 0.176275
0 0.760965 0.569061 0.195985 0.403938
0 0.758635 0.236893 0.127281 0.0717762
