0 0.609182 0.516291 0.132533 0.801533
0 0.487026 0.542703 0.131282 0.774523
0 0.363349 0.567714 0.134982 0.751329
0 0.732482 0.483269 0.142047 0.822918
0 0.877232 0.443914 0.16682 0.873618
0 0.113938 0.526715 0.138075 0.663054
0 0.239418 0.570544 0.134117 0.710175
0 0.731717 0.652541 0.127611 0.469667
0 0.609182 0.516291 0.132533 0.801533
0 0.487026 0.542703 0.131282 0.774523
0 0.363349 0.567714 0.134982 0.751329
0 0.732482 0.483269 0.142047 0.822918
0 0.877232 0.443914 0.16682 0.873618
0 0.113938 0.526715 0.138075 0.663054
0 0.239418 0.570544 0.134117 0.710175
0 0.731717 0.652541 0.127611 0.469667
0 0.609182 0.516291 0.132533 0.801533
0 0.487026 0.542703 0.131282 0.774523
0 0.363349 0.567714 0.134982 0.751329
0 0.732482 0.483269 0.142047 0.822918
0 0.877232 0.443914 0.16682 0.873618
0 0.113938 0.526715 0.138075 0.663054
0 0.239418 0.570544 0.134117 0.710175
0 0.731717 0.652541 0.127611 0.469667
0 0.61098 0.559433 0.133167 0.733641
0 0.365203 0.593357 0.134222 0.706614
0 0.488539 0.563975 0.13374 0.739322
0 0.876767 0.439872 0.1554 0.8494
0 0.240455 0.597283 0.136105 0.671265
0 0.734992 0.541 0.135178 0.706226
0 0.114471 0.566978 0.135017 0.579328
0 0.61098 0.559433 0.133167 0.733641
0 0.365203 0.593357 0.134222 0.706614
0 0.488539 0.563975 0.13374 0.739322
0 0.876767 0.439872 0.1554 0.8494
0 0.240455 0.597283 0.136105 0.671265
0 0.734992 0.541 0.135178 0.706226
0 0.114471 0.566978 0.135017 0.579328
0 0.61098 0.559433 0.133167 0.733641
0 0.365203 0.593357 0.134222 0.706614
0 0.488539 0.563975 0.13374 0.739322
0 0.876767 0.439872 0.1554 0.8494
0 0.240455 0.597283 0.136105 0.671265
0 0.734992 0.541 0.135178 0.706226
0 0.114471 0.566978 0.135017 0.579328
0 0.61098 0.559433 0.133167 0.733641
0 0.365203 0.593357 0.134222 0.706614
0 0.488539 0.563975 0.13374 0.739322
0 0.876767 0.439872 0.1554 0.8494
0 0.240455 0.597283 0.136105 0.671265
0 0.734992 0.541 0.135178 0.706226
0 0.114471 0.566978 0.135017 0.579328
