0 0.0488656 0.655551 0.0952649 0.396046
0 0.744083 0.112493 0.0474607 0.215441
0 0.789573 0.122564 0.0500658 0.238333
0 0.644224 0.568548 0.118242 0.400079
0 0.84053 0.133092 0.0559679 0.262929
0 0.694476 0.10013 0.0504183 0.198738
0 0.0488656 0.655551 0.0952649 0.396046
0 0.744083 0.112493 0.0474607 0.215441
0 0.789573 0.122564 0.0500658 0.238333
0 0.644224 0.568548 0.118242 0.400079
0 0.84053 0.133092 0.0559679 0.262929
0 0.694476 0.10013 0.0504183 0.198738
0 0.0488656 0.655551 0.0952649 0.396046
0 0.744083 0.112493 0.0474607 0.215441
0 0.789573 0.122564 0.0500658 0.238333
0 0.644224 0.568548 0.118242 0.400079
0 0.84053 0.133092 0.0559679 0.262929
0 0.694476 0.10013 0.0504183 0.198738
0 0.431395 0.477458 0.0817835 0.183966
0 0.654678 0.580948 0.0930504 0.378197
0 0.338762 0.369799 0.0440413 0.321634
0 0.431395 0.477458 0.0817835 0.183966
0 0.654678 0.580948 0.0930504 0.378197
0 0.338762 0.369799 0.0440413 0.321634
0 0.730582 0.632979 0.0672086 0.362345
0 0.353498 0.378119 0.0642426 0.322347
0 0.431395 0.477458 0.0817835 0.183966
0 0.654678 0.580948 0.0930504 0.378197
0 0.338762 0.369799 0.0440413 0.321634
0 0.431395 0.477458 0.0817835 0.183966
0 0.654678 0.580948 0.0930504 0.378197
0 0.338762 0.369799 0.0440413 0.321634
