0 0.878623 0.402306 0.189891 0.778055
0 0.302184 0.495108 0.126513 0.857745
0 0.691426 0.48627 0.190333 0.903545
0 0.413395 0.489677 0.119426 0.856196
0 0.521922 0.493523 0.118014 0.87564
0 0.0731047 0.514055 0.134728 0.885808
0 0.185913 0.496214 0.124149 0.863353
0 0.878623 0.402306 0.189891 0.778055
0 0.302184 0.495108 0.126513 0.857745
0 0.691426 0.48627 0.190333 0.903545
0 0.413395 0.489677 0.119426 0.856196
0 0.521922 0.493523 0.118014 0.87564
0 0.0731047 0.514055 0.134728 0.885808
0 0.185913 0.496214 0.124149 0.863353
0 0.878623 0.402306 0.189891 0.778055
0 0.302184 0.495108 0.126513 0.857745
0 0.691426 0.48627 0.190333 0.903545
0 0.413395 0.489677 0.119426 0.856196
0 0.521922 0.493523 0.118014 0.87564
0 0.0731047 0.514055 0.134728 0.885808
0 0.185913 0.496214 0.124149 0.863353
0 0.691919 0.486897 0.188932 0.913349
0 0.303828 0.499475 0.122779 0.861941
0 0.0746924 0.524393 0.126779 0.886896
0 0.187346 0.499263 0.125705 0.875824
0 0.879718 0.447241 0.181048 0.869822
0 0.524057 0.517115 0.119932 0.872999
0 0.413134 0.500984 0.118056 0.850975
0 0.412916 0.503688 0.120594 0.855151
0 0.691919 0.486897 0.188932 0.913349
0 0.303828 0.499475 0.122779 0.861941
0 0.0746924 0.524393 0.126779 0.886896
0 0.187346 0.499263 0.125705 0.875824
0 0.879718 0.447241 0.181048 0.869822
0 0.524057 0.517115 0.119932 0.872999
0 0.413134 0.500984 0.118056 0.850975
0 0.412916 0.503688 0.120594 0.855151
0 0.0121139 0.552883 0.0239192 0.894234
0 0.524118 0.510986 0.122075 0.880985
0 0.691919 0.486897 0.188932 0.913349
0 0.303828 0.499475 0.122779 0.861941
0 0.0746924 0.524393 0.126779 0.886896
0 0.187346 0.499263 0.125705 0.875824
0 0.879718 0.447241 0.181048 0.869822
0 0.524057 0.517115 0.119932 0.872999
0 0.413134 0.500984 0.118056 0.850975
0 0.412916 0.503688 0.120594 0.855151
0 0.691919 0.486897 0.188932 0.913349
0 0.303828 0.499475 0.122779 0.861941
0 0.0746924 0.524393 0.126779 0.886896
0 0.187346 0.499263 0.125705 0.875824
0 0.879718 0.447241 0.181048 0.869822
0 0.524057 0.517115 0.119932 0.872999
0 0.413134 0.500984 0.118056 0.850975
0 0.412916 0.503688 0.120594 0.855151
