0 0.257486 0.527041 0.10082 0.689631
0 0.16928 0.520954 0.102405 0.669976
0 0.832108 0.589948 0.1141 0.707908
0 0.526825 0.558466 0.112124 0.743883
0 0.629843 0.561889 0.113951 0.769108
0 0.340911 0.543541 0.0939514 0.721738
0 0.0817005 0.509251 0.109361 0.652423
0 0.732223 0.568802 0.121448 0.78552
0 0.428878 0.546817 0.100077 0.718172
0 0.020776 0.519492 0.0411424 0.635498
0 0.981926 0.66999 0.036148 0.578481
0 0.257486 0.527041 0.10082 0.689631
0 0.16928 0.520954 0.102405 0.669976
0 0.832108 0.589948 0.1141 0.707908
0 0.526825 0.558466 0.112124 0.743883
0 0.629843 0.561889 0.113951 0.769108
0 0.340911 0.543541 0.0939514 0.721738
0 0.0817005 0.509251 0.109361 0.652423
0 0.732223 0.568802 0.121448 0.78552
0 0.428878 0.546817 0.100077 0.718172
0 0.020776 0.519492 0.0411424 0.635498
0 0.981926 0.66999 0.036148 0.578481
0 0.257486 0.527041 0.10082 0.689631
0 0.16928 0.520954 0.102405 0.669976
0 0.832108 0.589948 0.1141 0.707908
0 0.526825 0.558466 0.112124 0.743883
0 0.629843 0.561889 0.113951 0.769108
0 0.340911 0.543541 0.0939514 0.721738
0 0.0817005 0.509251 0.109361 0.652423
0 0.732223 0.568802 0.121448 0.78552
0 0.428878 0.546817 0.100077 0.718172
0 0.020776 0.519492 0.0411424 0.635498
0 0.981926 0.66999 0.036148 0.578481
0 0.259611 0.539784 0.093672 0.676844
0 0.170299 0.533339 0.0977022 0.657355
0 0.525744 0.55407 0.105823 0.708664
0 0.428447 0.556671 0.0948164 0.663098
0 0.0827039 0.532291 0.100768 0.629285
0 0.632029 0.567401 0.104624 0.754461
0 0.733386 0.576531 0.112164 0.762551
0 0.342158 0.548913 0.0869138 0.690159
0 0.0201355 0.533679 0.0402215 0.602712
0 0.832026 0.600564 0.103595 0.702394
0 0.259611 0.539784 0.093672 0.676844
0 0.170299 0.533339 0.0977022 0.657355
0 0.525744 0.55407 0.105823 0.708664
0 0.428447 0.556671 0.0948164 0.663098
0 0.0827039 0.532291 0.100768 0.629285
0 0.632029 0.567401 0.104624 0.754461
0 0.733386 0.576531 0.112164 0.762551
0 0.342158 0.548913 0.0869138 0.690159
0 0.0201355 0.533679 0.0402215 0.602712
0 0.832026 0.600564 0.103595 0.702394
0 0.987023 0.671026 0.0259291 0.583078
0 0.259611 0.539784 0.093672 0.676844
0 0.170299 0.533339 0.0977022 0.657355
0 0.525744 0.55407 0.105823 0.708664
0 0.428447 0.556671 0.0948164 0.663098
0 0.0827039 0.532291 0.100768 0.629285
0 0.632029 0.567401 0.104624 0.754461
0 0.733386 0.576531 0.112164 0.762551
0 0.342158 0.548913 0.0869138 0.690159
0 0.0201355 0.533679 0.0402215 0.602712
0 0.832026 0.600564 0.103595 0.702394
0 0.259611 0.539784 0.093672 0.676844
0 0.170299 0.533339 0.0977022 0.657355
0 0.525744 0.55407 0.105823 0.708664
0 0.428447 0.556671 0.0948164 0.663098
0 0.0827039 0.532291 0.100768 0.629285
0 0.632029 0.567401 0.104624 0.754461
0 0.733386 0.576531 0.112164 0.762551
0 0.342158 0.548913 0.0869138 0.690159
0 0.0201355 0.533679 0.0402215 0.602712
0 0.832026 0.600564 0.103595 0.702394
