0 0.196167 0.355836 0.193764 0.478502
0 0.856191 0.447839 0.155886 0.376815
0 0.805777 0.864164 0.128758 0.265094
0 0.0634295 0.778109 0.122349 0.38939
0 0.381665 0.346584 0.229102 0.520126
0 0.239288 0.806246 0.158052 0.349573
0 0.410884 0.795285 0.211553 0.391215
0 0.0366007 0.325532 0.0725736 0.555865
0 0.24033 0.806074 0.156145 0.351616
0 0.0636593 0.778703 0.126297 0.397635
0 0.196167 0.355836 0.193764 0.478502
0 0.856191 0.447839 0.155886 0.376815
0 0.805777 0.864164 0.128758 0.265094
0 0.0634295 0.778109 0.122349 0.38939
0 0.381665 0.346584 0.229102 0.520126
0 0.239288 0.806246 0.158052 0.349573
0 0.410884 0.795285 0.211553 0.391215
0 0.0366007 0.325532 0.0725736 0.555865
0 0.24033 0.806074 0.156145 0.351616
0 0.0636593 0.778703 0.126297 0.397635
0 0.240263 0.808621 0.154917 0.346358
0 0.196701 0.358631 0.184707 0.477275
0 0.807374 0.864836 0.126175 0.261855
0 0.401841 0.348395 0.282176 0.526478
0 0.437642 0.795052 0.106207 0.388174
0 0.065355 0.777957 0.12575 0.393011
0 0.77693 0.393184 0.39406 0.508621
0 0.349466 0.809647 0.0935492 0.343638
0 0.4174 0.799416 0.220998 0.382954
0 0.858763 0.450602 0.151068 0.372974
0 0.240263 0.808621 0.154917 0.346358
0 0.196701 0.358631 0.184707 0.477275
0 0.807374 0.864836 0.126175 0.261855
0 0.401841 0.348395 0.282176 0.526478
0 0.437642 0.795052 0.106207 0.388174
0 0.065355 0.777957 0.12575 0.393011
0 0.77693 0.393184 0.39406 0.508621
0 0.349466 0.809647 0.0935492 0.343638
0 0.4174 0.799416 0.220998 0.382954
0 0.858763 0.450602 0.151068 0.372974
0 0.506478 0.788472 0.0606736 0.386718
0 0.0409375 0.331917 0.0810302 0.545494
0 0.240263 0.808621 0.154917 0.346358
0 0.196701 0.358631 0.184707 0.477275
0 0.807374 0.864836 0.126175 0.261855
0 0.401841 0.348395 0.282176 0.526478
0 0.437642 0.795052 0.106207 0.388174
0 0.065355 0.777957 0.12575 0.393011
0 0.77693 0.393184 0.39406 0.508621
0 0.349466 0.809647 0.0935492 0.343638
0 0.4174 0.799416 0.220998 0.382954
0 0.858763 0.450602 0.151068 0.372974
0 0.240263 0.808621 0.154917 0.346358
0 0.196701 0.358631 0.184707 0.477275
0 0.807374 0.864836 0.126175 0.261855
0 0.401841 0.348395 0.282176 0.526478
0 0.437642 0.795052 0.106207 0.388174
0 0.065355 0.777957 0.12575 0.393011
0 0.77693 0.393184 0.39406 0.508621
0 0.349466 0.809647 0.0935492 0.343638
0 0.4174 0.799416 0.220998 0.382954
0 0.858763 0.450602 0.151068 0.372974
