0 0.759357 0.557767 0.227763 0.758053
0 0.221826 0.441336 0.227005 0.775933
0 0.529549 0.519935 0.230026 0.786624
0 0.91937 0.591708 0.134328 0.724915
0 0.759357 0.557767 0.227763 0.758053
0 0.221826 0.441336 0.227005 0.775933
0 0.529549 0.519935 0.230026 0.786624
0 0.91937 0.591708 0.134328 0.724915
0 0.759357 0.557767 0.227763 0.758053
0 0.221826 0.441336 0.227005 0.775933
0 0.529549 0.519935 0.230026 0.786624
0 0.91937 0.591708 0.134328 0.724915
0 0.70547 0.546189 0.112471 0.719771
0 0.587281 0.546281 0.111592 0.761251
0 0.290254 0.460324 0.0969653 0.715762
0 0.186171 0.417988 0.108414 0.657066
0 0.480558 0.505407 0.106389 0.744287
0 0.384459 0.489508 0.098907 0.73962
0 0.808214 0.566296 0.112602 0.723776
0 0.917943 0.614342 0.121433 0.675188
0 0.0832588 0.372755 0.101134 0.605534
0 0.70547 0.546189 0.112471 0.719771
0 0.587281 0.546281 0.111592 0.761251
0 0.290254 0.460324 0.0969653 0.715762
0 0.186171 0.417988 0.108414 0.657066
0 0.480558 0.505407 0.106389 0.744287
0 0.384459 0.489508 0.098907 0.73962
0 0.808214 0.566296 0.112602 0.723776
0 0.917943 0.614342 0.121433 0.675188
0 0.0832588 0.372755 0.101134 0.605534
0 0.70547 0.546189 0.112471 0.719771
0 0.587281 0.546281 0.111592 0.761251
0 0.290254 0.460324 0.0969653 0.715762
0 0.186171 0.417988 0.108414 0.657066
0 0.480558 0.505407 0.106389 0.744287
0 0.384459 0.489508 0.098907 0.73962
0 0.808214 0.566296 0.112602 0.723776
0 0.917943 0.614342 0.121433 0.675188
0 0.0832588 0.372755 0.101134 0.605534
0 0.70547 0.546189 0.112471 0.719771
0 0.587281 0.546281 0.111592 0.761251
0 0.290254 0.460324 0.0969653 0.715762
0 0.186171 0.417988 0.108414 0.657066
0 0.480558 0.505407 0.106389 0.744287
0 0.384459 0.489508 0.098907 0.73962
0 0.808214 0.566296 0.112602 0.723776
0 0.917943 0.614342 0.121433 0.675188
0 0.0832588 0.372755 0.101134 0.605534
