0 0.155469 0.586221 0.0980944 0.827558
0 0.484288 0.533385 0.0732638 0.816477
0 0.422695 0.539475 0.0743884 0.816111
0 0.358884 0.571535 0.0757338 0.790947
0 0.295788 0.557201 0.0782527 0.832276
0 0.788232 0.508143 0.0792231 0.819155
0 0.934193 0.471861 0.12772 0.94368
0 0.233326 0.584399 0.0887691 0.831202
0 0.785747 0.530779 0.0819179 0.871468
0 0.844223 0.54631 0.0941282 0.863114
0 0.60629 0.552431 0.071204 0.68687
0 0.546313 0.563756 0.0731044 0.700125
0 0.155469 0.586221 0.0980944 0.827558
0 0.484288 0.533385 0.0732638 0.816477
0 0.422695 0.539475 0.0743884 0.816111
0 0.358884 0.571535 0.0757338 0.790947
0 0.295788 0.557201 0.0782527 0.832276
0 0.788232 0.508143 0.0792231 0.819155
0 0.934193 0.471861 0.12772 0.94368
0 0.233326 0.584399 0.0887691 0.831202
0 0.785747 0.530779 0.0819179 0.871468
0 0.844223 0.54631 0.0941282 0.863114
0 0.60629 0.552431 0.071204 0.68687
0 0.546313 0.563756 0.0731044 0.700125
0 0.155469 0.586221 0.0980944 0.827558
0 0.484288 0.533385 0.0732638 0.816477
0 0.422695 0.539475 0.0743884 0.816111
0 0.358884 0.571535 0.0757338 0.790947
0 0.295788 0.557201 0.0782527 0.832276
0 0.788232 0.508143 0.0792231 0.819155
0 0.934193 0.471861 0.12772 0.94368
0 0.233326 0.584399 0.0887691 0.831202
0 0.785747 0.530779 0.0819179 0.871468
0 0.844223 0.54631 0.0941282 0.863114
0 0.60629 0.552431 0.071204 0.68687
0 0.546313 0.563756 0.0731044 0.700125
0 0.422333 0.552347 0.0767341 0.852557
0 0.546134 0.556233 0.0717035 0.757615
0 0.484985 0.551094 0.0746844 0.852683
0 0.295828 0.550274 0.0790568 0.861328
0 0.360213 0.564176 0.0756408 0.852645
0 0.605813 0.562606 0.0689238 0.694324
0 0.232272 0.592426 0.0869706 0.815148
0 0.787409 0.513561 0.078804 0.84798
0 0.154679 0.594194 0.0977734 0.811612
0 0.846885 0.525388 0.0850137 0.876508
0 0.667444 0.526151 0.0712377 0.761531
0 0.725456 0.515913 0.0716883 0.804107
0 0.929912 0.493021 0.128821 0.957548
0 0.0483559 0.622091 0.0963346 0.70936
0 0.422333 0.552347 0.0767341 0.852557
0 0.546134 0.556233 0.0717035 0.757615
0 0.484985 0.551094 0.0746844 0.852683
0 0.295828 0.550274 0.0790568 0.861328
0 0.360213 0.564176 0.0756408 0.852645
0 0.605813 0.562606 0.0689238 0.694324
0 0.232272 0.592426 0.0869706 0.815148
0 0.787409 0.513561 0.078804 0.84798
0 0.154679 0.594194 0.0977734 0.811612
0 0.846885 0.525388 0.0850137 0.876508
0 0.667444 0.526151 0.0712377 0.761531
0 0.725456 0.515913 0.0716883 0.804107
0 0.929912 0.493021 0.128821 0.957548
0 0.0483559 0.622091 0.0963346 0.70936
0 0.972427 0.489415 0.055146 0.978829
0 0.0634372 0.615245 0.126874 0.76951
0 0.422333 0.552347 0.0767341 0.852557
0 0.546134 0.556233 0.0717035 0.757615
0 0.484985 0.551094 0.0746844 0.852683
0 0.295828 0.550274 0.0790568 0.861328
0 0.360213 0.564176 0.0756408 0.852645
0 0.605813 0.562606 0.0689238 0.694324
0 0.232272 0.592426 0.0869706 0.815148
0 0.787409 0.513561 0.078804 0.84798
0 0.154679 0.594194 0.0977734 0.811612
0 0.846885 0.525388 0.0850137 0.876508
0 0.667444 0.526151 0.0712377 0.761531
0 0.725456 0.515913 0.0716883 0.804107
0 0.929912 0.493021 0.128821 0.957548
0 0.0483559 0.622091 0.0963346 0.70936
0 0.422333 0.552347 0.0767341 0.852557
0 0.546134 0.556233 0.0717035 0.757615
0 0.484985 0.551094 0.0746844 0.852683
0 0.295828 0.550274 0.0790568 0.861328
0 0.360213 0.564176 0.0756408 0.852645
0 0.605813 0.562606 0.0689238 0.694324
0 0.232272 0.592426 0.0869706 0.815148
0 0.787409 0.513561 0.078804 0.84798
0 0.154679 0.594194 0.0977734 0.811612
0 0.846885 0.525388 0.0850137 0.876508
0 0.667444 0.526151 0.0712377 0.761531
0 0.725456 0.515913 0.0716883 0.804107
0 0.929912 0.493021 0.128821 0.957548
0 0.0483559 0.622091 0.0963346 0.70936
