0 0.213749 0.579831 0.216389 0.803113
0 0.42168 0.582487 0.21409 0.807454
0 0.632416 0.576979 0.218651 0.811808
0 0.848835 0.570466 0.225732 0.796755
0 0.213749 0.579831 0.216389 0.803113
0 0.42168 0.582487 0.21409 0.807454
0 0.632416 0.576979 0.218651 0.811808
0 0.848835 0.570466 0.225732 0.796755
0 0.213749 0.579831 0.216389 0.803113
0 0.42168 0.582487 0.21409 0.807454
0 0.632416 0.576979 0.218651 0.811808
0 0.848835 0.570466 0.225732 0.796755
0 0.850462 0.571053 0.22695 0.819186
0 0.635 0.578411 0.216177 0.815697
0 0.214144 0.582245 0.220122 0.808234
0 0.425051 0.58382 0.214148 0.808312
0 0.850462 0.571053 0.22695 0.819186
0 0.635 0.578411 0.216177 0.815697
0 0.214144 0.582245 0.220122 0.808234
0 0.425051 0.58382 0.214148 0.808312
0 0.850462 0.571053 0.22695 0.819186
0 0.635 0.578411 0.216177 0.815697
0 0.214144 0.582245 0.220122 0.808234
0 0.425051 0.58382 0.214148 0.808312
0 0.850462 0.571053 0.22695 0.819186
0 0.635 0.578411 0.216177 0.815697
0 0.214144 0.582245 0.220122 0.808234
0 0.425051 0.58382 0.214148 0.808312
