0 0.272887 0.484768 0.155494 0.961554
0 0.574096 0.498431 0.156771 0.93905
0 0.721685 0.503104 0.155013 0.940929
0 0.421103 0.496548 0.156888 0.948789
0 0.870406 0.49988 0.159173 0.963689
0 0.124364 0.472697 0.158241 0.945394
0 0.272887 0.484768 0.155494 0.961554
0 0.574096 0.498431 0.156771 0.93905
0 0.721685 0.503104 0.155013 0.940929
0 0.421103 0.496548 0.156888 0.948789
0 0.870406 0.49988 0.159173 0.963689
0 0.124364 0.472697 0.158241 0.945394
0 0.272887 0.484768 0.155494 0.961554
0 0.574096 0.498431 0.156771 0.93905
0 0.721685 0.503104 0.155013 0.940929
0 0.421103 0.496548 0.156888 0.948789
0 0.870406 0.49988 0.159173 0.963689
0 0.124364 0.472697 0.158241 0.945394
0 0.723342 0.498021 0.155451 0.939722
0 0.275319 0.484133 0.157562 0.95923
0 0.576699 0.494359 0.156909 0.938203
0 0.871381 0.497695 0.15873 0.94393
0 0.423032 0.491613 0.157591 0.947185
0 0.128135 0.475416 0.158178 0.950735
0 0.723342 0.498021 0.155451 0.939722
0 0.275319 0.484133 0.157562 0.95923
0 0.576699 0.494359 0.156909 0.938203
0 0.871381 0.497695 0.15873 0.94393
0 0.423032 0.491613 0.157591 0.947185
0 0.128135 0.475416 0.158178 0.950735
0 0.723342 0.498021 0.155451 0.939722
0 0.275319 0.484133 0.157562 0.95923
0 0.576699 0.494359 0.156909 0.938203
0 0.871381 0.497695 0.15873 0.94393
0 0.423032 0.491613 0.157591 0.947185
0 0.128135 0.475416 0.158178 0.950735
0 0.723342 0.498021 0.155451 0.939722
0 0.275319 0.484133 0.157562 0.95923
0 0.576699 0.494359 0.156909 0.938203
0 0.871381 0.497695 0.15873 0.94393
0 0.423032 0.491613 0.157591 0.947185
0 0.128135 0.475416 0.158178 0.950735
