0 0.903766 0.493934 0.182213 0.90063
0 0.716425 0.480485 0.193003 0.861348
0 0.531996 0.500456 0.181955 0.80311
0 0.360456 0.477369 0.200352 0.883652
0 0.903766 0.493934 0.182213 0.90063
0 0.716425 0.480485 0.193003 0.861348
0 0.531996 0.500456 0.181955 0.80311
0 0.360456 0.477369 0.200352 0.883652
0 0.903766 0.493934 0.182213 0.90063
0 0.716425 0.480485 0.193003 0.861348
0 0.531996 0.500456 0.181955 0.80311
0 0.360456 0.477369 0.200352 0.883652
0 0.908786 0.489972 0.178392 0.87996
0 0.356926 0.486676 0.176014 0.804623
0 0.531773 0.56095 0.177224 0.712476
0 0.186867 0.526614 0.17519 0.709333
0 0.718953 0.48292 0.192423 0.883968
0 0.908786 0.489972 0.178392 0.87996
0 0.356926 0.486676 0.176014 0.804623
0 0.531773 0.56095 0.177224 0.712476
0 0.186867 0.526614 0.17519 0.709333
0 0.718953 0.48292 0.192423 0.883968
0 0.908786 0.489972 0.178392 0.87996
0 0.356926 0.486676 0.176014 0.804623
0 0.531773 0.56095 0.177224 0.712476
0 0.186867 0.526614 0.17519 0.709333
0 0.718953 0.48292 0.192423 0.883968
0 0.908786 0.489972 0.178392 0.87996
0 0.356926 0.486676 0.176014 0.804623
0 0.531773 0.56095 0.177224 0.712476
0 0.186867 0.526614 0.17519 0.709333
0 0.718953 0.48292 0.192423 0.883968
