0 0.438515 0.633319 0.0546218 0.588932
0 0.491473 0.629934 0.0544786 0.592018
0 0.746085 0.60847 0.0515729 0.561734
0 0.696452 0.60814 0.0524115 0.566348
0 0.041417 0.684426 0.0593071 0.606628
0 0.645959 0.613707 0.0525978 0.58172
0 0.594448 0.615126 0.0547949 0.589867
0 0.543054 0.612664 0.0535909 0.598384
0 0.383986 0.630369 0.0565212 0.619045
0 0.102009 0.682039 0.0615582 0.619304
0 0.328803 0.643559 0.057314 0.618657
0 0.27336 0.652768 0.0582047 0.615549
0 0.795931 0.571395 0.0534899 0.617975
0 0.218064 0.655505 0.0569411 0.624359
0 0.844704 0.502187 0.0520065 0.750754
0 0.159527 0.673361 0.0607904 0.609501
0 0.895487 0.519031 0.0553174 0.723382
0 0.987801 0.675611 0.0243971 0.412553
0 0.948103 0.503913 0.0538187 0.747714
0 0.896033 0.53542 0.0548146 0.687042
0 0.948403 0.527921 0.0509419 0.701514
0 0.00692413 0.690482 0.0138483 0.612648
0 0.438515 0.633319 0.0546218 0.588932
0 0.491473 0.629934 0.0544786 0.592018
0 0.746085 0.60847 0.0515729 0.561734
0 0.696452 0.60814 0.0524115 0.566348
0 0.041417 0.684426 0.0593071 0.606628
0 0.645959 0.613707 0.0525978 0.58172
0 0.594448 0.615126 0.0547949 0.589867
0 0.543054 0.612664 0.0535909 0.598384
0 0.383986 0.630369 0.0565212 0.619045
0 0.102009 0.682039 0.0615582 0.619304
0 0.328803 0.643559 0.057314 0.618657
0 0.27336 0.652768 0.0582047 0.615549
0 0.795931 0.571395 0.0534899 0.617975
0 0.218064 0.655505 0.0569411 0.624359
0 0.844704 0.502187 0.0520065 0.750754
0 0.159527 0.673361 0.0607904 0.609501
0 0.895487 0.519031 0.0553174 0.723382
0 0.987801 0.675611 0.0243971 0.412553
0 0.948103 0.503913 0.0538187 0.747714
0 0.896033 0.53542 0.0548146 0.687042
0 0.948403 0.527921 0.0509419 0.701514
0 0.00692413 0.690482 0.0138483 0.612648
0 0.438515 0.633319 0.0546218 0.588932
0 0.491473 0.629934 0.0544786 0.592018
0 0.746085 0.60847 0.0515729 0.561734
0 0.696452 0.60814 0.0524115 0.566348
0 0.041417 0.684426 0.0593071 0.606628
0 0.645959 0.613707 0.0525978 0.58172
0 0.594448 0.615126 0.0547949 0.589867
0 0.543054 0.612664 0.0535909 0.598384
0 0.383986 0.630369 0.0565212 0.619045
0 0.102009 0.682039 0.0615582 0.619304
0 0.328803 0.643559 0.057314 0.618657
0 0.27336 0.652768 0.0582047 0.615549
0 0.795931 0.571395 0.0534899 0.617975
0 0.218064 0.655505 0.0569411 0.624359
0 0.844704 0.502187 0.0520065 0.750754
0 0.159527 0.673361 0.0607904 0.609501
0 0.895487 0.519031 0.0553174 0.723382
0 0.987801 0.675611 0.0243971 0.412553
0 0.948103 0.503913 0.0538187 0.747714
0 0.896033 0.53542 0.0548146 0.687042
0 0.948403 0.527921 0.0509419 0.701514
0 0.00692413 0.690482 0.0138483 0.612648
0 0.101224 0.682284 0.0617484 0.619924
0 0.54319 0.609721 0.0537376 0.614341
0 0.438116 0.635414 0.0577393 0.598712
0 0.384687 0.633698 0.0581749 0.623156
0 0.273615 0.650874 0.05805 0.620275
0 0.846806 0.535543 0.0523175 0.696151
0 0.89759 0.526395 0.0554912 0.715339
0 0.159663 0.66972 0.0638403 0.619975
0 0.950022 0.554286 0.0573233 0.648226
0 0.32919 0.63507 0.0589951 0.647408
0 0.218023 0.659468 0.0581641 0.619856
0 0.594434 0.612234 0.0541519 0.604159
0 0.645873 0.609958 0.0523701 0.596767
0 0.696174 0.607594 0.0515345 0.580791
0 0.746047 0.606063 0.0515872 0.586011
0 0.49131 0.624291 0.055269 0.603282
0 0.0407398 0.689235 0.0603585 0.608678
0 0.797175 0.575627 0.0532174 0.61618
0 0.00739985 0.694205 0.0147997 0.61159
0 0.0415256 0.690051 0.0608767 0.602863
0 0.101224 0.682284 0.0617484 0.619924
0 0.54319 0.609721 0.0537376 0.614341
0 0.438116 0.635414 0.0577393 0.598712
0 0.384687 0.633698 0.0581749 0.623156
0 0.273615 0.650874 0.05805 0.620275
0 0.846806 0.535543 0.0523175 0.696151
0 0.89759 0.526395 0.0554912 0.715339
0 0.159663 0.66972 0.0638403 0.619975
0 0.950022 0.554286 0.0573233 0.648226
0 0.32919 0.63507 0.0589951 0.647408
0 0.218023 0.659468 0.0581641 0.619856
0 0.594434 0.612234 0.0541519 0.604159
0 0.645873 0.609958 0.0523701 0.596767
0 0.696174 0.607594 0.0515345 0.580791
0 0.746047 0.606063 0.0515872 0.586011
0 0.49131 0.624291 0.055269 0.603282
0 0.0407398 0.689235 0.0603585 0.608678
0 0.797175 0.575627 0.0532174 0.61618
0 0.00739985 0.694205 0.0147997 0.61159
0 0.0415256 0.690051 0.0608767 0.602863
0 0.988316 0.616978 0.0232994 0.541227
0 0.101224 0.682284 0.0617484 0.619924
0 0.54319 0.609721 0.0537376 0.614341
0 0.438116 0.635414 0.0577393 0.598712
0 0.384687 0.633698 0.0581749 0.623156
0 0.273615 0.650874 0.05805 0.620275
0 0.846806 0.535543 0.0523175 0.696151
0 0.89759 0.526395 0.0554912 0.715339
0 0.159663 0.66972 0.0638403 0.619975
0 0.950022 0.554286 0.0573233 0.648226
0 0.32919 0.63507 0.0589951 0.647408
0 0.218023 0.659468 0.0581641 0.619856
0 0.594434 0.612234 0.0541519 0.604159
0 0.645873 0.609958 0.0523701 0.596767
0 0.696174 0.607594 0.0515345 0.580791
0 0.746047 0.606063 0.0515872 0.586011
0 0.49131 0.624291 0.055269 0.603282
0 0.0407398 0.689235 0.0603585 0.608678
0 0.797175 0.575627 0.0532174 0.61618
0 0.00739985 0.694205 0.0147997 0.61159
0 0.0415256 0.690051 0.0608767 0.602863
0 0.101224 0.682284 0.0617484 0.619924
0 0.54319 0.609721 0.0537376 0.614341
0 0.438116 0.635414 0.0577393 0.598712
0 0.384687 0.633698 0.0581749 0.623156
0 0.273615 0.650874 0.05805 0.620275
0 0.846806 0.535543 0.0523175 0.696151
0 0.89759 0.526395 0.0554912 0.715339
0 0.159663 0.66972 0.0638403 0.619975
0 0.950022 0.554286 0.0573233 0.648226
0 0.32919 0.63507 0.0589951 0.647408
0 0.218023 0.659468 0.0581641 0.619856
0 0.594434 0.612234 0.0541519 0.604159
0 0.645873 0.609958 0.0523701 0.596767
0 0.696174 0.607594 0.0515345 0.580791
0 0.746047 0.606063 0.0515872 0.586011
0 0.49131 0.624291 0.055269 0.603282
0 0.0407398 0.689235 0.0603585 0.608678
0 0.797175 0.575627 0.0532174 0.61618
0 0.00739985 0.694205 0.0147997 0.61159
0 0.0415256 0.690051 0.0608767 0.602863
