0 0.349912 0.394569 0.224971 0.484245
0 0.579568 0.420473 0.236559 0.485686
0 0.97007 0.502254 0.0598604 0.517742
0 0.853499 0.477118 0.132599 0.382698
0 0.131961 0.430772 0.215299 0.554216
0 0.721867 0.461034 0.0513831 0.365619
0 0.648611 0.455098 0.0943289 0.415636
0 0.721903 0.456098 0.0517911 0.379054
0 0.349912 0.394569 0.224971 0.484245
0 0.579568 0.420473 0.236559 0.485686
0 0.97007 0.502254 0.0598604 0.517742
0 0.853499 0.477118 0.132599 0.382698
0 0.131961 0.430772 0.215299 0.554216
0 0.721867 0.461034 0.0513831 0.365619
0 0.648611 0.455098 0.0943289 0.415636
0 0.721903 0.456098 0.0517911 0.379054
0 0.349912 0.394569 0.224971 0.484245
0 0.579568 0.420473 0.236559 0.485686
0 0.97007 0.502254 0.0598604 0.517742
0 0.853499 0.477118 0.132599 0.382698
0 0.131961 0.430772 0.215299 0.554216
0 0.721867 0.461034 0.0513831 0.365619
0 0.648611 0.455098 0.0943289 0.415636
0 0.721903 0.456098 0.0517911 0.379054
0 0.968148 0.495939 0.0637033 0.492964
0 0.349116 0.402797 0.225204 0.469793
0 0.580981 0.414826 0.234813 0.484754
0 0.134828 0.438482 0.203759 0.504395
0 0.811862 0.443546 0.227448 0.40522
0 0.74461 0.455687 0.0920192 0.36801
0 0.968148 0.495939 0.0637033 0.492964
0 0.349116 0.402797 0.225204 0.469793
0 0.580981 0.414826 0.234813 0.484754
0 0.134828 0.438482 0.203759 0.504395
0 0.811862 0.443546 0.227448 0.40522
0 0.74461 0.455687 0.0920192 0.36801
0 0.0121643 0.444819 0.0243286 0.613239
0 0.408119 0.448119 0.105413 0.374783
0 0.968148 0.495939 0.0637033 0.492964
0 0.349116 0.402797 0.225204 0.469793
0 0.580981 0.414826 0.234813 0.484754
0 0.134828 0.438482 0.203759 0.504395
0 0.811862 0.443546 0.227448 0.40522
0 0.74461 0.455687 0.0920192 0.36801
