0 0.116795 0.549151 0.0838655 0.723001
0 0.94127 0.602571 0.105797 0.770177
0 0.0472957 0.542769 0.061445 0.71477
0 0.822693 0.597768 0.120958 0.749635
0 0.19959 0.582038 0.076961 0.64207
0 0.618088 0.568807 0.103483 0.741686
0 0.0106059 0.546179 0.0208553 0.71915
0 0.00883365 0.542008 0.0174429 0.723783
0 0.399921 0.570529 0.102306 0.735579
0 0.294064 0.563348 0.108304 0.753712
0 0.993066 0.620242 0.0138675 0.759515
0 0.503669 0.567454 0.0983479 0.734621
0 0.116795 0.549151 0.0838655 0.723001
0 0.94127 0.602571 0.105797 0.770177
0 0.0472957 0.542769 0.061445 0.71477
0 0.822693 0.597768 0.120958 0.749635
0 0.19959 0.582038 0.076961 0.64207
0 0.618088 0.568807 0.103483 0.741686
0 0.0106059 0.546179 0.0208553 0.71915
0 0.00883365 0.542008 0.0174429 0.723783
0 0.399921 0.570529 0.102306 0.735579
0 0.294064 0.563348 0.108304 0.753712
0 0.993066 0.620242 0.0138675 0.759515
0 0.503669 0.567454 0.0983479 0.734621
0 0.116795 0.549151 0.0838655 0.723001
0 0.94127 0.602571 0.105797 0.770177
0 0.0472957 0.542769 0.061445 0.71477
0 0.822693 0.597768 0.120958 0.749635
0 0.19959 0.582038 0.076961 0.64207
0 0.618088 0.568807 0.103483 0.741686
0 0.0106059 0.546179 0.0208553 0.71915
0 0.00883365 0.542008 0.0174429 0.723783
0 0.399921 0.570529 0.102306 0.735579
0 0.294064 0.563348 0.108304 0.753712
0 0.993066 0.620242 0.0138675 0.759515
0 0.503669 0.567454 0.0983479 0.734621
0 0.293641 0.564986 0.108424 0.744567
0 0.509598 0.578632 0.107202 0.720535
0 0.047038 0.55626 0.0591338 0.702611
0 0.115142 0.549418 0.0812988 0.699712
0 0.00941113 0.572936 0.0188223 0.68561
0 0.399107 0.580545 0.100881 0.740525
0 0.821397 0.591923 0.123206 0.710684
0 0.619484 0.579015 0.105939 0.739728
0 0.398999 0.580755 0.0989498 0.737768
0 0.941205 0.610138 0.103507 0.745956
0 0.711127 0.605197 0.0781062 0.665277
0 0.166591 0.576332 0.0291228 0.636
0 0.293641 0.564986 0.108424 0.744567
0 0.509598 0.578632 0.107202 0.720535
0 0.047038 0.55626 0.0591338 0.702611
0 0.115142 0.549418 0.0812988 0.699712
0 0.00941113 0.572936 0.0188223 0.68561
0 0.399107 0.580545 0.100881 0.740525
0 0.821397 0.591923 0.123206 0.710684
0 0.619484 0.579015 0.105939 0.739728
0 0.398999 0.580755 0.0989498 0.737768
0 0.941205 0.610138 0.103507 0.745956
0 0.711127 0.605197 0.0781062 0.665277
0 0.166591 0.576332 0.0291228 0.636
0 0.992925 0.629821 0.0141496 0.740358
0 0.940668 0.609286 0.102699 0.751961
0 0.619733 0.579965 0.106756 0.735267
0 0.165284 0.564181 0.0271578 0.604392
0 0.293641 0.564986 0.108424 0.744567
0 0.509598 0.578632 0.107202 0.720535
0 0.047038 0.55626 0.0591338 0.702611
0 0.115142 0.549418 0.0812988 0.699712
0 0.00941113 0.572936 0.0188223 0.68561
0 0.399107 0.580545 0.100881 0.740525
0 0.821397 0.591923 0.123206 0.710684
0 0.619484 0.579015 0.105939 0.739728
0 0.398999 0.580755 0.0989498 0.737768
0 0.941205 0.610138 0.103507 0.745956
0 0.711127 0.605197 0.0781062 0.665277
0 0.166591 0.576332 0.0291228 0.636
0 0.293641 0.564986 0.108424 0.744567
0 0.509598 0.578632 0.107202 0.720535
0 0.047038 0.55626 0.0591338 0.702611
0 0.115142 0.549418 0.0812988 0.699712
0 0.00941113 0.572936 0.0188223 0.68561
0 0.399107 0.580545 0.100881 0.740525
0 0.821397 0.591923 0.123206 0.710684
0 0.619484 0.579015 0.105939 0.739728
0 0.398999 0.580755 0.0989498 0.737768
0 0.941205 0.610138 0.103507 0.745956
0 0.711127 0.605197 0.0781062 0.665277
0 0.166591 0.576332 0.0291228 0.636
