0 0.163245 0.247053 0.183457 0.474261
0 0.874416 0.491799 0.205988 0.941067
0 0.171037 0.70838 0.164482 0.478011
0 0.511087 0.478736 0.172919 0.957472
0 0.339332 0.476517 0.171828 0.953034
0 0.688874 0.264029 0.160818 0.442967
0 0.162031 0.253847 0.179171 0.463784
0 0.335294 0.273543 0.168053 0.513641
0 0.163245 0.247053 0.183457 0.474261
0 0.874416 0.491799 0.205988 0.941067
0 0.171037 0.70838 0.164482 0.478011
0 0.511087 0.478736 0.172919 0.957472
0 0.339332 0.476517 0.171828 0.953034
0 0.688874 0.264029 0.160818 0.442967
0 0.162031 0.253847 0.179171 0.463784
0 0.335294 0.273543 0.168053 0.513641
0 0.163245 0.247053 0.183457 0.474261
0 0.874416 0.491799 0.205988 0.941067
0 0.171037 0.70838 0.164482 0.478011
0 0.511087 0.478736 0.172919 0.957472
0 0.339332 0.476517 0.171828 0.953034
0 0.688874 0.264029 0.160818 0.442967
0 0.162031 0.253847 0.179171 0.463784
0 0.335294 0.273543 0.168053 0.513641
0 0.174929 0.707007 0.167984 0.473937
0 0.335809 0.259629 0.159878 0.490052
0 0.686222 0.267087 0.159026 0.469591
0 0.510724 0.242256 0.15995 0.476179
0 0.337041 0.723563 0.152801 0.479577
0 0.509289 0.713937 0.166488 0.512288
0 0.869844 0.479767 0.208682 0.892326
0 0.16002 0.23637 0.173205 0.460719
0 0.865571 0.37399 0.194883 0.692783
0 0.510578 0.710733 0.165327 0.522439
0 0.0412589 0.469281 0.0824334 0.932224
0 0.174929 0.707007 0.167984 0.473937
0 0.335809 0.259629 0.159878 0.490052
0 0.686222 0.267087 0.159026 0.469591
0 0.510724 0.242256 0.15995 0.476179
0 0.337041 0.723563 0.152801 0.479577
0 0.509289 0.713937 0.166488 0.512288
0 0.869844 0.479767 0.208682 0.892326
0 0.16002 0.23637 0.173205 0.460719
0 0.865571 0.37399 0.194883 0.692783
0 0.510578 0.710733 0.165327 0.522439
0 0.0412589 0.469281 0.0824334 0.932224
0 0.0427717 0.71119 0.0852524 0.447485
0 0.986032 0.499762 0.0279354 0.926933
0 0.168337 0.473617 0.188348 0.939245
0 0.174929 0.707007 0.167984 0.473937
0 0.335809 0.259629 0.159878 0.490052
0 0.686222 0.267087 0.159026 0.469591
0 0.510724 0.242256 0.15995 0.476179
0 0.337041 0.723563 0.152801 0.479577
0 0.509289 0.713937 0.166488 0.512288
0 0.869844 0.479767 0.208682 0.892326
0 0.16002 0.23637 0.173205 0.460719
0 0.865571 0.37399 0.194883 0.692783
0 0.510578 0.710733 0.165327 0.522439
0 0.0412589 0.469281 0.0824334 0.932224
0 0.174929 0.707007 0.167984 0.473937
0 0.335809 0.259629 0.159878 0.490052
0 0.686222 0.267087 0.159026 0.469591
0 0.510724 0.242256 0.15995 0.476179
0 0.337041 0.723563 0.152801 0.479577
0 0.509289 0.713937 0.166488 0.512288
0 0.869844 0.479767 0.208682 0.892326
0 0.16002 0.23637 0.173205 0.460719
0 0.865571 0.37399 0.194883 0.692783
0 0.510578 0.710733 0.165327 0.522439
0 0.0412589 0.469281 0.0824334 0.932224
