0 0.72796 0.729921 0.0935996 0.483221
0 0.360485 0.642204 0.0883221 0.66307
0 0.541119 0.727531 0.0912241 0.506749
0 0.819912 0.728116 0.0971285 0.481717
0 0.179055 0.529758 0.096865 0.847329
0 0.271267 0.533581 0.101565 0.853189
0 0.446182 0.646561 0.100745 0.655817
0 0.979919 0.733179 0.0401618 0.478856
0 0.638299 0.732658 0.0903455 0.494471
0 0.0805835 0.468301 0.116856 0.814923
0 0.916131 0.729522 0.0972885 0.484511
0 0.0168799 0.45385 0.0333748 0.809559
0 0.72796 0.729921 0.0935996 0.483221
0 0.360485 0.642204 0.0883221 0.66307
0 0.541119 0.727531 0.0912241 0.506749
0 0.819912 0.728116 0.0971285 0.481717
0 0.179055 0.529758 0.096865 0.847329
0 0.271267 0.533581 0.101565 0.853189
0 0.446182 0.646561 0.100745 0.655817
0 0.979919 0.733179 0.0401618 0.478856
0 0.638299 0.732658 0.0903455 0.494471
0 0.0805835 0.468301 0.116856 0.814923
0 0.916131 0.729522 0.0972885 0.484511
0 0.0168799 0.45385 0.0333748 0.809559
0 0.72796 0.729921 0.0935996 0.483221
0 0.360485 0.642204 0.0883221 0.66307
0 0.541119 0.727531 0.0912241 0.506749
0 0.819912 0.728116 0.0971285 0.481717
0 0.179055 0.529758 0.096865 0.847329
0 0.271267 0.533581 0.101565 0.853189
0 0.446182 0.646561 0.100745 0.655817
0 0.979919 0.733179 0.0401618 0.478856
0 0.638299 0.732658 0.0903455 0.494471
0 0.0805835 0.468301 0.116856 0.814923
0 0.916131 0.729522 0.0972885 0.484511
0 0.0168799 0.45385 0.0333748 0.809559
0 0.0806756 0.461209 0.116037 0.831497
0 0.820941 0.729035 0.0982886 0.488504
0 0.916349 0.7294 0.0976886 0.49053
0 0.980312 0.732473 0.0393574 0.470766
0 0.44744 0.64358 0.102325 0.648867
0 0.179435 0.531428 0.0969601 0.849996
0 0.273069 0.533266 0.104524 0.852101
0 0.72955 0.730884 0.0920762 0.48863
0 0.360524 0.640401 0.0860575 0.646294
0 0.639136 0.730961 0.0914824 0.483262
0 0.543089 0.727526 0.0932312 0.482537
0 0.0179566 0.458169 0.0359132 0.817954
0 0.0806756 0.461209 0.116037 0.831497
0 0.820941 0.729035 0.0982886 0.488504
0 0.916349 0.7294 0.0976886 0.49053
0 0.980312 0.732473 0.0393574 0.470766
0 0.44744 0.64358 0.102325 0.648867
0 0.179435 0.531428 0.0969601 0.849996
0 0.273069 0.533266 0.104524 0.852101
0 0.72955 0.730884 0.0920762 0.48863
0 0.360524 0.640401 0.0860575 0.646294
0 0.639136 0.730961 0.0914824 0.483262
0 0.543089 0.727526 0.0932312 0.482537
0 0.0179566 0.458169 0.0359132 0.817954
0 0.0585337 0.924709 0.117067 0.150583
0 0.017244 0.466454 0.0344879 0.813268
0 0.0806756 0.461209 0.116037 0.831497
0 0.820941 0.729035 0.0982886 0.488504
0 0.916349 0.7294 0.0976886 0.49053
0 0.980312 0.732473 0.0393574 0.470766
0 0.44744 0.64358 0.102325 0.648867
0 0.179435 0.531428 0.0969601 0.849996
0 0.273069 0.533266 0.104524 0.852101
0 0.72955 0.730884 0.0920762 0.48863
0 0.360524 0.640401 0.0860575 0.646294
0 0.639136 0.730961 0.0914824 0.483262
0 0.543089 0.727526 0.0932312 0.482537
0 0.0179566 0.458169 0.0359132 0.817954
