0 0.85384 0.66406 0.0902786 0.584791
0 0.936369 0.665404 0.0849061 0.594028
0 0.530229 0.675091 0.0807135 0.575963
0 0.0538589 0.657607 0.0871676 0.581529
0 0.607715 0.668942 0.0838636 0.581498
0 0.770553 0.662383 0.0863411 0.572955
0 0.13496 0.663989 0.0876594 0.586515
0 0.216009 0.661568 0.0832152 0.582678
0 0.98609 0.657074 0.027819 0.582017
0 0.688065 0.667592 0.085296 0.580768
0 0.295583 0.667556 0.0854485 0.59034
0 0.375169 0.671881 0.082178 0.585142
0 0.453256 0.667457 0.0833802 0.580224
0 0.00745143 0.661289 0.0148099 0.571211
0 0.453457 0.6663 0.0836312 0.57269
0 0.85384 0.66406 0.0902786 0.584791
0 0.936369 0.665404 0.0849061 0.594028
0 0.530229 0.675091 0.0807135 0.575963
0 0.0538589 0.657607 0.0871676 0.581529
0 0.607715 0.668942 0.0838636 0.581498
0 0.770553 0.662383 0.0863411 0.572955
0 0.13496 0.663989 0.0876594 0.586515
0 0.216009 0.661568 0.0832152 0.582678
0 0.98609 0.657074 0.027819 0.582017
0 0.688065 0.667592 0.085296 0.580768
0 0.295583 0.667556 0.0854485 0.59034
0 0.375169 0.671881 0.082178 0.585142
0 0.453256 0.667457 0.0833802 0.580224
0 0.00745143 0.661289 0.0148099 0.571211
0 0.453457 0.6663 0.0836312 0.57269
0 0.85384 0.66406 0.0902786 0.584791
0 0.936369 0.665404 0.0849061 0.594028
0 0.530229 0.675091 0.0807135 0.575963
0 0.0538589 0.657607 0.0871676 0.581529
0 0.607715 0.668942 0.0838636 0.581498
0 0.770553 0.662383 0.0863411 0.572955
0 0.13496 0.663989 0.0876594 0.586515
0 0.216009 0.661568 0.0832152 0.582678
0 0.98609 0.657074 0.027819 0.582017
0 0.688065 0.667592 0.085296 0.580768
0 0.295583 0.667556 0.0854485 0.59034
0 0.375169 0.671881 0.082178 0.585142
0 0.453256 0.667457 0.0833802 0.580224
0 0.00745143 0.661289 0.0148099 0.571211
0 0.453457 0.6663 0.0836312 0.57269
0 0.60903 0.669319 0.0840624 0.584708
0 0.530447 0.678455 0.0808608 0.575501
0 0.45323 0.668515 0.082896 0.576962
0 0.688651 0.667778 0.0837535 0.584213
0 0.854107 0.668935 0.0891693 0.588581
0 0.215859 0.665902 0.0845755 0.583136
0 0.134499 0.666817 0.0879784 0.585974
0 0.937459 0.666443 0.0855174 0.592069
0 0.770789 0.665987 0.0857855 0.582707
0 0.295651 0.67007 0.0867442 0.588192
0 0.375708 0.675198 0.0825719 0.584994
0 0.98719 0.662261 0.0255714 0.576588
0 0.0534606 0.665472 0.0864194 0.584352
0 0.00706432 0.669627 0.0141286 0.560175
0 0.00932582 0.66317 0.0186516 0.568888
0 0.60903 0.669319 0.0840624 0.584708
0 0.530447 0.678455 0.0808608 0.575501
0 0.45323 0.668515 0.082896 0.576962
0 0.688651 0.667778 0.0837535 0.584213
0 0.854107 0.668935 0.0891693 0.588581
0 0.215859 0.665902 0.0845755 0.583136
0 0.134499 0.666817 0.0879784 0.585974
0 0.937459 0.666443 0.0855174 0.592069
0 0.770789 0.665987 0.0857855 0.582707
0 0.295651 0.67007 0.0867442 0.588192
0 0.375708 0.675198 0.0825719 0.584994
0 0.98719 0.662261 0.0255714 0.576588
0 0.0534606 0.665472 0.0864194 0.584352
0 0.00706432 0.669627 0.0141286 0.560175
0 0.00932582 0.66317 0.0186516 0.568888
0 0.60903 0.669319 0.0840624 0.584708
0 0.530447 0.678455 0.0808608 0.575501
0 0.45323 0.668515 0.082896 0.576962
0 0.688651 0.667778 0.0837535 0.584213
0 0.854107 0.668935 0.0891693 0.588581
0 0.215859 0.665902 0.0845755 0.583136
0 0.134499 0.666817 0.0879784 0.585974
0 0.937459 0.666443 0.0855174 0.592069
0 0.770789 0.665987 0.0857855 0.582707
0 0.295651 0.67007 0.0867442 0.588192
0 0.375708 0.675198 0.0825719 0.584994
0 0.98719 0.662261 0.0255714 0.576588
0 0.0534606 0.665472 0.0864194 0.584352
0 0.00706432 0.669627 0.0141286 0.560175
0 0.00932582 0.66317 0.0186516 0.568888
0 0.60903 0.669319 0.0840624 0.584708
0 0.530447 0.678455 0.0808608 0.575501
0 0.45323 0.668515 0.082896 0.576962
0 0.688651 0.667778 0.0837535 0.584213
0 0.854107 0.668935 0.0891693 0.588581
0 0.215859 0.665902 0.0845755 0.583136
0 0.134499 0.666817 0.0879784 0.585974
0 0.937459 0.666443 0.0855174 0.592069
0 0.770789 0.665987 0.0857855 0.582707
0 0.295651 0.67007 0.0867442 0.588192
0 0.375708 0.675198 0.0825719 0.584994
0 0.98719 0.662261 0.0255714 0.576588
0 0.0534606 0.665472 0.0864194 0.584352
0 0.00706432 0.669627 0.0141286 0.560175
0 0.00932582 0.66317 0.0186516 0.568888
