0 0.797159 0.447438 0.386882 0.854834
0 0.540869 0.54577 0.14354 0.814156
0 0.40843 0.561591 0.135803 0.810452
0 0.172069 0.534096 0.111733 0.672794
0 0.283683 0.570406 0.127756 0.794849
0 0.0627106 0.552752 0.119258 0.646895
0 0.170279 0.523348 0.11378 0.650736
0 0.797159 0.447438 0.386882 0.854834
0 0.540869 0.54577 0.14354 0.814156
0 0.40843 0.561591 0.135803 0.810452
0 0.172069 0.534096 0.111733 0.672794
0 0.283683 0.570406 0.127756 0.794849
0 0.0627106 0.552752 0.119258 0.646895
0 0.170279 0.523348 0.11378 0.650736
0 0.797159 0.447438 0.386882 0.854834
0 0.540869 0.54577 0.14354 0.814156
0 0.40843 0.561591 0.135803 0.810452
0 0.172069 0.534096 0.111733 0.672794
0 0.283683 0.570406 0.127756 0.794849
0 0.0627106 0.552752 0.119258 0.646895
0 0.170279 0.523348 0.11378 0.650736
0 0.410753 0.568006 0.13463 0.815495
0 0.286075 0.587358 0.12605 0.794458
0 0.542609 0.557782 0.140941 0.800402
0 0.0638686 0.576503 0.117116 0.590798
0 0.41006 0.566685 0.135183 0.820754
0 0.410753 0.568006 0.13463 0.815495
0 0.286075 0.587358 0.12605 0.794458
0 0.542609 0.557782 0.140941 0.800402
0 0.0638686 0.576503 0.117116 0.590798
0 0.41006 0.566685 0.135183 0.820754
0 0.794315 0.465355 0.373519 0.831699
0 0.908462 0.264725 0.140693 0.448095
0 0.171778 0.532469 0.111203 0.63527
0 0.72717 0.474174 0.222 0.788591
0 0.542278 0.552566 0.142361 0.805574
0 0.410753 0.568006 0.13463 0.815495
0 0.286075 0.587358 0.12605 0.794458
0 0.542609 0.557782 0.140941 0.800402
0 0.0638686 0.576503 0.117116 0.590798
0 0.41006 0.566685 0.135183 0.820754
