0 0.386671 0.650268 0.0942249 0.551204
0 0.666476 0.674785 0.0935819 0.550765
0 0.854625 0.695668 0.0928581 0.539495
0 0.478656 0.669434 0.0911017 0.540001
0 0.761842 0.675666 0.0966124 0.556589
0 0.572638 0.672709 0.0938311 0.542905
0 0.0285684 0.624985 0.0568936 0.536847
0 0.945169 0.697738 0.0893918 0.543007
0 0.293967 0.640755 0.0924494 0.545086
0 0.199318 0.628979 0.0984062 0.557316
0 0.103923 0.626555 0.0966464 0.544373
0 0.386671 0.650268 0.0942249 0.551204
0 0.666476 0.674785 0.0935819 0.550765
0 0.854625 0.695668 0.0928581 0.539495
0 0.478656 0.669434 0.0911017 0.540001
0 0.761842 0.675666 0.0966124 0.556589
0 0.572638 0.672709 0.0938311 0.542905
0 0.0285684 0.624985 0.0568936 0.536847
0 0.945169 0.697738 0.0893918 0.543007
0 0.293967 0.640755 0.0924494 0.545086
0 0.199318 0.628979 0.0984062 0.557316
0 0.103923 0.626555 0.0966464 0.544373
0 0.386671 0.650268 0.0942249 0.551204
0 0.666476 0.674785 0.0935819 0.550765
0 0.854625 0.695668 0.0928581 0.539495
0 0.478656 0.669434 0.0911017 0.540001
0 0.761842 0.675666 0.0966124 0.556589
0 0.572638 0.672709 0.0938311 0.542905
0 0.0285684 0.624985 0.0568936 0.536847
0 0.945169 0.697738 0.0893918 0.543007
0 0.293967 0.640755 0.0924494 0.545086
0 0.199318 0.628979 0.0984062 0.557316
0 0.103923 0.626555 0.0966464 0.544373
0 0.386584 0.647517 0.0986231 0.558171
0 0.293644 0.640333 0.0935134 0.554192
0 0.198416 0.630154 0.0991156 0.557764
0 0.103852 0.62666 0.0980566 0.554995
0 0.761759 0.681992 0.0981584 0.549686
0 0.572301 0.670168 0.0986014 0.549626
0 0.478993 0.66382 0.0916613 0.541403
0 0.855106 0.699895 0.0949444 0.538265
0 0.666523 0.67109 0.0935248 0.558727
0 0.0287041 0.629772 0.0571925 0.548895
0 0.948341 0.701708 0.0978744 0.547918
0 0.94955 0.700502 0.0988754 0.54281
0 0.386584 0.647517 0.0986231 0.558171
0 0.293644 0.640333 0.0935134 0.554192
0 0.198416 0.630154 0.0991156 0.557764
0 0.103852 0.62666 0.0980566 0.554995
0 0.761759 0.681992 0.0981584 0.549686
0 0.572301 0.670168 0.0986014 0.549626
0 0.478993 0.66382 0.0916613 0.541403
0 0.855106 0.699895 0.0949444 0.538265
0 0.666523 0.67109 0.0935248 0.558727
0 0.0287041 0.629772 0.0571925 0.548895
0 0.948341 0.701708 0.0978744 0.547918
0 0.94955 0.700502 0.0988754 0.54281
0 0.386584 0.647517 0.0986231 0.558171
0 0.293644 0.640333 0.0935134 0.554192
0 0.198416 0.630154 0.0991156 0.557764
0 0.103852 0.62666 0.0980566 0.554995
0 0.761759 0.681992 0.0981584 0.549686
0 0.572301 0.670168 0.0986014 0.549626
0 0.478993 0.66382 0.0916613 0.541403
0 0.855106 0.699895 0.0949444 0.538265
0 0.666523 0.67109 0.0935248 0.558727
0 0.0287041 0.629772 0.0571925 0.548895
0 0.948341 0.701708 0.0978744 0.547918
0 0.94955 0.700502 0.0988754 0.54281
0 0.386584 0.647517 0.0986231 0.558171
0 0.293644 0.640333 0.0935134 0.554192
0 0.198416 0.630154 0.0991156 0.557764
0 0.103852 0.62666 0.0980566 0.554995
0 0.761759 0.681992 0.0981584 0.549686
0 0.572301 0.670168 0.0986014 0.549626
0 0.478993 0.66382 0.0916613 0.541403
0 0.855106 0.699895 0.0949444 0.538265
0 0.666523 0.67109 0.0935248 0.558727
0 0.0287041 0.629772 0.0571925 0.548895
0 0.948341 0.701708 0.0978744 0.547918
0 0.94955 0.700502 0.0988754 0.54281
