0 0.332803 0.464968 0.508888 0.670797
0 0.712119 0.527123 0.42909 0.945754
0 0.332803 0.464968 0.508888 0.670797
0 0.712119 0.527123 0.42909 0.945754
0 0.332803 0.464968 0.508888 0.670797
0 0.712119 0.527123 0.42909 0.945754
0 0.909246 0.57337 0.181507 0.757162
0 0.705306 0.517917 0.40962 0.900929
0 0.114892 0.153786 0.209154 0.222882
0 0.0844016 0.428722 0.166582 0.409431
0 0.909246 0.57337 0.181507 0.757162
0 0.705306 0.517917 0.40962 0.900929
0 0.114892 0.153786 0.209154 0.222882
0 0.0844016 0.428722 0.166582 0.409431
0 0.332971 0.436894 0.525223 0.707072
0 0.909246 0.57337 0.181507 0.757162
0 0.705306 0.517917 0.40962 0.900929
0 0.114892 0.153786 0.209154 0.222882
0 0.0844016 0.428722 0.166582 0.409431
0 0.909246 0.57337 0.181507 0.757162
0 0.705306 0.517917 0.40962 0.900929
0 0.114892 0.153786 0.209154 0.222882
0 0.0844016 0.428722 0.166582 0.409431
