0 0.872683 0.34318 0.17203 0.640035
0 0.614573 0.407097 0.438718 0.561308
0 0.625581 0.51372 0.404014 0.321554
0 0.221844 0.597475 0.406039 0.381788
0 0.872683 0.34318 0.17203 0.640035
0 0.614573 0.407097 0.438718 0.561308
0 0.625581 0.51372 0.404014 0.321554
0 0.221844 0.597475 0.406039 0.381788
0 0.872683 0.34318 0.17203 0.640035
0 0.614573 0.407097 0.438718 0.561308
0 0.625581 0.51372 0.404014 0.321554
0 0.221844 0.597475 0.406039 0.381788
0 0.628372 0.401625 0.454688 0.60878
0 0.235746 0.631859 0.400816 0.34524
0 0.224162 0.489972 0.417568 0.599353
0 0.874259 0.341348 0.173848 0.636868
0 0.628372 0.401625 0.454688 0.60878
0 0.235746 0.631859 0.400816 0.34524
0 0.224162 0.489972 0.417568 0.599353
0 0.874259 0.341348 0.173848 0.636868
0 0.236732 0.625806 0.406856 0.348142
0 0.620198 0.392383 0.444886 0.615014
0 0.628372 0.401625 0.454688 0.60878
0 0.235746 0.631859 0.400816 0.34524
0 0.224162 0.489972 0.417568 0.599353
0 0.874259 0.341348 0.173848 0.636868
