0 0.596026 0.556656 0.0908115 0.72389
0 0.127832 0.479767 0.0765495 0.652287
0 0.427919 0.533034 0.0842728 0.691292
0 0.782156 0.579678 0.0905197 0.746328
0 0.877947 0.584616 0.0998327 0.775259
0 0.687868 0.564058 0.091237 0.736065
0 0.0525253 0.466128 0.0813329 0.635452
0 0.509301 0.541452 0.0821273 0.691468
0 0.349318 0.525782 0.0764406 0.656875
0 0.273668 0.512098 0.0752952 0.638952
0 0.202474 0.491193 0.0709269 0.647254
0 0.96323 0.605544 0.0725368 0.757653
0 0.00874999 0.483321 0.0175 0.630128
