0 0.642598 0.557676 0.133257 0.767761
0 0.525471 0.526423 0.12096 0.740906
0 0.408112 0.49292 0.110591 0.725597
0 0.176171 0.442838 0.113867 0.693689
0 0.757805 0.582068 0.123049 0.737589
0 0.294133 0.456683 0.111417 0.694689
0 0.894848 0.611979 0.112828 0.76176
0 0.966498 0.638282 0.0667932 0.723436
0 0.642598 0.557676 0.133257 0.767761
0 0.525471 0.526423 0.12096 0.740906
0 0.408112 0.49292 0.110591 0.725597
0 0.176171 0.442838 0.113867 0.693689
0 0.757805 0.582068 0.123049 0.737589
0 0.294133 0.456683 0.111417 0.694689
0 0.894848 0.611979 0.112828 0.76176
0 0.966498 0.638282 0.0667932 0.723436
0 0.642598 0.557676 0.133257 0.767761
0 0.525471 0.526423 0.12096 0.740906
0 0.408112 0.49292 0.110591 0.725597
0 0.176171 0.442838 0.113867 0.693689
0 0.757805 0.582068 0.123049 0.737589
0 0.294133 0.456683 0.111417 0.694689
0 0.894848 0.611979 0.112828 0.76176
0 0.966498 0.638282 0.0667932 0.723436
0 0.291853 0.478079 0.11956 0.750511
0 0.522862 0.539378 0.124061 0.732212
0 0.406098 0.51204 0.108765 0.717607
0 0.642636 0.556499 0.131567 0.770665
0 0.175257 0.447178 0.110535 0.717844
0 0.756755 0.583696 0.121353 0.74981
0 0.88633 0.611839 0.127825 0.7693
0 0.967734 0.619562 0.0645313 0.738074
0 0.0540209 0.346975 0.0867379 0.626261
0 0.291853 0.478079 0.11956 0.750511
0 0.522862 0.539378 0.124061 0.732212
0 0.406098 0.51204 0.108765 0.717607
0 0.642636 0.556499 0.131567 0.770665
0 0.175257 0.447178 0.110535 0.717844
0 0.756755 0.583696 0.121353 0.74981
0 0.88633 0.611839 0.127825 0.7693
0 0.967734 0.619562 0.0645313 0.738074
0 0.0540209 0.346975 0.0867379 0.626261
0 0.967856 0.615564 0.0642221 0.735402
0 0.291853 0.478079 0.11956 0.750511
0 0.522862 0.539378 0.124061 0.732212
0 0.406098 0.51204 0.108765 0.717607
0 0.642636 0.556499 0.131567 0.770665
0 0.175257 0.447178 0.110535 0.717844
0 0.756755 0.583696 0.121353 0.74981
0 0.88633 0.611839 0.127825 0.7693
0 0.967734 0.619562 0.0645313 0.738074
0 0.0540209 0.346975 0.0867379 0.626261
