0 0.202929 0.693506 0.121921 0.480108
0 0.857014 0.688827 0.107241 0.595405
0 0.760886 0.682925 0.105092 0.585961
0 0.660561 0.605086 0.121108 0.720834
0 0.547902 0.601872 0.119948 0.689823
0 0.435771 0.60284 0.119527 0.673166
0 0.0882824 0.681164 0.118371 0.488961
0 0.547925 0.605725 0.121621 0.698751
0 0.322988 0.591875 0.123548 0.690027
0 0.202929 0.693506 0.121921 0.480108
0 0.857014 0.688827 0.107241 0.595405
0 0.760886 0.682925 0.105092 0.585961
0 0.660561 0.605086 0.121108 0.720834
0 0.547902 0.601872 0.119948 0.689823
0 0.435771 0.60284 0.119527 0.673166
0 0.0882824 0.681164 0.118371 0.488961
0 0.547925 0.605725 0.121621 0.698751
0 0.322988 0.591875 0.123548 0.690027
0 0.202929 0.693506 0.121921 0.480108
0 0.857014 0.688827 0.107241 0.595405
0 0.760886 0.682925 0.105092 0.585961
0 0.660561 0.605086 0.121108 0.720834
0 0.547902 0.601872 0.119948 0.689823
0 0.435771 0.60284 0.119527 0.673166
0 0.0882824 0.681164 0.118371 0.488961
0 0.547925 0.605725 0.121621 0.698751
0 0.322988 0.591875 0.123548 0.690027
0 0.858292 0.69191 0.0989788 0.582023
0 0.760496 0.686937 0.101001 0.576823
0 0.0900727 0.685131 0.11709 0.474224
0 0.434756 0.60767 0.113821 0.659174
0 0.20361 0.702423 0.115691 0.454843
0 0.951975 0.696038 0.0960504 0.595199
0 0.323726 0.600076 0.113075 0.657649
0 0.659363 0.61211 0.112977 0.693048
0 0.550243 0.607818 0.115236 0.677736
0 0.548295 0.604313 0.111175 0.676561
0 0.858292 0.69191 0.0989788 0.582023
0 0.760496 0.686937 0.101001 0.576823
0 0.0900727 0.685131 0.11709 0.474224
0 0.434756 0.60767 0.113821 0.659174
0 0.20361 0.702423 0.115691 0.454843
0 0.951975 0.696038 0.0960504 0.595199
0 0.323726 0.600076 0.113075 0.657649
0 0.659363 0.61211 0.112977 0.693048
0 0.550243 0.607818 0.115236 0.677736
0 0.548295 0.604313 0.111175 0.676561
0 0.32476 0.599234 0.114926 0.668927
0 0.858292 0.69191 0.0989788 0.582023
0 0.760496 0.686937 0.101001 0.576823
0 0.0900727 0.685131 0.11709 0.474224
0 0.434756 0.60767 0.113821 0.659174
0 0.20361 0.702423 0.115691 0.454843
0 0.951975 0.696038 0.0960504 0.595199
0 0.323726 0.600076 0.113075 0.657649
0 0.659363 0.61211 0.112977 0.693048
0 0.550243 0.607818 0.115236 0.677736
0 0.548295 0.604313 0.111175 0.676561
