0 0.385135 0.668647 0.217212 0.628709
0 0.385135 0.668647 0.217212 0.628709
0 0.385135 0.668647 0.217212 0.628709
0 0.112915 0.722982 0.168821 0.552582
0 0.394371 0.659646 0.193926 0.631069
0 0.657203 0.463952 0.265558 0.58637
0 0.112915 0.722982 0.168821 0.552582
0 0.394371 0.659646 0.193926 0.631069
0 0.657203 0.463952 0.265558 0.58637
0 0.112915 0.722982 0.168821 0.552582
0 0.394371 0.659646 0.193926 0.631069
0 0.657203 0.463952 0.265558 0.58637
0 0.112915 0.722982 0.168821 0.552582
0 0.394371 0.659646 0.193926 0.631069
0 0.657203 0.463952 0.265558 0.58637
