0 0.865681 0.476197 0.229545 0.929114
0 0.376778 0.52253 0.222256 0.898231
0 0.165156 0.562757 0.232438 0.861283
0 0.643823 0.495106 0.223381 0.930553
0 0.865681 0.476197 0.229545 0.929114
0 0.376778 0.52253 0.222256 0.898231
0 0.165156 0.562757 0.232438 0.861283
0 0.643823 0.495106 0.223381 0.930553
0 0.865681 0.476197 0.229545 0.929114
0 0.376778 0.52253 0.222256 0.898231
0 0.165156 0.562757 0.232438 0.861283
0 0.643823 0.495106 0.223381 0.930553
0 0.37703 0.530658 0.214635 0.89354
0 0.166321 0.57108 0.22014 0.836117
0 0.862816 0.536574 0.202653 0.800579
0 0.647166 0.544672 0.205962 0.822215
0 0.37703 0.530658 0.214635 0.89354
0 0.166321 0.57108 0.22014 0.836117
0 0.862816 0.536574 0.202653 0.800579
0 0.647166 0.544672 0.205962 0.822215
0 0.37703 0.530658 0.214635 0.89354
0 0.166321 0.57108 0.22014 0.836117
0 0.862816 0.536574 0.202653 0.800579
0 0.647166 0.544672 0.205962 0.822215
