0 0.472927 0.719426 0.174399 0.477927
0 0.287301 0.724968 0.183585 0.503923
0 0.103633 0.733092 0.182136 0.533815
0 0.641931 0.739377 0.164089 0.486617
0 0.784342 0.748037 0.123456 0.47069
0 0.912416 0.739503 0.138784 0.494943
0 0.774787 0.263551 0.147416 0.486362
0 0.921343 0.258918 0.137238 0.451907
0 0.91901 0.499712 0.154807 0.94208
0 0.472927 0.719426 0.174399 0.477927
0 0.287301 0.724968 0.183585 0.503923
0 0.103633 0.733092 0.182136 0.533815
0 0.641931 0.739377 0.164089 0.486617
0 0.784342 0.748037 0.123456 0.47069
0 0.912416 0.739503 0.138784 0.494943
0 0.774787 0.263551 0.147416 0.486362
0 0.921343 0.258918 0.137238 0.451907
0 0.91901 0.499712 0.154807 0.94208
0 0.472927 0.719426 0.174399 0.477927
0 0.287301 0.724968 0.183585 0.503923
0 0.103633 0.733092 0.182136 0.533815
0 0.641931 0.739377 0.164089 0.486617
0 0.784342 0.748037 0.123456 0.47069
0 0.912416 0.739503 0.138784 0.494943
0 0.774787 0.263551 0.147416 0.486362
0 0.921343 0.258918 0.137238 0.451907
0 0.91901 0.499712 0.154807 0.94208
0 0.286855 0.728419 0.178809 0.484135
0 0.474196 0.730509 0.173425 0.470273
0 0.643966 0.742736 0.163577 0.481315
0 0.105373 0.738638 0.175855 0.519493
0 0.7857 0.748884 0.125904 0.470313
0 0.913433 0.743565 0.134972 0.478427
0 0.777724 0.267969 0.141846 0.428861
0 0.286855 0.728419 0.178809 0.484135
0 0.474196 0.730509 0.173425 0.470273
0 0.643966 0.742736 0.163577 0.481315
0 0.105373 0.738638 0.175855 0.519493
0 0.7857 0.748884 0.125904 0.470313
0 0.913433 0.743565 0.134972 0.478427
0 0.777724 0.267969 0.141846 0.428861
0 0.853241 0.753777 0.260519 0.492446
0 0.775982 0.509165 0.154713 0.944498
0 0.917503 0.505075 0.150588 0.906107
0 0.920586 0.270761 0.132231 0.416026
0 0.918686 0.482901 0.147089 0.858002
