0 0.818023 0.407554 0.283343 0.622838
0 0.545378 0.420882 0.304564 0.629838
0 0.256982 0.461347 0.316221 0.549974
0 0.258583 0.461142 0.315003 0.552395
0 0.818023 0.407554 0.283343 0.622838
0 0.545378 0.420882 0.304564 0.629838
0 0.256982 0.461347 0.316221 0.549974
0 0.258583 0.461142 0.315003 0.552395
0 0.818023 0.407554 0.283343 0.622838
0 0.545378 0.420882 0.304564 0.629838
0 0.256982 0.461347 0.316221 0.549974
0 0.258583 0.461142 0.315003 0.552395
0 0.822241 0.419222 0.261071 0.585761
0 0.546001 0.428827 0.28046 0.574092
0 0.0578147 0.526972 0.115479 0.417731
0 0.251512 0.483534 0.296612 0.531292
0 0.822241 0.419222 0.261071 0.585761
0 0.546001 0.428827 0.28046 0.574092
0 0.0578147 0.526972 0.115479 0.417731
0 0.251512 0.483534 0.296612 0.531292
0 0.822241 0.419222 0.261071 0.585761
0 0.546001 0.428827 0.28046 0.574092
0 0.0578147 0.526972 0.115479 0.417731
0 0.251512 0.483534 0.296612 0.531292
0 0.822241 0.419222 0.261071 0.585761
0 0.546001 0.428827 0.28046 0.574092
0 0.0578147 0.526972 0.115479 0.417731
0 0.251512 0.483534 0.296612 0.531292
