0 0.857867 0.600961 0.205459 0.460597
0 0.58844 0.639903 0.230623 0.473778
0 0.331524 0.673717 0.230196 0.485247
0 0.0883267 0.722225 0.175755 0.517453
0 0.857867 0.600961 0.205459 0.460597
0 0.58844 0.639903 0.230623 0.473778
0 0.331524 0.673717 0.230196 0.485247
0 0.0883267 0.722225 0.175755 0.517453
0 0.857867 0.600961 0.205459 0.460597
0 0.58844 0.639903 0.230623 0.473778
0 0.331524 0.673717 0.230196 0.485247
0 0.0883267 0.722225 0.175755 0.517453
0 0.334141 0.667186 0.223512 0.485129
0 0.584699 0.617724 0.2342 0.485693
0 0.0910614 0.716601 0.165973 0.509032
0 0.858757 0.591501 0.212684 0.473007
0 0.0164881 0.736288 0.0329763 0.519891
0 0.334141 0.667186 0.223512 0.485129
0 0.584699 0.617724 0.2342 0.485693
0 0.0910614 0.716601 0.165973 0.509032
0 0.858757 0.591501 0.212684 0.473007
0 0.0164881 0.736288 0.0329763 0.519891
0 0.904947 0.198841 0.140463 0.319143
0 0.334141 0.667186 0.223512 0.485129
0 0.584699 0.617724 0.2342 0.485693
0 0.0910614 0.716601 0.165973 0.509032
0 0.858757 0.591501 0.212684 0.473007
0 0.0164881 0.736288 0.0329763 0.519891
0 0.334141 0.667186 0.223512 0.485129
0 0.584699 0.617724 0.2342 0.485693
0 0.0910614 0.716601 0.165973 0.509032
0 0.858757 0.591501 0.212684 0.473007
0 0.0164881 0.736288 0.0329763 0.519891
