0 0.292921 0.674446 0.079587 0.538024
0 0.37589 0.663815 0.0859991 0.555548
0 0.825904 0.62885 0.0980602 0.558174
0 0.551454 0.648736 0.0924458 0.551249
0 0.120929 0.686814 0.0807884 0.53781
0 0.207772 0.683148 0.0873069 0.538124
0 0.73336 0.637614 0.0927764 0.563542
0 0.921451 0.616777 0.0977763 0.566022
0 0.462382 0.654266 0.0860402 0.567838
0 0.983959 0.628409 0.0320823 0.572539
0 0.0406924 0.686063 0.0805449 0.545614
0 0.039828 0.689032 0.0793388 0.546013
0 0.642845 0.64287 0.0904856 0.546188
0 0.292921 0.674446 0.079587 0.538024
0 0.37589 0.663815 0.0859991 0.555548
0 0.825904 0.62885 0.0980602 0.558174
0 0.551454 0.648736 0.0924458 0.551249
0 0.120929 0.686814 0.0807884 0.53781
0 0.207772 0.683148 0.0873069 0.538124
0 0.73336 0.637614 0.0927764 0.563542
0 0.921451 0.616777 0.0977763 0.566022
0 0.462382 0.654266 0.0860402 0.567838
0 0.983959 0.628409 0.0320823 0.572539
0 0.0406924 0.686063 0.0805449 0.545614
0 0.039828 0.689032 0.0793388 0.546013
0 0.642845 0.64287 0.0904856 0.546188
0 0.292921 0.674446 0.079587 0.538024
0 0.37589 0.663815 0.0859991 0.555548
0 0.825904 0.62885 0.0980602 0.558174
0 0.551454 0.648736 0.0924458 0.551249
0 0.120929 0.686814 0.0807884 0.53781
0 0.207772 0.683148 0.0873069 0.538124
0 0.73336 0.637614 0.0927764 0.563542
0 0.921451 0.616777 0.0977763 0.566022
0 0.462382 0.654266 0.0860402 0.567838
0 0.983959 0.628409 0.0320823 0.572539
0 0.0406924 0.686063 0.0805449 0.545614
0 0.039828 0.689032 0.0793388 0.546013
0 0.642845 0.64287 0.0904856 0.546188
0 0.64307 0.647533 0.0927383 0.553618
0 0.733686 0.643053 0.093606 0.560892
0 0.551769 0.656533 0.0928677 0.548208
0 0.825691 0.635664 0.0992716 0.561758
0 0.206386 0.682135 0.0852928 0.54065
0 0.462195 0.658823 0.0879896 0.559271
0 0.375812 0.671349 0.0873037 0.546497
0 0.0395829 0.698061 0.0791659 0.533581
0 0.120717 0.691706 0.0824483 0.533955
0 0.920665 0.62721 0.0983833 0.562456
0 0.292195 0.673042 0.0827163 0.549602
0 0.984313 0.631096 0.0313304 0.569243
0 0.64307 0.647533 0.0927383 0.553618
0 0.733686 0.643053 0.093606 0.560892
0 0.551769 0.656533 0.0928677 0.548208
0 0.825691 0.635664 0.0992716 0.561758
0 0.206386 0.682135 0.0852928 0.54065
0 0.462195 0.658823 0.0879896 0.559271
0 0.375812 0.671349 0.0873037 0.546497
0 0.0395829 0.698061 0.0791659 0.533581
0 0.120717 0.691706 0.0824483 0.533955
0 0.920665 0.62721 0.0983833 0.562456
0 0.292195 0.673042 0.0827163 0.549602
0 0.984313 0.631096 0.0313304 0.569243
0 0.64307 0.647533 0.0927383 0.553618
0 0.733686 0.643053 0.093606 0.560892
0 0.551769 0.656533 0.0928677 0.548208
0 0.825691 0.635664 0.0992716 0.561758
0 0.206386 0.682135 0.0852928 0.54065
0 0.462195 0.658823 0.0879896 0.559271
0 0.375812 0.671349 0.0873037 0.546497
0 0.0395829 0.698061 0.0791659 0.533581
0 0.120717 0.691706 0.0824483 0.533955
0 0.920665 0.62721 0.0983833 0.562456
0 0.292195 0.673042 0.0827163 0.549602
0 0.984313 0.631096 0.0313304 0.569243
0 0.64307 0.647533 0.0927383 0.553618
0 0.733686 0.643053 0.093606 0.560892
0 0.551769 0.656533 0.0928677 0.548208
0 0.825691 0.635664 0.0992716 0.561758
0 0.206386 0.682135 0.0852928 0.54065
0 0.462195 0.658823 0.0879896 0.559271
0 0.375812 0.671349 0.0873037 0.546497
0 0.0395829 0.698061 0.0791659 0.533581
0 0.120717 0.691706 0.0824483 0.533955
0 0.920665 0.62721 0.0983833 0.562456
0 0.292195 0.673042 0.0827163 0.549602
0 0.984313 0.631096 0.0313304 0.569243
