0 0.0928458 0.633185 0.0764041 0.599911
0 0.42963 0.660634 0.0696103 0.602595
0 0.157922 0.616904 0.0811917 0.626063
0 0.499485 0.658064 0.0672494 0.597087
0 0.629889 0.650743 0.0649499 0.626593
0 0.360362 0.632784 0.0738 0.630425
0 0.566599 0.613789 0.0611979 0.687678
0 0.223418 0.612158 0.0763872 0.627577
0 0.0314713 0.562844 0.0625639 0.733177
0 0.858827 0.21677 0.17567 0.260882
0 0.294612 0.635524 0.0690152 0.604097
0 0.0928458 0.633185 0.0764041 0.599911
0 0.42963 0.660634 0.0696103 0.602595
0 0.157922 0.616904 0.0811917 0.626063
0 0.499485 0.658064 0.0672494 0.597087
0 0.629889 0.650743 0.0649499 0.626593
0 0.360362 0.632784 0.0738 0.630425
0 0.566599 0.613789 0.0611979 0.687678
0 0.223418 0.612158 0.0763872 0.627577
0 0.0314713 0.562844 0.0625639 0.733177
0 0.858827 0.21677 0.17567 0.260882
0 0.294612 0.635524 0.0690152 0.604097
0 0.0928458 0.633185 0.0764041 0.599911
0 0.42963 0.660634 0.0696103 0.602595
0 0.157922 0.616904 0.0811917 0.626063
0 0.499485 0.658064 0.0672494 0.597087
0 0.629889 0.650743 0.0649499 0.626593
0 0.360362 0.632784 0.0738 0.630425
0 0.566599 0.613789 0.0611979 0.687678
0 0.223418 0.612158 0.0763872 0.627577
0 0.0314713 0.562844 0.0625639 0.733177
0 0.858827 0.21677 0.17567 0.260882
0 0.294612 0.635524 0.0690152 0.604097
0 0.426829 0.671206 0.0681354 0.600997
0 0.358073 0.672376 0.0649888 0.650921
0 0.498543 0.662355 0.0642508 0.599514
0 0.630099 0.692217 0.06022 0.539967
0 0.0320778 0.54394 0.0625744 0.741189
0 0.227598 0.672609 0.0694668 0.654782
0 0.297078 0.676142 0.0658546 0.647715
0 0.160171 0.578002 0.0692707 0.736262
0 0.568293 0.628552 0.0645035 0.662853
0 0.0967318 0.532465 0.0756466 0.790805
0 0.22687 0.675529 0.0673515 0.647735
0 0.426829 0.671206 0.0681354 0.600997
0 0.358073 0.672376 0.0649888 0.650921
0 0.498543 0.662355 0.0642508 0.599514
0 0.630099 0.692217 0.06022 0.539967
0 0.0320778 0.54394 0.0625744 0.741189
0 0.227598 0.672609 0.0694668 0.654782
0 0.297078 0.676142 0.0658546 0.647715
0 0.160171 0.578002 0.0692707 0.736262
0 0.568293 0.628552 0.0645035 0.662853
0 0.0967318 0.532465 0.0756466 0.790805
0 0.22687 0.675529 0.0673515 0.647735
0 0.861934 0.225974 0.176342 0.271855
0 0.8917 0.876422 0.174355 0.226448
0 0.862894 0.229359 0.174548 0.265772
0 0.906974 0.598409 0.180098 0.246796
0 0.742859 0.633555 0.164936 0.670956
0 0.906378 0.601647 0.181729 0.235351
0 0.426829 0.671206 0.0681354 0.600997
0 0.358073 0.672376 0.0649888 0.650921
0 0.498543 0.662355 0.0642508 0.599514
0 0.630099 0.692217 0.06022 0.539967
0 0.0320778 0.54394 0.0625744 0.741189
0 0.227598 0.672609 0.0694668 0.654782
0 0.297078 0.676142 0.0658546 0.647715
0 0.160171 0.578002 0.0692707 0.736262
0 0.568293 0.628552 0.0645035 0.662853
0 0.0967318 0.532465 0.0756466 0.790805
0 0.22687 0.675529 0.0673515 0.647735
0 0.426829 0.671206 0.0681354 0.600997
0 0.358073 0.672376 0.0649888 0.650921
0 0.498543 0.662355 0.0642508 0.599514
0 0.630099 0.692217 0.06022 0.539967
0 0.0320778 0.54394 0.0625744 0.741189
0 0.227598 0.672609 0.0694668 0.654782
0 0.297078 0.676142 0.0658546 0.647715
0 0.160171 0.578002 0.0692707 0.736262
0 0.568293 0.628552 0.0645035 0.662853
0 0.0967318 0.532465 0.0756466 0.790805
0 0.22687 0.675529 0.0673515 0.647735
