0 0.649543 0.586575 0.185463 0.76999
0 0.825656 0.574332 0.188976 0.764109
0 0.473882 0.596533 0.191147 0.772668
0 0.113496 0.610754 0.194745 0.778492
0 0.953768 0.56988 0.0924646 0.766045
0 0.292109 0.605923 0.191756 0.77714
0 0.292566 0.609651 0.190085 0.768937
0 0.649543 0.586575 0.185463 0.76999
0 0.825656 0.574332 0.188976 0.764109
0 0.473882 0.596533 0.191147 0.772668
0 0.113496 0.610754 0.194745 0.778492
0 0.953768 0.56988 0.0924646 0.766045
0 0.292109 0.605923 0.191756 0.77714
0 0.292566 0.609651 0.190085 0.768937
0 0.649543 0.586575 0.185463 0.76999
0 0.825656 0.574332 0.188976 0.764109
0 0.473882 0.596533 0.191147 0.772668
0 0.113496 0.610754 0.194745 0.778492
0 0.953768 0.56988 0.0924646 0.766045
0 0.292109 0.605923 0.191756 0.77714
0 0.292566 0.609651 0.190085 0.768937
0 0.650066 0.594671 0.193018 0.766588
0 0.472605 0.600763 0.204959 0.772652
0 0.827185 0.586019 0.191454 0.751874
0 0.110005 0.611633 0.21073 0.776734
0 0.294563 0.605704 0.196823 0.779415
0 0.953843 0.570224 0.0923147 0.749021
0 0.650066 0.594671 0.193018 0.766588
0 0.472605 0.600763 0.204959 0.772652
0 0.827185 0.586019 0.191454 0.751874
0 0.110005 0.611633 0.21073 0.776734
0 0.294563 0.605704 0.196823 0.779415
0 0.953843 0.570224 0.0923147 0.749021
0 0.944927 0.57664 0.110147 0.76716
0 0.953321 0.634849 0.092284 0.61238
0 0.650066 0.594671 0.193018 0.766588
0 0.472605 0.600763 0.204959 0.772652
0 0.827185 0.586019 0.191454 0.751874
0 0.110005 0.611633 0.21073 0.776734
0 0.294563 0.605704 0.196823 0.779415
0 0.953843 0.570224 0.0923147 0.749021
0 0.650066 0.594671 0.193018 0.766588
0 0.472605 0.600763 0.204959 0.772652
0 0.827185 0.586019 0.191454 0.751874
0 0.110005 0.611633 0.21073 0.776734
0 0.294563 0.605704 0.196823 0.779415
0 0.953843 0.570224 0.0923147 0.749021
