0 0.795982 0.715347 0.126839 0.461591
0 0.551499 0.786721 0.0955995 0.352507
0 0.664882 0.744377 0.12785 0.420281
0 0.355401 0.794033 0.101299 0.366138
0 0.454577 0.794655 0.096607 0.362662
0 0.925695 0.71645 0.12888 0.44449
0 0.15788 0.812734 0.0926643 0.330163
0 0.795982 0.715347 0.126839 0.461591
0 0.551499 0.786721 0.0955995 0.352507
0 0.664882 0.744377 0.12785 0.420281
0 0.355401 0.794033 0.101299 0.366138
0 0.454577 0.794655 0.096607 0.362662
0 0.925695 0.71645 0.12888 0.44449
0 0.15788 0.812734 0.0926643 0.330163
0 0.795982 0.715347 0.126839 0.461591
0 0.551499 0.786721 0.0955995 0.352507
0 0.664882 0.744377 0.12785 0.420281
0 0.355401 0.794033 0.101299 0.366138
0 0.454577 0.794655 0.096607 0.362662
0 0.925695 0.71645 0.12888 0.44449
0 0.15788 0.812734 0.0926643 0.330163
0 0.924328 0.754349 0.127211 0.348177
0 0.455681 0.796718 0.0959001 0.342674
0 0.551318 0.794698 0.0957032 0.342
0 0.664301 0.7565 0.127792 0.395549
0 0.355739 0.798203 0.101425 0.344074
0 0.794947 0.756362 0.125057 0.370018
0 0.157205 0.820457 0.0926948 0.319935
0 0.0600799 0.825552 0.0992651 0.335734
0 0.250093 0.819123 0.0941284 0.311991
0 0.924328 0.754349 0.127211 0.348177
0 0.455681 0.796718 0.0959001 0.342674
0 0.551318 0.794698 0.0957032 0.342
0 0.664301 0.7565 0.127792 0.395549
0 0.355739 0.798203 0.101425 0.344074
0 0.794947 0.756362 0.125057 0.370018
0 0.157205 0.820457 0.0926948 0.319935
0 0.0600799 0.825552 0.0992651 0.335734
0 0.250093 0.819123 0.0941284 0.311991
0 0.924328 0.754349 0.127211 0.348177
0 0.455681 0.796718 0.0959001 0.342674
0 0.551318 0.794698 0.0957032 0.342
0 0.664301 0.7565 0.127792 0.395549
0 0.355739 0.798203 0.101425 0.344074
0 0.794947 0.756362 0.125057 0.370018
0 0.157205 0.820457 0.0926948 0.319935
0 0.0600799 0.825552 0.0992651 0.335734
0 0.250093 0.819123 0.0941284 0.311991
