0 0.495927 0.501212 0.12104 0.494068
0 0.609619 0.488521 0.11958 0.488594
0 0.896693 0.490365 0.13536 0.659637
0 0.373054 0.51749 0.125013 0.498145
0 0.752492 0.523049 0.178184 0.647726
0 0.247919 0.542482 0.126509 0.527882
0 0.10195 0.625096 0.144194 0.689045
0 0.247355 0.603208 0.127907 0.643286
0 0.101804 0.628427 0.144238 0.700901
0 0.495927 0.501212 0.12104 0.494068
0 0.609619 0.488521 0.11958 0.488594
0 0.896693 0.490365 0.13536 0.659637
0 0.373054 0.51749 0.125013 0.498145
0 0.752492 0.523049 0.178184 0.647726
0 0.247919 0.542482 0.126509 0.527882
0 0.10195 0.625096 0.144194 0.689045
0 0.247355 0.603208 0.127907 0.643286
0 0.101804 0.628427 0.144238 0.700901
0 0.495927 0.501212 0.12104 0.494068
0 0.609619 0.488521 0.11958 0.488594
0 0.896693 0.490365 0.13536 0.659637
0 0.373054 0.51749 0.125013 0.498145
0 0.752492 0.523049 0.178184 0.647726
0 0.247919 0.542482 0.126509 0.527882
0 0.10195 0.625096 0.144194 0.689045
0 0.247355 0.603208 0.127907 0.643286
0 0.101804 0.628427 0.144238 0.700901
0 0.609643 0.491343 0.122673 0.475408
0 0.247414 0.6266 0.135751 0.638695
0 0.494578 0.508915 0.125658 0.481626
0 0.103321 0.648313 0.145307 0.677322
0 0.372626 0.609232 0.13465 0.642484
0 0.902785 0.489896 0.140307 0.636883
0 0.753358 0.532172 0.177738 0.631638
0 0.902421 0.487798 0.1385 0.639927
0 0.372838 0.521145 0.129554 0.474953
0 0.750279 0.53399 0.177272 0.612681
0 0.609643 0.491343 0.122673 0.475408
0 0.247414 0.6266 0.135751 0.638695
0 0.494578 0.508915 0.125658 0.481626
0 0.103321 0.648313 0.145307 0.677322
0 0.372626 0.609232 0.13465 0.642484
0 0.902785 0.489896 0.140307 0.636883
0 0.753358 0.532172 0.177738 0.631638
0 0.902421 0.487798 0.1385 0.639927
0 0.372838 0.521145 0.129554 0.474953
0 0.750279 0.53399 0.177272 0.612681
0 0.372033 0.530301 0.129259 0.476985
0 0.609643 0.491343 0.122673 0.475408
0 0.247414 0.6266 0.135751 0.638695
0 0.494578 0.508915 0.125658 0.481626
0 0.103321 0.648313 0.145307 0.677322
0 0.372626 0.609232 0.13465 0.642484
0 0.902785 0.489896 0.140307 0.636883
0 0.753358 0.532172 0.177738 0.631638
0 0.902421 0.487798 0.1385 0.639927
0 0.372838 0.521145 0.129554 0.474953
0 0.750279 0.53399 0.177272 0.612681
0 0.609643 0.491343 0.122673 0.475408
0 0.247414 0.6266 0.135751 0.638695
0 0.494578 0.508915 0.125658 0.481626
0 0.103321 0.648313 0.145307 0.677322
0 0.372626 0.609232 0.13465 0.642484
0 0.902785 0.489896 0.140307 0.636883
0 0.753358 0.532172 0.177738 0.631638
0 0.902421 0.487798 0.1385 0.639927
0 0.372838 0.521145 0.129554 0.474953
0 0.750279 0.53399 0.177272 0.612681
