0 0.368123 0.554817 0.22825 0.793242
0 0.157855 0.59261 0.236057 0.766389
0 0.604177 0.378728 0.235979 0.400645
0 0.827349 0.284135 0.240813 0.474663
0 0.368123 0.554817 0.22825 0.793242
0 0.157855 0.59261 0.236057 0.766389
0 0.604177 0.378728 0.235979 0.400645
0 0.827349 0.284135 0.240813 0.474663
0 0.368123 0.554817 0.22825 0.793242
0 0.157855 0.59261 0.236057 0.766389
0 0.604177 0.378728 0.235979 0.400645
0 0.827349 0.284135 0.240813 0.474663
0 0.157334 0.584272 0.216243 0.792376
0 0.367597 0.552589 0.213036 0.791267
0 0.824896 0.29287 0.214672 0.426249
0 0.601071 0.505872 0.230983 0.657778
0 0.157334 0.584272 0.216243 0.792376
0 0.367597 0.552589 0.213036 0.791267
0 0.824896 0.29287 0.214672 0.426249
0 0.601071 0.505872 0.230983 0.657778
0 0.727761 0.893626 0.170872 0.212748
0 0.157334 0.584272 0.216243 0.792376
0 0.367597 0.552589 0.213036 0.791267
0 0.824896 0.29287 0.214672 0.426249
0 0.601071 0.505872 0.230983 0.657778
0 0.157334 0.584272 0.216243 0.792376
0 0.367597 0.552589 0.213036 0.791267
0 0.824896 0.29287 0.214672 0.426249
0 0.601071 0.505872 0.230983 0.657778
