0 0.389327 0.522268 0.0916671 0.518622
0 0.690429 0.524923 0.0944837 0.515611
0 0.792118 0.532469 0.0957528 0.517832
0 0.592803 0.516138 0.0925047 0.501382
0 0.494795 0.522799 0.093321 0.52721
0 0.264833 0.602042 0.0962716 0.729298
0 0.915714 0.549636 0.0966012 0.533221
0 0.792361 0.532671 0.0959467 0.51118
0 0.264555 0.587139 0.0946674 0.689109
0 0.0705917 0.508508 0.0971025 0.518694
0 0.49517 0.525769 0.094844 0.518604
0 0.389327 0.522268 0.0916671 0.518622
0 0.690429 0.524923 0.0944837 0.515611
0 0.792118 0.532469 0.0957528 0.517832
0 0.592803 0.516138 0.0925047 0.501382
0 0.494795 0.522799 0.093321 0.52721
0 0.264833 0.602042 0.0962716 0.729298
0 0.915714 0.549636 0.0966012 0.533221
0 0.792361 0.532671 0.0959467 0.51118
0 0.264555 0.587139 0.0946674 0.689109
0 0.0705917 0.508508 0.0971025 0.518694
0 0.49517 0.525769 0.094844 0.518604
0 0.389327 0.522268 0.0916671 0.518622
0 0.690429 0.524923 0.0944837 0.515611
0 0.792118 0.532469 0.0957528 0.517832
0 0.592803 0.516138 0.0925047 0.501382
0 0.494795 0.522799 0.093321 0.52721
0 0.264833 0.602042 0.0962716 0.729298
0 0.915714 0.549636 0.0966012 0.533221
0 0.792361 0.532671 0.0959467 0.51118
0 0.264555 0.587139 0.0946674 0.689109
0 0.0705917 0.508508 0.0971025 0.518694
0 0.49517 0.525769 0.094844 0.518604
0 0.689543 0.536574 0.0916664 0.489897
0 0.388515 0.519399 0.088831 0.497167
0 0.494789 0.530785 0.0913096 0.502523
0 0.591776 0.534744 0.0883455 0.488006
0 0.791303 0.540513 0.0935158 0.48984
0 0.263531 0.5025 0.0905356 0.483787
0 0.166118 0.500152 0.0895946 0.477912
0 0.914472 0.556534 0.0948334 0.528996
0 0.0691384 0.507771 0.0960157 0.49969
0 0.689543 0.536574 0.0916664 0.489897
0 0.388515 0.519399 0.088831 0.497167
0 0.494789 0.530785 0.0913096 0.502523
0 0.591776 0.534744 0.0883455 0.488006
0 0.791303 0.540513 0.0935158 0.48984
0 0.263531 0.5025 0.0905356 0.483787
0 0.166118 0.500152 0.0895946 0.477912
0 0.914472 0.556534 0.0948334 0.528996
0 0.0691384 0.507771 0.0960157 0.49969
0 0.0125953 0.621545 0.0248019 0.747532
0 0.989312 0.522167 0.0212412 0.913
0 0.517483 0.899772 0.153763 0.200455
0 0.118104 0.626501 0.186303 0.746998
0 0.689543 0.536574 0.0916664 0.489897
0 0.388515 0.519399 0.088831 0.497167
0 0.494789 0.530785 0.0913096 0.502523
0 0.591776 0.534744 0.0883455 0.488006
0 0.791303 0.540513 0.0935158 0.48984
0 0.263531 0.5025 0.0905356 0.483787
0 0.166118 0.500152 0.0895946 0.477912
0 0.914472 0.556534 0.0948334 0.528996
0 0.0691384 0.507771 0.0960157 0.49969
