0 0.215851 0.373302 0.287756 0.702276
0 0.525186 0.511628 0.316031 0.727124
0 0.0255188 0.401694 0.0505671 0.528574
0 0.215851 0.373302 0.287756 0.702276
0 0.525186 0.511628 0.316031 0.727124
0 0.0255188 0.401694 0.0505671 0.528574
0 0.215851 0.373302 0.287756 0.702276
0 0.525186 0.511628 0.316031 0.727124
0 0.0255188 0.401694 0.0505671 0.528574
0 0.213904 0.452799 0.277457 0.522492
0 0.521593 0.607841 0.277217 0.526082
0 0.823215 0.656211 0.295798 0.597464
0 0.0192445 0.401687 0.038489 0.530803
0 0.213904 0.452799 0.277457 0.522492
0 0.521593 0.607841 0.277217 0.526082
0 0.823215 0.656211 0.295798 0.597464
0 0.0192445 0.401687 0.038489 0.530803
0 0.213904 0.452799 0.277457 0.522492
0 0.521593 0.607841 0.277217 0.526082
0 0.823215 0.656211 0.295798 0.597464
0 0.0192445 0.401687 0.038489 0.530803
0 0.213904 0.452799 0.277457 0.522492
0 0.521593 0.607841 0.277217 0.526082
0 0.823215 0.656211 0.295798 0.597464
0 0.0192445 0.401687 0.038489 0.530803
