0 0.761932 0.486063 0.103473 0.722335
0 0.859567 0.509047 0.104177 0.756551
0 0.192099 0.342214 0.0766407 0.568203
0 0.581649 0.443586 0.0886257 0.687885
0 0.952308 0.535615 0.09403 0.778155
0 0.418439 0.406028 0.0812925 0.657369
0 0.497632 0.424721 0.0881112 0.670412
0 0.341912 0.378785 0.0807641 0.637369
0 0.122497 0.323745 0.0707587 0.544008
0 0.266439 0.354517 0.0808621 0.60737
0 0.0566009 0.297406 0.070143 0.519409
0 0.0541187 0.299388 0.0736441 0.52889
0 0.0131879 0.20041 0.0254447 0.351797
0 0.0567235 0.300921 0.0675742 0.518863
0 0.667648 0.465435 0.0972316 0.711998
0 0.761932 0.486063 0.103473 0.722335
0 0.859567 0.509047 0.104177 0.756551
0 0.192099 0.342214 0.0766407 0.568203
0 0.581649 0.443586 0.0886257 0.687885
0 0.952308 0.535615 0.09403 0.778155
0 0.418439 0.406028 0.0812925 0.657369
0 0.497632 0.424721 0.0881112 0.670412
0 0.341912 0.378785 0.0807641 0.637369
0 0.122497 0.323745 0.0707587 0.544008
0 0.266439 0.354517 0.0808621 0.60737
0 0.0566009 0.297406 0.070143 0.519409
0 0.0541187 0.299388 0.0736441 0.52889
0 0.0131879 0.20041 0.0254447 0.351797
0 0.0567235 0.300921 0.0675742 0.518863
0 0.667648 0.465435 0.0972316 0.711998
0 0.761932 0.486063 0.103473 0.722335
0 0.859567 0.509047 0.104177 0.756551
0 0.192099 0.342214 0.0766407 0.568203
0 0.581649 0.443586 0.0886257 0.687885
0 0.952308 0.535615 0.09403 0.778155
0 0.418439 0.406028 0.0812925 0.657369
0 0.497632 0.424721 0.0881112 0.670412
0 0.341912 0.378785 0.0807641 0.637369
0 0.122497 0.323745 0.0707587 0.544008
0 0.266439 0.354517 0.0808621 0.60737
0 0.0566009 0.297406 0.070143 0.519409
0 0.0541187 0.299388 0.0736441 0.52889
0 0.0131879 0.20041 0.0254447 0.351797
0 0.0567235 0.300921 0.0675742 0.518863
0 0.667648 0.465435 0.0972316 0.711998
0 0.952939 0.542532 0.0941221 0.766799
0 0.191833 0.346362 0.0774419 0.572229
0 0.859655 0.514094 0.103643 0.744214
0 0.266453 0.358096 0.0803012 0.608222
0 0.580563 0.439588 0.0869158 0.680341
0 0.122682 0.321388 0.0693847 0.540676
0 0.420011 0.399998 0.0791953 0.644738
0 0.342788 0.375415 0.0821262 0.636238
0 0.666902 0.463265 0.0958569 0.6967
0 0.497132 0.419637 0.0877324 0.658899
0 0.0562169 0.299412 0.071193 0.522653
0 0.761658 0.486066 0.102248 0.711148
0 0.013404 0.29346 0.026808 0.515306
0 0.952939 0.542532 0.0941221 0.766799
0 0.191833 0.346362 0.0774419 0.572229
0 0.859655 0.514094 0.103643 0.744214
0 0.266453 0.358096 0.0803012 0.608222
0 0.580563 0.439588 0.0869158 0.680341
0 0.122682 0.321388 0.0693847 0.540676
0 0.420011 0.399998 0.0791953 0.644738
0 0.342788 0.375415 0.0821262 0.636238
0 0.666902 0.463265 0.0958569 0.6967
0 0.497132 0.419637 0.0877324 0.658899
0 0.0562169 0.299412 0.071193 0.522653
0 0.761658 0.486066 0.102248 0.711148
0 0.013404 0.29346 0.026808 0.515306
0 0.952939 0.542532 0.0941221 0.766799
0 0.191833 0.346362 0.0774419 0.572229
0 0.859655 0.514094 0.103643 0.744214
0 0.266453 0.358096 0.0803012 0.608222
0 0.580563 0.439588 0.0869158 0.680341
0 0.122682 0.321388 0.0693847 0.540676
0 0.420011 0.399998 0.0791953 0.644738
0 0.342788 0.375415 0.0821262 0.636238
0 0.666902 0.463265 0.0958569 0.6967
0 0.497132 0.419637 0.0877324 0.658899
0 0.0562169 0.299412 0.071193 0.522653
0 0.761658 0.486066 0.102248 0.711148
0 0.013404 0.29346 0.026808 0.515306
0 0.952939 0.542532 0.0941221 0.766799
0 0.191833 0.346362 0.0774419 0.572229
0 0.859655 0.514094 0.103643 0.744214
0 0.266453 0.358096 0.0803012 0.608222
0 0.580563 0.439588 0.0869158 0.680341
0 0.122682 0.321388 0.0693847 0.540676
0 0.420011 0.399998 0.0791953 0.644738
0 0.342788 0.375415 0.0821262 0.636238
0 0.666902 0.463265 0.0958569 0.6967
0 0.497132 0.419637 0.0877324 0.658899
0 0.0562169 0.299412 0.071193 0.522653
0 0.761658 0.486066 0.102248 0.711148
0 0.013404 0.29346 0.026808 0.515306
