0 0.699886 0.886564 0.154597 0.215034
0 0.703444 0.666638 0.15255 0.214926
0 0.707261 0.44402 0.154679 0.220264
0 0.865163 0.443512 0.149453 0.224545
0 0.298835 0.757753 0.205286 0.446741
0 0.102592 0.749113 0.205184 0.439763
0 0.699886 0.886564 0.154597 0.215034
0 0.703444 0.666638 0.15255 0.214926
0 0.707261 0.44402 0.154679 0.220264
0 0.865163 0.443512 0.149453 0.224545
0 0.298835 0.757753 0.205286 0.446741
0 0.102592 0.749113 0.205184 0.439763
0 0.699886 0.886564 0.154597 0.215034
0 0.703444 0.666638 0.15255 0.214926
0 0.707261 0.44402 0.154679 0.220264
0 0.865163 0.443512 0.149453 0.224545
0 0.298835 0.757753 0.205286 0.446741
0 0.102592 0.749113 0.205184 0.439763
0 0.300251 0.762391 0.20785 0.465514
0 0.502654 0.761131 0.212629 0.463586
0 0.105854 0.750306 0.199624 0.460609
0 0.702046 0.886567 0.15769 0.220448
0 0.867657 0.448311 0.151362 0.223678
0 0.704317 0.560059 0.165525 0.456696
0 0.708039 0.448155 0.150345 0.223345
0 0.873185 0.768541 0.176233 0.443171
0 0.702705 0.661279 0.174351 0.676261
0 0.300251 0.762391 0.20785 0.465514
0 0.502654 0.761131 0.212629 0.463586
0 0.105854 0.750306 0.199624 0.460609
0 0.702046 0.886567 0.15769 0.220448
0 0.867657 0.448311 0.151362 0.223678
0 0.704317 0.560059 0.165525 0.456696
0 0.708039 0.448155 0.150345 0.223345
0 0.873185 0.768541 0.176233 0.443171
0 0.702705 0.661279 0.174351 0.676261
0 0.872542 0.660972 0.177085 0.660531
0 0.300251 0.762391 0.20785 0.465514
0 0.502654 0.761131 0.212629 0.463586
0 0.105854 0.750306 0.199624 0.460609
0 0.702046 0.886567 0.15769 0.220448
0 0.867657 0.448311 0.151362 0.223678
0 0.704317 0.560059 0.165525 0.456696
0 0.708039 0.448155 0.150345 0.223345
0 0.873185 0.768541 0.176233 0.443171
0 0.702705 0.661279 0.174351 0.676261
0 0.300251 0.762391 0.20785 0.465514
0 0.502654 0.761131 0.212629 0.463586
0 0.105854 0.750306 0.199624 0.460609
0 0.702046 0.886567 0.15769 0.220448
0 0.867657 0.448311 0.151362 0.223678
0 0.704317 0.560059 0.165525 0.456696
0 0.708039 0.448155 0.150345 0.223345
0 0.873185 0.768541 0.176233 0.443171
0 0.702705 0.661279 0.174351 0.676261
