0 0.847826 0.818053 0.240947 0.323025
0 0.386672 0.78596 0.242719 0.311941
0 0.61701 0.800465 0.241192 0.313238
0 0.14661 0.775585 0.272746 0.350104
0 0.976152 0.830229 0.0476951 0.311671
0 0.976966 0.829976 0.0460676 0.315843
0 0.847826 0.818053 0.240947 0.323025
0 0.386672 0.78596 0.242719 0.311941
0 0.61701 0.800465 0.241192 0.313238
0 0.14661 0.775585 0.272746 0.350104
0 0.976152 0.830229 0.0476951 0.311671
0 0.976966 0.829976 0.0460676 0.315843
0 0.847826 0.818053 0.240947 0.323025
0 0.386672 0.78596 0.242719 0.311941
0 0.61701 0.800465 0.241192 0.313238
0 0.14661 0.775585 0.272746 0.350104
0 0.976152 0.830229 0.0476951 0.311671
0 0.976966 0.829976 0.0460676 0.315843
0 0.844478 0.823994 0.225215 0.300452
0 0.384999 0.796141 0.231834 0.303737
0 0.615186 0.819003 0.229313 0.306564
0 0.977742 0.837678 0.0445157 0.286699
0 0.775266 0.374762 0.109692 0.121971
0 0.137716 0.808873 0.265545 0.359048
0 0.844478 0.823994 0.225215 0.300452
0 0.384999 0.796141 0.231834 0.303737
0 0.615186 0.819003 0.229313 0.306564
0 0.977742 0.837678 0.0445157 0.286699
0 0.775266 0.374762 0.109692 0.121971
0 0.137716 0.808873 0.265545 0.359048
0 0.907327 0.592821 0.1794 0.160318
0 0.768245 0.544406 0.114849 0.232129
0 0.611717 0.57466 0.204373 0.148089
0 0.314202 0.565215 0.123675 0.143202
0 0.617218 0.532805 0.190121 0.244257
0 0.908305 0.591081 0.180023 0.165176
0 0.844478 0.823994 0.225215 0.300452
0 0.384999 0.796141 0.231834 0.303737
0 0.615186 0.819003 0.229313 0.306564
0 0.977742 0.837678 0.0445157 0.286699
0 0.775266 0.374762 0.109692 0.121971
0 0.137716 0.808873 0.265545 0.359048
