0 0.183037 0.5062 0.106809 0.824107
0 0.857724 0.577832 0.113283 0.822279
0 0.0642433 0.493313 0.110008 0.859081
0 0.298908 0.522546 0.10826 0.825964
0 0.410844 0.540064 0.10684 0.809832
0 0.956303 0.593563 0.0846737 0.812875
0 0.74282 0.573524 0.110108 0.824628
0 0.519557 0.55158 0.105186 0.815018
0 0.62941 0.558068 0.108695 0.812488
0 0.183037 0.5062 0.106809 0.824107
0 0.857724 0.577832 0.113283 0.822279
0 0.0642433 0.493313 0.110008 0.859081
0 0.298908 0.522546 0.10826 0.825964
0 0.410844 0.540064 0.10684 0.809832
0 0.956303 0.593563 0.0846737 0.812875
0 0.74282 0.573524 0.110108 0.824628
0 0.519557 0.55158 0.105186 0.815018
0 0.62941 0.558068 0.108695 0.812488
0 0.183037 0.5062 0.106809 0.824107
0 0.857724 0.577832 0.113283 0.822279
0 0.0642433 0.493313 0.110008 0.859081
0 0.298908 0.522546 0.10826 0.825964
0 0.410844 0.540064 0.10684 0.809832
0 0.956303 0.593563 0.0846737 0.812875
0 0.74282 0.573524 0.110108 0.824628
0 0.519557 0.55158 0.105186 0.815018
0 0.62941 0.558068 0.108695 0.812488
0 0.18357 0.502822 0.108276 0.825627
0 0.299082 0.513652 0.109512 0.828409
0 0.858582 0.580725 0.116779 0.796749
0 0.52081 0.546406 0.108472 0.814599
0 0.410381 0.534497 0.112112 0.809305
0 0.743698 0.575187 0.112984 0.809711
0 0.630703 0.560947 0.11045 0.805548
0 0.0637022 0.492141 0.111529 0.851358
0 0.957451 0.584267 0.0846625 0.804541
0 0.95716 0.59156 0.0851239 0.797218
0 0.18357 0.502822 0.108276 0.825627
0 0.299082 0.513652 0.109512 0.828409
0 0.858582 0.580725 0.116779 0.796749
0 0.52081 0.546406 0.108472 0.814599
0 0.410381 0.534497 0.112112 0.809305
0 0.743698 0.575187 0.112984 0.809711
0 0.630703 0.560947 0.11045 0.805548
0 0.0637022 0.492141 0.111529 0.851358
0 0.957451 0.584267 0.0846625 0.804541
0 0.95716 0.59156 0.0851239 0.797218
0 0.18357 0.502822 0.108276 0.825627
0 0.299082 0.513652 0.109512 0.828409
0 0.858582 0.580725 0.116779 0.796749
0 0.52081 0.546406 0.108472 0.814599
0 0.410381 0.534497 0.112112 0.809305
0 0.743698 0.575187 0.112984 0.809711
0 0.630703 0.560947 0.11045 0.805548
0 0.0637022 0.492141 0.111529 0.851358
0 0.957451 0.584267 0.0846625 0.804541
0 0.95716 0.59156 0.0851239 0.797218
0 0.18357 0.502822 0.108276 0.825627
0 0.299082 0.513652 0.109512 0.828409
0 0.858582 0.580725 0.116779 0.796749
0 0.52081 0.546406 0.108472 0.814599
0 0.410381 0.534497 0.112112 0.809305
0 0.743698 0.575187 0.112984 0.809711
0 0.630703 0.560947 0.11045 0.805548
0 0.0637022 0.492141 0.111529 0.851358
0 0.957451 0.584267 0.0846625 0.804541
0 0.95716 0.59156 0.0851239 0.797218
