0 0.525053 0.471687 0.327061 0.770531
0 0.227711 0.560966 0.364823 0.841305
0 0.82532 0.488504 0.345418 0.763917
0 0.056307 0.625795 0.112614 0.748411
0 0.525053 0.471687 0.327061 0.770531
0 0.227711 0.560966 0.364823 0.841305
0 0.82532 0.488504 0.345418 0.763917
0 0.056307 0.625795 0.112614 0.748411
0 0.525053 0.471687 0.327061 0.770531
0 0.227711 0.560966 0.364823 0.841305
0 0.82532 0.488504 0.345418 0.763917
0 0.056307 0.625795 0.112614 0.748411
0 0.825582 0.472123 0.348835 0.762447
0 0.234192 0.552269 0.365036 0.844952
0 0.526947 0.464577 0.317767 0.755016
0 0.0537382 0.593947 0.107098 0.812105
0 0.0534284 0.605748 0.106619 0.788505
0 0.825582 0.472123 0.348835 0.762447
0 0.234192 0.552269 0.365036 0.844952
0 0.526947 0.464577 0.317767 0.755016
0 0.0537382 0.593947 0.107098 0.812105
0 0.0534284 0.605748 0.106619 0.788505
0 0.984309 0.4577 0.0313812 0.699472
0 0.825582 0.472123 0.348835 0.762447
0 0.234192 0.552269 0.365036 0.844952
0 0.526947 0.464577 0.317767 0.755016
0 0.0537382 0.593947 0.107098 0.812105
0 0.0534284 0.605748 0.106619 0.788505
0 0.825582 0.472123 0.348835 0.762447
0 0.234192 0.552269 0.365036 0.844952
0 0.526947 0.464577 0.317767 0.755016
0 0.0537382 0.593947 0.107098 0.812105
0 0.0534284 0.605748 0.106619 0.788505
