0 0.675492 0.755033 0.138763 0.428312
0 0.675492 0.755033 0.138763 0.428312
0 0.675492 0.755033 0.138763 0.428312
0 0.885779 0.706835 0.185645 0.41371
0 0.686118 0.748196 0.15889 0.470801
0 0.227767 0.7932 0.168189 0.382385
0 0.885779 0.706835 0.185645 0.41371
0 0.686118 0.748196 0.15889 0.470801
0 0.227767 0.7932 0.168189 0.382385
0 0.885779 0.706835 0.185645 0.41371
0 0.686118 0.748196 0.15889 0.470801
0 0.227767 0.7932 0.168189 0.382385
0 0.885779 0.706835 0.185645 0.41371
0 0.686118 0.748196 0.15889 0.470801
0 0.227767 0.7932 0.168189 0.382385
