0 0.199643 0.712984 0.242404 0.565656
0 0.433093 0.71334 0.232742 0.544882
0 0.659841 0.681223 0.220903 0.551111
0 0.875113 0.691584 0.221204 0.559082
0 0.199643 0.712984 0.242404 0.565656
0 0.433093 0.71334 0.232742 0.544882
0 0.659841 0.681223 0.220903 0.551111
0 0.875113 0.691584 0.221204 0.559082
0 0.199643 0.712984 0.242404 0.565656
0 0.433093 0.71334 0.232742 0.544882
0 0.659841 0.681223 0.220903 0.551111
0 0.875113 0.691584 0.221204 0.559082
0 0.875125 0.720855 0.210096 0.527195
0 0.200686 0.739173 0.238079 0.521654
0 0.434778 0.725716 0.228525 0.543075
0 0.662562 0.706088 0.226256 0.560283
0 0.875125 0.720855 0.210096 0.527195
0 0.200686 0.739173 0.238079 0.521654
0 0.434778 0.725716 0.228525 0.543075
0 0.662562 0.706088 0.226256 0.560283
0 0.434576 0.725527 0.227223 0.543189
0 0.989824 0.651904 0.020339 0.69115
0 0.875125 0.720855 0.210096 0.527195
0 0.200686 0.739173 0.238079 0.521654
0 0.434778 0.725716 0.228525 0.543075
0 0.662562 0.706088 0.226256 0.560283
