0 0.873517 0.60852 0.196048 0.754436
0 0.407439 0.526056 0.116175 0.920932
0 0.663917 0.587708 0.188195 0.791421
0 0.51278 0.525389 0.117077 0.926765
0 0.299267 0.504535 0.115639 0.902714
0 0.0734402 0.462147 0.132185 0.862947
0 0.192356 0.47598 0.114187 0.852758
0 0.187833 0.467878 0.112053 0.852383
0 0.873517 0.60852 0.196048 0.754436
0 0.407439 0.526056 0.116175 0.920932
0 0.663917 0.587708 0.188195 0.791421
0 0.51278 0.525389 0.117077 0.926765
0 0.299267 0.504535 0.115639 0.902714
0 0.0734402 0.462147 0.132185 0.862947
0 0.192356 0.47598 0.114187 0.852758
0 0.187833 0.467878 0.112053 0.852383
0 0.873517 0.60852 0.196048 0.754436
0 0.407439 0.526056 0.116175 0.920932
0 0.663917 0.587708 0.188195 0.791421
0 0.51278 0.525389 0.117077 0.926765
0 0.299267 0.504535 0.115639 0.902714
0 0.0734402 0.462147 0.132185 0.862947
0 0.192356 0.47598 0.114187 0.852758
0 0.187833 0.467878 0.112053 0.852383
0 0.405919 0.527923 0.112086 0.920599
0 0.300949 0.516157 0.109017 0.910221
0 0.0781014 0.507934 0.118104 0.940474
0 0.191882 0.484841 0.109972 0.868191
0 0.666368 0.534615 0.184988 0.907627
0 0.513187 0.528469 0.112761 0.918591
0 0.872723 0.527208 0.189925 0.924737
0 0.405919 0.527923 0.112086 0.920599
0 0.300949 0.516157 0.109017 0.910221
0 0.0781014 0.507934 0.118104 0.940474
0 0.191882 0.484841 0.109972 0.868191
0 0.666368 0.534615 0.184988 0.907627
0 0.513187 0.528469 0.112761 0.918591
0 0.872723 0.527208 0.189925 0.924737
0 0.666296 0.554707 0.183588 0.855299
0 0.191768 0.485954 0.111023 0.879351
0 0.509965 0.533827 0.118162 0.924874
0 0.405919 0.527923 0.112086 0.920599
0 0.300949 0.516157 0.109017 0.910221
0 0.0781014 0.507934 0.118104 0.940474
0 0.191882 0.484841 0.109972 0.868191
0 0.666368 0.534615 0.184988 0.907627
0 0.513187 0.528469 0.112761 0.918591
0 0.872723 0.527208 0.189925 0.924737
0 0.405919 0.527923 0.112086 0.920599
0 0.300949 0.516157 0.109017 0.910221
0 0.0781014 0.507934 0.118104 0.940474
0 0.191882 0.484841 0.109972 0.868191
0 0.666368 0.534615 0.184988 0.907627
0 0.513187 0.528469 0.112761 0.918591
0 0.872723 0.527208 0.189925 0.924737
