0 0.51461 0.446038 0.126637 0.522004
0 0.409122 0.491074 0.0955818 0.429692
0 0.637587 0.488 0.137018 0.527296
0 0.778503 0.530786 0.158188 0.665846
0 0.259925 0.376259 0.185882 0.752518
0 0.0313678 0.696801 0.0627357 0.312306
0 0.10302 0.745147 0.0791571 0.295142
0 0.194699 0.730875 0.109458 0.470566
0 0.425036 0.895459 0.211794 0.209082
0 0.51461 0.446038 0.126637 0.522004
0 0.409122 0.491074 0.0955818 0.429692
0 0.637587 0.488 0.137018 0.527296
0 0.778503 0.530786 0.158188 0.665846
0 0.259925 0.376259 0.185882 0.752518
0 0.0313678 0.696801 0.0627357 0.312306
0 0.10302 0.745147 0.0791571 0.295142
0 0.194699 0.730875 0.109458 0.470566
0 0.425036 0.895459 0.211794 0.209082
0 0.51461 0.446038 0.126637 0.522004
0 0.409122 0.491074 0.0955818 0.429692
0 0.637587 0.488 0.137018 0.527296
0 0.778503 0.530786 0.158188 0.665846
0 0.259925 0.376259 0.185882 0.752518
0 0.0313678 0.696801 0.0627357 0.312306
0 0.10302 0.745147 0.0791571 0.295142
0 0.194699 0.730875 0.109458 0.470566
0 0.425036 0.895459 0.211794 0.209082
0 0.782369 0.569834 0.154846 0.558302
0 0.512437 0.449632 0.117759 0.499162
0 0.637973 0.509264 0.138447 0.535702
0 0.115022 0.254982 0.123902 0.467309
0 0.409389 0.412479 0.102402 0.501848
0 0.926969 0.651938 0.144571 0.599417
0 0.782369 0.569834 0.154846 0.558302
0 0.512437 0.449632 0.117759 0.499162
0 0.637973 0.509264 0.138447 0.535702
0 0.115022 0.254982 0.123902 0.467309
0 0.409389 0.412479 0.102402 0.501848
0 0.926969 0.651938 0.144571 0.599417
0 0.256174 0.254828 0.144354 0.509656
