0 0.534746 0.494254 0.123152 0.853909
0 0.911604 0.456604 0.129243 0.796652
0 0.784535 0.474345 0.12792 0.798308
0 0.412287 0.514544 0.121761 0.835772
0 0.0550746 0.583465 0.110149 0.787128
0 0.292473 0.554085 0.123314 0.791098
0 0.985684 0.434218 0.0286314 0.82838
0 0.169951 0.566579 0.122037 0.780019
0 0.658159 0.467454 0.124412 0.855684
0 0.534746 0.494254 0.123152 0.853909
0 0.911604 0.456604 0.129243 0.796652
0 0.784535 0.474345 0.12792 0.798308
0 0.412287 0.514544 0.121761 0.835772
0 0.0550746 0.583465 0.110149 0.787128
0 0.292473 0.554085 0.123314 0.791098
0 0.985684 0.434218 0.0286314 0.82838
0 0.169951 0.566579 0.122037 0.780019
0 0.658159 0.467454 0.124412 0.855684
0 0.534746 0.494254 0.123152 0.853909
0 0.911604 0.456604 0.129243 0.796652
0 0.784535 0.474345 0.12792 0.798308
0 0.412287 0.514544 0.121761 0.835772
0 0.0550746 0.583465 0.110149 0.787128
0 0.292473 0.554085 0.123314 0.791098
0 0.985684 0.434218 0.0286314 0.82838
0 0.169951 0.566579 0.122037 0.780019
0 0.658159 0.467454 0.124412 0.855684
0 0.535098 0.496661 0.129477 0.845724
0 0.91112 0.46066 0.132596 0.789739
0 0.658983 0.46875 0.129882 0.863467
0 0.78559 0.482135 0.132813 0.7926
0 0.413102 0.51559 0.126898 0.843318
0 0.293321 0.558736 0.127675 0.793109
0 0.16975 0.571999 0.125942 0.78504
0 0.0557372 0.589259 0.111474 0.789451
0 0.984818 0.425822 0.0303107 0.793039
0 0.535098 0.496661 0.129477 0.845724
0 0.91112 0.46066 0.132596 0.789739
0 0.658983 0.46875 0.129882 0.863467
0 0.78559 0.482135 0.132813 0.7926
0 0.413102 0.51559 0.126898 0.843318
0 0.293321 0.558736 0.127675 0.793109
0 0.16975 0.571999 0.125942 0.78504
0 0.0557372 0.589259 0.111474 0.789451
0 0.984818 0.425822 0.0303107 0.793039
0 0.535098 0.496661 0.129477 0.845724
0 0.91112 0.46066 0.132596 0.789739
0 0.658983 0.46875 0.129882 0.863467
0 0.78559 0.482135 0.132813 0.7926
0 0.413102 0.51559 0.126898 0.843318
0 0.293321 0.558736 0.127675 0.793109
0 0.16975 0.571999 0.125942 0.78504
0 0.0557372 0.589259 0.111474 0.789451
0 0.984818 0.425822 0.0303107 0.793039
0 0.535098 0.496661 0.129477 0.845724
0 0.91112 0.46066 0.132596 0.789739
0 0.658983 0.46875 0.129882 0.863467
0 0.78559 0.482135 0.132813 0.7926
0 0.413102 0.51559 0.126898 0.843318
0 0.293321 0.558736 0.127675 0.793109
0 0.16975 0.571999 0.125942 0.78504
0 0.0557372 0.589259 0.111474 0.789451
0 0.984818 0.425822 0.0303107 0.793039
