0 0.503334 0.326705 0.189755 0.447119
0 0.855938 0.531103 0.247508 0.862176
0 0.12617 0.361881 0.225507 0.603158
0 0.318223 0.363337 0.235515 0.579822
0 0.289627 0.609285 0.242363 0.623765
0 0.65903 0.540623 0.233203 0.817369
0 0.853107 0.536415 0.245607 0.863364
0 0.0197181 0.407926 0.0394363 0.396772
0 0.113313 0.521761 0.226625 0.856111
0 0.302953 0.484114 0.265045 0.870517
0 0.503334 0.326705 0.189755 0.447119
0 0.855938 0.531103 0.247508 0.862176
0 0.12617 0.361881 0.225507 0.603158
0 0.318223 0.363337 0.235515 0.579822
0 0.289627 0.609285 0.242363 0.623765
0 0.65903 0.540623 0.233203 0.817369
0 0.853107 0.536415 0.245607 0.863364
0 0.0197181 0.407926 0.0394363 0.396772
0 0.113313 0.521761 0.226625 0.856111
0 0.302953 0.484114 0.265045 0.870517
0 0.503334 0.326705 0.189755 0.447119
0 0.855938 0.531103 0.247508 0.862176
0 0.12617 0.361881 0.225507 0.603158
0 0.318223 0.363337 0.235515 0.579822
0 0.289627 0.609285 0.242363 0.623765
0 0.65903 0.540623 0.233203 0.817369
0 0.853107 0.536415 0.245607 0.863364
0 0.0197181 0.407926 0.0394363 0.396772
0 0.113313 0.521761 0.226625 0.856111
0 0.302953 0.484114 0.265045 0.870517
0 0.864193 0.546637 0.247472 0.893591
0 0.675072 0.511453 0.224971 0.841862
0 0.291006 0.603585 0.225945 0.59725
0 0.324464 0.321812 0.210146 0.496414
0 0.106548 0.604828 0.205322 0.674414
0 0.486127 0.449235 0.200609 0.736536
0 0.129062 0.315164 0.222412 0.516085
0 0.864193 0.546637 0.247472 0.893591
0 0.675072 0.511453 0.224971 0.841862
0 0.291006 0.603585 0.225945 0.59725
0 0.324464 0.321812 0.210146 0.496414
0 0.106548 0.604828 0.205322 0.674414
0 0.486127 0.449235 0.200609 0.736536
0 0.129062 0.315164 0.222412 0.516085
0 0.129177 0.319271 0.221448 0.514178
0 0.864193 0.546637 0.247472 0.893591
0 0.675072 0.511453 0.224971 0.841862
0 0.291006 0.603585 0.225945 0.59725
0 0.324464 0.321812 0.210146 0.496414
0 0.106548 0.604828 0.205322 0.674414
0 0.486127 0.449235 0.200609 0.736536
0 0.129062 0.315164 0.222412 0.516085
0 0.864193 0.546637 0.247472 0.893591
0 0.675072 0.511453 0.224971 0.841862
0 0.291006 0.603585 0.225945 0.59725
0 0.324464 0.321812 0.210146 0.496414
0 0.106548 0.604828 0.205322 0.674414
0 0.486127 0.449235 0.200609 0.736536
0 0.129062 0.315164 0.222412 0.516085
