0 0.151065 0.516946 0.292088 0.68645
0 0.326189 0.652581 0.0883573 0.400896
0 0.409 0.691247 0.0919179 0.359029
0 0.415719 0.278655 0.106378 0.386775
0 0.0222247 0.36164 0.0444494 0.377077
0 0.497742 0.696757 0.107765 0.378009
0 0.467701 0.282942 0.224522 0.433305
0 0.482689 0.695947 0.0774508 0.370579
0 0.151065 0.516946 0.292088 0.68645
0 0.326189 0.652581 0.0883573 0.400896
0 0.409 0.691247 0.0919179 0.359029
0 0.415719 0.278655 0.106378 0.386775
0 0.0222247 0.36164 0.0444494 0.377077
0 0.497742 0.696757 0.107765 0.378009
0 0.467701 0.282942 0.224522 0.433305
0 0.482689 0.695947 0.0774508 0.370579
0 0.151065 0.516946 0.292088 0.68645
0 0.326189 0.652581 0.0883573 0.400896
0 0.409 0.691247 0.0919179 0.359029
0 0.415719 0.278655 0.106378 0.386775
0 0.0222247 0.36164 0.0444494 0.377077
0 0.497742 0.696757 0.107765 0.378009
0 0.467701 0.282942 0.224522 0.433305
0 0.482689 0.695947 0.0774508 0.370579
0 0.470835 0.273349 0.223634 0.473428
0 0.425524 0.674766 0.279641 0.452971
0 0.150453 0.51884 0.291076 0.683489
0 0.472657 0.279614 0.21866 0.450803
0 0.72176 0.522952 0.336643 0.886684
0 0.0242537 0.496544 0.0485075 0.66754
0 0.470835 0.273349 0.223634 0.473428
0 0.425524 0.674766 0.279641 0.452971
0 0.150453 0.51884 0.291076 0.683489
0 0.472657 0.279614 0.21866 0.450803
0 0.72176 0.522952 0.336643 0.886684
0 0.0242537 0.496544 0.0485075 0.66754
0 0.151213 0.515804 0.29136 0.684329
0 0.0237103 0.466274 0.0474206 0.587372
0 0.33842 0.256609 0.0643383 0.3816
0 0.470835 0.273349 0.223634 0.473428
0 0.425524 0.674766 0.279641 0.452971
0 0.150453 0.51884 0.291076 0.683489
0 0.472657 0.279614 0.21866 0.450803
0 0.72176 0.522952 0.336643 0.886684
0 0.0242537 0.496544 0.0485075 0.66754
