0 0.825767 0.552576 0.0926661 0.686732
0 0.566552 0.503533 0.0783502 0.623109
0 0.684337 0.529408 0.0722677 0.648378
0 0.436672 0.438867 0.0773075 0.636953
0 0.499681 0.50163 0.0768345 0.570396
0 0.627059 0.532629 0.0697761 0.605688
0 0.965161 0.656566 0.0696777 0.644932
0 0.749288 0.538602 0.0817826 0.650141
0 0.369477 0.421527 0.0818927 0.621256
0 0.192355 0.334904 0.190206 0.669808
0 0.898855 0.571806 0.0825767 0.718314
0 0.0574466 0.309462 0.113977 0.618924
0 0.825767 0.552576 0.0926661 0.686732
0 0.566552 0.503533 0.0783502 0.623109
0 0.684337 0.529408 0.0722677 0.648378
0 0.436672 0.438867 0.0773075 0.636953
0 0.499681 0.50163 0.0768345 0.570396
0 0.627059 0.532629 0.0697761 0.605688
0 0.965161 0.656566 0.0696777 0.644932
0 0.749288 0.538602 0.0817826 0.650141
0 0.369477 0.421527 0.0818927 0.621256
0 0.192355 0.334904 0.190206 0.669808
0 0.898855 0.571806 0.0825767 0.718314
0 0.0574466 0.309462 0.113977 0.618924
0 0.825767 0.552576 0.0926661 0.686732
0 0.566552 0.503533 0.0783502 0.623109
0 0.684337 0.529408 0.0722677 0.648378
0 0.436672 0.438867 0.0773075 0.636953
0 0.499681 0.50163 0.0768345 0.570396
0 0.627059 0.532629 0.0697761 0.605688
0 0.965161 0.656566 0.0696777 0.644932
0 0.749288 0.538602 0.0817826 0.650141
0 0.369477 0.421527 0.0818927 0.621256
0 0.192355 0.334904 0.190206 0.669808
0 0.898855 0.571806 0.0825767 0.718314
0 0.0574466 0.309462 0.113977 0.618924
0 0.564815 0.521104 0.073743 0.585331
0 0.498802 0.509396 0.0716612 0.548454
0 0.825734 0.546405 0.0934663 0.703297
0 0.62566 0.544668 0.071067 0.584144
0 0.436979 0.427499 0.0803959 0.652411
0 0.684146 0.533928 0.0749412 0.635419
0 0.749136 0.54538 0.0843124 0.645722
0 0.193722 0.327969 0.194755 0.655938
0 0.900756 0.565929 0.0922537 0.746717
0 0.191449 0.332482 0.191383 0.664965
0 0.057635 0.302513 0.112584 0.597315
0 0.368984 0.430423 0.0796429 0.600306
0 0.31063 0.424176 0.0701188 0.561831
0 0.564815 0.521104 0.073743 0.585331
0 0.498802 0.509396 0.0716612 0.548454
0 0.825734 0.546405 0.0934663 0.703297
0 0.62566 0.544668 0.071067 0.584144
0 0.436979 0.427499 0.0803959 0.652411
0 0.684146 0.533928 0.0749412 0.635419
0 0.749136 0.54538 0.0843124 0.645722
0 0.193722 0.327969 0.194755 0.655938
0 0.900756 0.565929 0.0922537 0.746717
0 0.191449 0.332482 0.191383 0.664965
0 0.057635 0.302513 0.112584 0.597315
0 0.368984 0.430423 0.0796429 0.600306
0 0.31063 0.424176 0.0701188 0.561831
0 0.367771 0.428833 0.0828175 0.603798
0 0.927068 0.575199 0.143594 0.776021
0 0.241098 0.337246 0.0940789 0.65276
0 0.925635 0.572695 0.144964 0.782533
0 0.564815 0.521104 0.073743 0.585331
0 0.498802 0.509396 0.0716612 0.548454
0 0.825734 0.546405 0.0934663 0.703297
0 0.62566 0.544668 0.071067 0.584144
0 0.436979 0.427499 0.0803959 0.652411
0 0.684146 0.533928 0.0749412 0.635419
0 0.749136 0.54538 0.0843124 0.645722
0 0.193722 0.327969 0.194755 0.655938
0 0.900756 0.565929 0.0922537 0.746717
0 0.191449 0.332482 0.191383 0.664965
0 0.057635 0.302513 0.112584 0.597315
0 0.368984 0.430423 0.0796429 0.600306
0 0.31063 0.424176 0.0701188 0.561831
