0 0.225725 0.692585 0.3071 0.56458
0 0.520657 0.694694 0.298444 0.50171
0 0.831596 0.536931 0.303104 0.541704
0 0.225725 0.692585 0.3071 0.56458
0 0.520657 0.694694 0.298444 0.50171
0 0.831596 0.536931 0.303104 0.541704
0 0.225725 0.692585 0.3071 0.56458
0 0.520657 0.694694 0.298444 0.50171
0 0.831596 0.536931 0.303104 0.541704
0 0.231823 0.696954 0.312225 0.579001
0 0.526354 0.705568 0.308434 0.502739
0 0.0514458 0.721476 0.102892 0.535372
0 0.83175 0.627596 0.32492 0.70742
0 0.519458 0.400686 0.282908 0.194704
0 0.231823 0.696954 0.312225 0.579001
0 0.526354 0.705568 0.308434 0.502739
0 0.0514458 0.721476 0.102892 0.535372
0 0.83175 0.627596 0.32492 0.70742
0 0.519458 0.400686 0.282908 0.194704
0 0.517409 0.221536 0.253898 0.2505
0 0.317835 0.693997 0.135197 0.524192
0 0.520677 0.222597 0.273176 0.280004
0 0.231823 0.696954 0.312225 0.579001
0 0.526354 0.705568 0.308434 0.502739
0 0.0514458 0.721476 0.102892 0.535372
0 0.83175 0.627596 0.32492 0.70742
0 0.519458 0.400686 0.282908 0.194704
0 0.231823 0.696954 0.312225 0.579001
0 0.526354 0.705568 0.308434 0.502739
0 0.0514458 0.721476 0.102892 0.535372
0 0.83175 0.627596 0.32492 0.70742
0 0.519458 0.400686 0.282908 0.194704
