0 0.762122 0.742903 0.0697366 0.382893
0 0.469399 0.687463 0.0839821 0.41782
0 0.691021 0.726645 0.0773973 0.397002
0 0.214653 0.633543 0.0945409 0.466871
0 0.620607 0.714808 0.0699978 0.392267
0 0.828649 0.751842 0.0680083 0.365555
0 0.305733 0.655192 0.0878043 0.446841
0 0.104817 0.614654 0.125467 0.479036
0 0.953182 0.768978 0.0668919 0.366669
0 0.889901 0.761508 0.0622647 0.359733
0 0.548556 0.705323 0.0754854 0.407479
0 0.389347 0.673291 0.0837068 0.434721
0 0.389453 0.670499 0.0839103 0.442296
0 0.99174 0.773142 0.0165206 0.339231
0 0.762122 0.742903 0.0697366 0.382893
0 0.469399 0.687463 0.0839821 0.41782
0 0.691021 0.726645 0.0773973 0.397002
0 0.214653 0.633543 0.0945409 0.466871
0 0.620607 0.714808 0.0699978 0.392267
0 0.828649 0.751842 0.0680083 0.365555
0 0.305733 0.655192 0.0878043 0.446841
0 0.104817 0.614654 0.125467 0.479036
0 0.953182 0.768978 0.0668919 0.366669
0 0.889901 0.761508 0.0622647 0.359733
0 0.548556 0.705323 0.0754854 0.407479
0 0.389347 0.673291 0.0837068 0.434721
0 0.389453 0.670499 0.0839103 0.442296
0 0.99174 0.773142 0.0165206 0.339231
0 0.762122 0.742903 0.0697366 0.382893
0 0.469399 0.687463 0.0839821 0.41782
0 0.691021 0.726645 0.0773973 0.397002
0 0.214653 0.633543 0.0945409 0.466871
0 0.620607 0.714808 0.0699978 0.392267
0 0.828649 0.751842 0.0680083 0.365555
0 0.305733 0.655192 0.0878043 0.446841
0 0.104817 0.614654 0.125467 0.479036
0 0.953182 0.768978 0.0668919 0.366669
0 0.889901 0.761508 0.0622647 0.359733
0 0.548556 0.705323 0.0754854 0.407479
0 0.389347 0.673291 0.0837068 0.434721
0 0.389453 0.670499 0.0839103 0.442296
0 0.99174 0.773142 0.0165206 0.339231
0 0.305548 0.656285 0.0868704 0.436549
0 0.214549 0.635477 0.0952518 0.454354
0 0.690399 0.727894 0.0756839 0.391253
0 0.952388 0.769 0.0630212 0.36263
0 0.469219 0.690094 0.0820134 0.418257
0 0.105727 0.615018 0.123826 0.4706
0 0.761823 0.745137 0.0690157 0.379089
0 0.827739 0.753439 0.065022 0.362786
0 0.889474 0.765445 0.0621816 0.35647
0 0.389438 0.674398 0.0833112 0.433319
0 0.5475 0.708642 0.0736525 0.398908
0 0.619178 0.717184 0.071552 0.387615
0 0.990968 0.77628 0.0179689 0.356601
0 0.305548 0.656285 0.0868704 0.436549
0 0.214549 0.635477 0.0952518 0.454354
0 0.690399 0.727894 0.0756839 0.391253
0 0.952388 0.769 0.0630212 0.36263
0 0.469219 0.690094 0.0820134 0.418257
0 0.105727 0.615018 0.123826 0.4706
0 0.761823 0.745137 0.0690157 0.379089
0 0.827739 0.753439 0.065022 0.362786
0 0.889474 0.765445 0.0621816 0.35647
0 0.389438 0.674398 0.0833112 0.433319
0 0.5475 0.708642 0.0736525 0.398908
0 0.619178 0.717184 0.071552 0.387615
0 0.990968 0.77628 0.0179689 0.356601
0 0.305548 0.656285 0.0868704 0.436549
0 0.214549 0.635477 0.0952518 0.454354
0 0.690399 0.727894 0.0756839 0.391253
0 0.952388 0.769 0.0630212 0.36263
0 0.469219 0.690094 0.0820134 0.418257
0 0.105727 0.615018 0.123826 0.4706
0 0.761823 0.745137 0.0690157 0.379089
0 0.827739 0.753439 0.065022 0.362786
0 0.889474 0.765445 0.0621816 0.35647
0 0.389438 0.674398 0.0833112 0.433319
0 0.5475 0.708642 0.0736525 0.398908
0 0.619178 0.717184 0.071552 0.387615
0 0.990968 0.77628 0.0179689 0.356601
