0 0.391422 0.581024 0.227378 0.642052
0 0.164267 0.536281 0.221959 0.658275
0 0.638858 0.561433 0.178651 0.49381
0 0.391422 0.581024 0.227378 0.642052
0 0.164267 0.536281 0.221959 0.658275
0 0.638858 0.561433 0.178651 0.49381
0 0.391422 0.581024 0.227378 0.642052
0 0.164267 0.536281 0.221959 0.658275
0 0.638858 0.561433 0.178651 0.49381
0 0.164765 0.520916 0.207833 0.655464
0 0.640247 0.552396 0.167839 0.501347
0 0.85159 0.665978 0.196139 0.546687
0 0.391014 0.575855 0.203792 0.652671
0 0.164765 0.520916 0.207833 0.655464
0 0.640247 0.552396 0.167839 0.501347
0 0.85159 0.665978 0.196139 0.546687
0 0.391014 0.575855 0.203792 0.652671
0 0.164765 0.520916 0.207833 0.655464
0 0.640247 0.552396 0.167839 0.501347
0 0.85159 0.665978 0.196139 0.546687
0 0.391014 0.575855 0.203792 0.652671
