0 0.730741 0.65702 0.443495 0.288572
0 0.29529 0.653332 0.451068 0.297178
0 0.624747 0.233083 0.619195 0.42293
0 0.730741 0.65702 0.443495 0.288572
0 0.29529 0.653332 0.451068 0.297178
0 0.624747 0.233083 0.619195 0.42293
0 0.730741 0.65702 0.443495 0.288572
0 0.29529 0.653332 0.451068 0.297178
0 0.624747 0.233083 0.619195 0.42293
0 0.301485 0.641919 0.442489 0.32126
0 0.727377 0.672233 0.433918 0.257993
0 0.301485 0.641919 0.442489 0.32126
0 0.727377 0.672233 0.433918 0.257993
0 0.201629 0.0169865 0.235206 0.033973
0 0.208292 0.017035 0.23326 0.03407
0 0.363571 0.0185067 0.0877197 0.0370133
0 0.301485 0.641919 0.442489 0.32126
0 0.727377 0.672233 0.433918 0.257993
0 0.301485 0.641919 0.442489 0.32126
0 0.727377 0.672233 0.433918 0.257993
