0 0.853247 0.641476 0.263398 0.660881
0 0.376621 0.574605 0.231832 0.682269
0 0.163701 0.520869 0.21385 0.659205
0 0.600508 0.613276 0.209175 0.695388
0 0.853247 0.641476 0.263398 0.660881
0 0.376621 0.574605 0.231832 0.682269
0 0.163701 0.520869 0.21385 0.659205
0 0.600508 0.613276 0.209175 0.695388
0 0.853247 0.641476 0.263398 0.660881
0 0.376621 0.574605 0.231832 0.682269
0 0.163701 0.520869 0.21385 0.659205
0 0.600508 0.613276 0.209175 0.695388
0 0.159818 0.516724 0.203725 0.664364
0 0.853208 0.643102 0.239592 0.657792
0 0.376022 0.574422 0.22456 0.689814
0 0.592472 0.604887 0.200743 0.70668
0 0.159818 0.516724 0.203725 0.664364
0 0.853208 0.643102 0.239592 0.657792
0 0.376022 0.574422 0.22456 0.689814
0 0.592472 0.604887 0.200743 0.70668
0 0.159818 0.516724 0.203725 0.664364
0 0.853208 0.643102 0.239592 0.657792
0 0.376022 0.574422 0.22456 0.689814
0 0.592472 0.604887 0.200743 0.70668
0 0.159818 0.516724 0.203725 0.664364
0 0.853208 0.643102 0.239592 0.657792
0 0.376022 0.574422 0.22456 0.689814
0 0.592472 0.604887 0.200743 0.70668
