0 0.308275 0.824618 0.155323 0.350764
0 0.960497 0.754829 0.0790055 0.447912
0 0.616354 0.472017 0.141098 0.771519
0 0.0222618 0.905494 0.0445236 0.189013
0 0.308275 0.824618 0.155323 0.350764
0 0.960497 0.754829 0.0790055 0.447912
0 0.616354 0.472017 0.141098 0.771519
0 0.0222618 0.905494 0.0445236 0.189013
0 0.308275 0.824618 0.155323 0.350764
0 0.960497 0.754829 0.0790055 0.447912
0 0.616354 0.472017 0.141098 0.771519
0 0.0222618 0.905494 0.0445236 0.189013
0 0.788017 0.492674 0.187213 0.78201
0 0.308975 0.309305 0.166212 0.61861
0 0.939721 0.73966 0.120041 0.443916
