0 0.386749 0.613599 0.249675 0.368685
0 0.611671 0.615601 0.248628 0.393143
0 0.154942 0.593147 0.263118 0.385719
0 0.386749 0.613599 0.249675 0.368685
0 0.611671 0.615601 0.248628 0.393143
0 0.154942 0.593147 0.263118 0.385719
0 0.386749 0.613599 0.249675 0.368685
0 0.611671 0.615601 0.248628 0.393143
0 0.154942 0.593147 0.263118 0.385719
0 0.241155 0.852134 0.18126 0.139915
0 0.387442 0.620301 0.244255 0.3479
0 0.614716 0.559901 0.261767 0.484833
0 0.158847 0.6084 0.252007 0.352097
0 0.15907 0.605629 0.25317 0.356466
0 0.241155 0.852134 0.18126 0.139915
0 0.387442 0.620301 0.244255 0.3479
0 0.614716 0.559901 0.261767 0.484833
0 0.158847 0.6084 0.252007 0.352097
0 0.15907 0.605629 0.25317 0.356466
0 0.241155 0.852134 0.18126 0.139915
0 0.387442 0.620301 0.244255 0.3479
0 0.614716 0.559901 0.261767 0.484833
0 0.158847 0.6084 0.252007 0.352097
0 0.15907 0.605629 0.25317 0.356466
0 0.241155 0.852134 0.18126 0.139915
0 0.387442 0.620301 0.244255 0.3479
0 0.614716 0.559901 0.261767 0.484833
0 0.158847 0.6084 0.252007 0.352097
0 0.15907 0.605629 0.25317 0.356466
