0 0.724798 0.584121 0.274388 0.582019
0 0.918967 0.581518 0.160427 0.622056
0 0.463482 0.564444 0.275129 0.5696
0 0.203936 0.610318 0.193695 0.693793
0 0.1539 0.61134 0.299836 0.722867
0 0.724798 0.584121 0.274388 0.582019
0 0.918967 0.581518 0.160427 0.622056
0 0.463482 0.564444 0.275129 0.5696
0 0.203936 0.610318 0.193695 0.693793
0 0.1539 0.61134 0.299836 0.722867
0 0.724798 0.584121 0.274388 0.582019
0 0.918967 0.581518 0.160427 0.622056
0 0.463482 0.564444 0.275129 0.5696
0 0.203936 0.610318 0.193695 0.693793
0 0.1539 0.61134 0.299836 0.722867
0 0.730064 0.638061 0.259241 0.677803
0 0.46837 0.636076 0.277505 0.698706
0 0.92346 0.625251 0.15283 0.71718
0 0.153336 0.624007 0.292343 0.739662
0 0.730064 0.638061 0.259241 0.677803
0 0.46837 0.636076 0.277505 0.698706
0 0.92346 0.625251 0.15283 0.71718
0 0.153336 0.624007 0.292343 0.739662
0 0.730064 0.638061 0.259241 0.677803
0 0.46837 0.636076 0.277505 0.698706
0 0.92346 0.625251 0.15283 0.71718
0 0.153336 0.624007 0.292343 0.739662
