0 0.426272 0.473778 0.144214 0.927654
0 0.11859 0.472312 0.1675 0.903731
0 0.282873 0.499953 0.168224 0.914064
0 0.89682 0.456899 0.160321 0.900584
0 0.581879 0.505849 0.17242 0.921959
0 0.737807 0.466327 0.148868 0.921036
0 0.426272 0.473778 0.144214 0.927654
0 0.11859 0.472312 0.1675 0.903731
0 0.282873 0.499953 0.168224 0.914064
0 0.89682 0.456899 0.160321 0.900584
0 0.581879 0.505849 0.17242 0.921959
0 0.737807 0.466327 0.148868 0.921036
0 0.426272 0.473778 0.144214 0.927654
0 0.11859 0.472312 0.1675 0.903731
0 0.282873 0.499953 0.168224 0.914064
0 0.89682 0.456899 0.160321 0.900584
0 0.581879 0.505849 0.17242 0.921959
0 0.737807 0.466327 0.148868 0.921036
0 0.120074 0.481207 0.167265 0.911058
0 0.7365 0.466836 0.151682 0.914506
0 0.582832 0.516889 0.164054 0.922495
0 0.284779 0.508274 0.163581 0.921024
0 0.432203 0.480226 0.143735 0.918445
0 0.895771 0.456966 0.160531 0.89716
0 0.120074 0.481207 0.167265 0.911058
0 0.7365 0.466836 0.151682 0.914506
0 0.582832 0.516889 0.164054 0.922495
0 0.284779 0.508274 0.163581 0.921024
0 0.432203 0.480226 0.143735 0.918445
0 0.895771 0.456966 0.160531 0.89716
0 0.120074 0.481207 0.167265 0.911058
0 0.7365 0.466836 0.151682 0.914506
0 0.582832 0.516889 0.164054 0.922495
0 0.284779 0.508274 0.163581 0.921024
0 0.432203 0.480226 0.143735 0.918445
0 0.895771 0.456966 0.160531 0.89716
0 0.120074 0.481207 0.167265 0.911058
0 0.7365 0.466836 0.151682 0.914506
0 0.582832 0.516889 0.164054 0.922495
0 0.284779 0.508274 0.163581 0.921024
0 0.432203 0.480226 0.143735 0.918445
0 0.895771 0.456966 0.160531 0.89716
