0 0.843156 0.68591 0.308367 0.598005
0 0.57474 0.661378 0.367111 0.658974
0 0.193381 0.538634 0.370255 0.917726
0 0.843156 0.68591 0.308367 0.598005
0 0.57474 0.661378 0.367111 0.658974
0 0.193381 0.538634 0.370255 0.917726
0 0.843156 0.68591 0.308367 0.598005
0 0.57474 0.661378 0.367111 0.658974
0 0.193381 0.538634 0.370255 0.917726
0 0.848133 0.6941 0.303733 0.608794
0 0.575279 0.659505 0.377695 0.674655
0 0.197079 0.537354 0.374822 0.917721
0 0.848133 0.6941 0.303733 0.608794
0 0.575279 0.659505 0.377695 0.674655
0 0.197079 0.537354 0.374822 0.917721
0 0.198829 0.534951 0.381712 0.928012
