0 0.460652 0.522873 0.127188 0.797851
0 0.57887 0.530228 0.122306 0.782665
0 0.216544 0.528011 0.124326 0.763067
0 0.337664 0.521424 0.122846 0.761335
0 0.814579 0.570018 0.119447 0.767584
0 0.102771 0.536138 0.12515 0.76741
0 0.700686 0.555058 0.125855 0.766238
0 0.925138 0.589181 0.111679 0.767551
0 0.460652 0.522873 0.127188 0.797851
0 0.57887 0.530228 0.122306 0.782665
0 0.216544 0.528011 0.124326 0.763067
0 0.337664 0.521424 0.122846 0.761335
0 0.814579 0.570018 0.119447 0.767584
0 0.102771 0.536138 0.12515 0.76741
0 0.700686 0.555058 0.125855 0.766238
0 0.925138 0.589181 0.111679 0.767551
0 0.460652 0.522873 0.127188 0.797851
0 0.57887 0.530228 0.122306 0.782665
0 0.216544 0.528011 0.124326 0.763067
0 0.337664 0.521424 0.122846 0.761335
0 0.814579 0.570018 0.119447 0.767584
0 0.102771 0.536138 0.12515 0.76741
0 0.700686 0.555058 0.125855 0.766238
0 0.925138 0.589181 0.111679 0.767551
0 0.46344 0.531108 0.124684 0.767952
0 0.703344 0.553652 0.124413 0.759963
0 0.582327 0.536702 0.123263 0.765761
0 0.341324 0.525828 0.125838 0.747905
0 0.92669 0.584471 0.112639 0.721864
0 0.104662 0.49605 0.12391 0.669092
0 0.220765 0.485965 0.114998 0.663642
0 0.815543 0.573294 0.119268 0.740933
0 0.816213 0.567539 0.11921 0.743569
0 0.46344 0.531108 0.124684 0.767952
0 0.703344 0.553652 0.124413 0.759963
0 0.582327 0.536702 0.123263 0.765761
0 0.341324 0.525828 0.125838 0.747905
0 0.92669 0.584471 0.112639 0.721864
0 0.104662 0.49605 0.12391 0.669092
0 0.220765 0.485965 0.114998 0.663642
0 0.815543 0.573294 0.119268 0.740933
0 0.816213 0.567539 0.11921 0.743569
0 0.105236 0.504293 0.129749 0.69034
0 0.221229 0.487413 0.114709 0.666029
0 0.46344 0.531108 0.124684 0.767952
0 0.703344 0.553652 0.124413 0.759963
0 0.582327 0.536702 0.123263 0.765761
0 0.341324 0.525828 0.125838 0.747905
0 0.92669 0.584471 0.112639 0.721864
0 0.104662 0.49605 0.12391 0.669092
0 0.220765 0.485965 0.114998 0.663642
0 0.815543 0.573294 0.119268 0.740933
0 0.816213 0.567539 0.11921 0.743569
