0 0.839758 0.521401 0.246068 0.939935
0 0.205369 0.496865 0.113588 0.556686
0 0.641671 0.517885 0.183552 0.928303
0 0.306753 0.600948 0.116378 0.765631
0 0.461969 0.580119 0.200073 0.720811
0 0.209756 0.588642 0.115332 0.751258
0 0.839758 0.521401 0.246068 0.939935
0 0.205369 0.496865 0.113588 0.556686
0 0.641671 0.517885 0.183552 0.928303
0 0.306753 0.600948 0.116378 0.765631
0 0.461969 0.580119 0.200073 0.720811
0 0.209756 0.588642 0.115332 0.751258
0 0.839758 0.521401 0.246068 0.939935
0 0.205369 0.496865 0.113588 0.556686
0 0.641671 0.517885 0.183552 0.928303
0 0.306753 0.600948 0.116378 0.765631
0 0.461969 0.580119 0.200073 0.720811
0 0.209756 0.588642 0.115332 0.751258
0 0.648104 0.523603 0.169337 0.906226
0 0.401936 0.555509 0.0974971 0.614079
0 0.8408 0.522161 0.221973 0.907169
0 0.207173 0.547612 0.103801 0.619319
0 0.305651 0.567085 0.104219 0.654585
0 0.11132 0.545109 0.107744 0.619143
0 0.500086 0.563038 0.105882 0.616758
0 0.648104 0.523603 0.169337 0.906226
0 0.401936 0.555509 0.0974971 0.614079
0 0.8408 0.522161 0.221973 0.907169
0 0.207173 0.547612 0.103801 0.619319
0 0.305651 0.567085 0.104219 0.654585
0 0.11132 0.545109 0.107744 0.619143
0 0.500086 0.563038 0.105882 0.616758
0 0.648104 0.523603 0.169337 0.906226
0 0.401936 0.555509 0.0974971 0.614079
0 0.8408 0.522161 0.221973 0.907169
0 0.207173 0.547612 0.103801 0.619319
0 0.305651 0.567085 0.104219 0.654585
0 0.11132 0.545109 0.107744 0.619143
0 0.500086 0.563038 0.105882 0.616758
