0 0.412543 0.490756 0.116751 0.90992
0 0.210827 0.455294 0.116477 0.86824
0 0.93308 0.488252 0.113684 0.878602
0 0.725386 0.475417 0.107464 0.895871
0 0.515048 0.502084 0.106968 0.933244
0 0.828531 0.552653 0.103305 0.576103
0 0.619848 0.474893 0.112105 0.900839
0 0.0890278 0.460365 0.122685 0.844566
0 0.311027 0.460514 0.110603 0.879518
0 0.724619 0.46792 0.111758 0.896632
0 0.312204 0.466424 0.107414 0.865743
0 0.941035 0.489839 0.11793 0.892954
0 0.619238 0.470801 0.11608 0.902779
0 0.412543 0.490756 0.116751 0.90992
0 0.210827 0.455294 0.116477 0.86824
0 0.93308 0.488252 0.113684 0.878602
0 0.725386 0.475417 0.107464 0.895871
0 0.515048 0.502084 0.106968 0.933244
0 0.828531 0.552653 0.103305 0.576103
0 0.619848 0.474893 0.112105 0.900839
0 0.0890278 0.460365 0.122685 0.844566
0 0.311027 0.460514 0.110603 0.879518
0 0.724619 0.46792 0.111758 0.896632
0 0.312204 0.466424 0.107414 0.865743
0 0.941035 0.489839 0.11793 0.892954
0 0.619238 0.470801 0.11608 0.902779
0 0.412543 0.490756 0.116751 0.90992
0 0.210827 0.455294 0.116477 0.86824
0 0.93308 0.488252 0.113684 0.878602
0 0.725386 0.475417 0.107464 0.895871
0 0.515048 0.502084 0.106968 0.933244
0 0.828531 0.552653 0.103305 0.576103
0 0.619848 0.474893 0.112105 0.900839
0 0.0890278 0.460365 0.122685 0.844566
0 0.311027 0.460514 0.110603 0.879518
0 0.724619 0.46792 0.111758 0.896632
0 0.312204 0.466424 0.107414 0.865743
0 0.941035 0.489839 0.11793 0.892954
0 0.619238 0.470801 0.11608 0.902779
0 0.726247 0.480754 0.106205 0.872768
0 0.619138 0.478563 0.10789 0.876721
0 0.210167 0.465476 0.115796 0.832017
0 0.935384 0.491073 0.110374 0.867308
0 0.829039 0.457829 0.102256 0.758152
0 0.513462 0.478177 0.106641 0.873297
0 0.0922475 0.458049 0.121093 0.813867
0 0.412455 0.487282 0.110868 0.87154
0 0.313938 0.473936 0.108331 0.853052
0 0.829247 0.464023 0.102222 0.813857
0 0.0145964 0.430988 0.0291927 0.855478
0 0.726247 0.480754 0.106205 0.872768
0 0.619138 0.478563 0.10789 0.876721
0 0.210167 0.465476 0.115796 0.832017
0 0.935384 0.491073 0.110374 0.867308
0 0.829039 0.457829 0.102256 0.758152
0 0.513462 0.478177 0.106641 0.873297
0 0.0922475 0.458049 0.121093 0.813867
0 0.412455 0.487282 0.110868 0.87154
0 0.313938 0.473936 0.108331 0.853052
0 0.829247 0.464023 0.102222 0.813857
0 0.0145964 0.430988 0.0291927 0.855478
0 0.410935 0.482501 0.114231 0.866938
0 0.726247 0.480754 0.106205 0.872768
0 0.619138 0.478563 0.10789 0.876721
0 0.210167 0.465476 0.115796 0.832017
0 0.935384 0.491073 0.110374 0.867308
0 0.829039 0.457829 0.102256 0.758152
0 0.513462 0.478177 0.106641 0.873297
0 0.0922475 0.458049 0.121093 0.813867
0 0.412455 0.487282 0.110868 0.87154
0 0.313938 0.473936 0.108331 0.853052
0 0.829247 0.464023 0.102222 0.813857
0 0.0145964 0.430988 0.0291927 0.855478
0 0.726247 0.480754 0.106205 0.872768
0 0.619138 0.478563 0.10789 0.876721
0 0.210167 0.465476 0.115796 0.832017
0 0.935384 0.491073 0.110374 0.867308
0 0.829039 0.457829 0.102256 0.758152
0 0.513462 0.478177 0.106641 0.873297
0 0.0922475 0.458049 0.121093 0.813867
0 0.412455 0.487282 0.110868 0.87154
0 0.313938 0.473936 0.108331 0.853052
0 0.829247 0.464023 0.102222 0.813857
0 0.0145964 0.430988 0.0291927 0.855478
