0 0.400389 0.572975 0.11355 0.838501
0 0.504378 0.554665 0.113301 0.825025
0 0.299311 0.583092 0.114263 0.81928
0 0.0916181 0.550755 0.121276 0.700423
0 0.195531 0.559909 0.111614 0.718029
0 0.810586 0.539713 0.320277 0.769953
0 0.607263 0.541346 0.112243 0.815839
0 0.400389 0.572975 0.11355 0.838501
0 0.504378 0.554665 0.113301 0.825025
0 0.299311 0.583092 0.114263 0.81928
0 0.0916181 0.550755 0.121276 0.700423
0 0.195531 0.559909 0.111614 0.718029
0 0.810586 0.539713 0.320277 0.769953
0 0.607263 0.541346 0.112243 0.815839
0 0.400389 0.572975 0.11355 0.838501
0 0.504378 0.554665 0.113301 0.825025
0 0.299311 0.583092 0.114263 0.81928
0 0.0916181 0.550755 0.121276 0.700423
0 0.195531 0.559909 0.111614 0.718029
0 0.810586 0.539713 0.320277 0.769953
0 0.607263 0.541346 0.112243 0.815839
0 0.0922115 0.559239 0.11774 0.701655
0 0.704806 0.567977 0.106627 0.753356
0 0.799555 0.554707 0.10707 0.72374
0 0.900939 0.569555 0.12239 0.659126
0 0.604328 0.586547 0.107953 0.791711
0 0.503674 0.571601 0.110325 0.765763
0 0.401774 0.586175 0.115353 0.784542
0 0.299332 0.592898 0.114152 0.769636
0 0.195114 0.559695 0.111838 0.696404
0 0.296889 0.586051 0.110267 0.769059
0 0.195682 0.55707 0.110013 0.688574
0 0.505347 0.575853 0.116401 0.774501
0 0.0922115 0.559239 0.11774 0.701655
0 0.704806 0.567977 0.106627 0.753356
0 0.799555 0.554707 0.10707 0.72374
0 0.900939 0.569555 0.12239 0.659126
0 0.604328 0.586547 0.107953 0.791711
0 0.503674 0.571601 0.110325 0.765763
0 0.401774 0.586175 0.115353 0.784542
0 0.299332 0.592898 0.114152 0.769636
0 0.195114 0.559695 0.111838 0.696404
0 0.296889 0.586051 0.110267 0.769059
0 0.195682 0.55707 0.110013 0.688574
0 0.505347 0.575853 0.116401 0.774501
0 0.0922115 0.559239 0.11774 0.701655
0 0.704806 0.567977 0.106627 0.753356
0 0.799555 0.554707 0.10707 0.72374
0 0.900939 0.569555 0.12239 0.659126
0 0.604328 0.586547 0.107953 0.791711
0 0.503674 0.571601 0.110325 0.765763
0 0.401774 0.586175 0.115353 0.784542
0 0.299332 0.592898 0.114152 0.769636
0 0.195114 0.559695 0.111838 0.696404
0 0.296889 0.586051 0.110267 0.769059
0 0.195682 0.55707 0.110013 0.688574
0 0.505347 0.575853 0.116401 0.774501
0 0.0922115 0.559239 0.11774 0.701655
0 0.704806 0.567977 0.106627 0.753356
0 0.799555 0.554707 0.10707 0.72374
0 0.900939 0.569555 0.12239 0.659126
0 0.604328 0.586547 0.107953 0.791711
0 0.503674 0.571601 0.110325 0.765763
0 0.401774 0.586175 0.115353 0.784542
0 0.299332 0.592898 0.114152 0.769636
0 0.195114 0.559695 0.111838 0.696404
0 0.296889 0.586051 0.110267 0.769059
0 0.195682 0.55707 0.110013 0.688574
0 0.505347 0.575853 0.116401 0.774501
