0 0.573167 0.50125 0.255203 0.429276
0 0.835142 0.41123 0.260486 0.587027
0 0.573167 0.50125 0.255203 0.429276
0 0.835142 0.41123 0.260486 0.587027
0 0.573167 0.50125 0.255203 0.429276
0 0.835142 0.41123 0.260486 0.587027
0 0.839208 0.41944 0.252792 0.557662
0 0.569386 0.518598 0.257888 0.361194
0 0.193227 0.681513 0.345805 0.326851
0 0.839208 0.41944 0.252792 0.557662
0 0.569386 0.518598 0.257888 0.361194
0 0.193227 0.681513 0.345805 0.326851
0 0.839208 0.41944 0.252792 0.557662
0 0.569386 0.518598 0.257888 0.361194
0 0.193227 0.681513 0.345805 0.326851
