0 0.396519 0.455799 0.13744 0.910586
0 0.769658 0.473957 0.143102 0.944595
0 0.642521 0.471951 0.139586 0.935662
0 0.517775 0.481743 0.126944 0.953496
0 0.0667056 0.401523 0.13102 0.722782
0 0.219835 0.433844 0.230713 0.867688
0 0.90634 0.480971 0.158284 0.961941
0 0.396519 0.455799 0.13744 0.910586
0 0.769658 0.473957 0.143102 0.944595
0 0.642521 0.471951 0.139586 0.935662
0 0.517775 0.481743 0.126944 0.953496
0 0.0667056 0.401523 0.13102 0.722782
0 0.219835 0.433844 0.230713 0.867688
0 0.90634 0.480971 0.158284 0.961941
0 0.396519 0.455799 0.13744 0.910586
0 0.769658 0.473957 0.143102 0.944595
0 0.642521 0.471951 0.139586 0.935662
0 0.517775 0.481743 0.126944 0.953496
0 0.0667056 0.401523 0.13102 0.722782
0 0.219835 0.433844 0.230713 0.867688
0 0.90634 0.480971 0.158284 0.961941
0 0.518762 0.478259 0.116012 0.829196
0 0.17288 0.454725 0.1062 0.774024
0 0.399146 0.464822 0.123333 0.828614
0 0.641312 0.481525 0.124611 0.846818
0 0.771409 0.508813 0.128903 0.860969
0 0.898799 0.535976 0.124821 0.851938
0 0.282605 0.463597 0.10929 0.811634
0 0.0106409 0.420751 0.0212818 0.645002
0 0.518762 0.478259 0.116012 0.829196
0 0.17288 0.454725 0.1062 0.774024
0 0.399146 0.464822 0.123333 0.828614
0 0.641312 0.481525 0.124611 0.846818
0 0.771409 0.508813 0.128903 0.860969
0 0.898799 0.535976 0.124821 0.851938
0 0.282605 0.463597 0.10929 0.811634
0 0.0106409 0.420751 0.0212818 0.645002
0 0.0672185 0.429489 0.112898 0.694076
0 0.0668896 0.416654 0.112842 0.669809
0 0.518762 0.478259 0.116012 0.829196
0 0.17288 0.454725 0.1062 0.774024
0 0.399146 0.464822 0.123333 0.828614
0 0.641312 0.481525 0.124611 0.846818
0 0.771409 0.508813 0.128903 0.860969
0 0.898799 0.535976 0.124821 0.851938
0 0.282605 0.463597 0.10929 0.811634
0 0.0106409 0.420751 0.0212818 0.645002
0 0.518762 0.478259 0.116012 0.829196
0 0.17288 0.454725 0.1062 0.774024
0 0.399146 0.464822 0.123333 0.828614
0 0.641312 0.481525 0.124611 0.846818
0 0.771409 0.508813 0.128903 0.860969
0 0.898799 0.535976 0.124821 0.851938
0 0.282605 0.463597 0.10929 0.811634
0 0.0106409 0.420751 0.0212818 0.645002
