0 0.412882 0.537713 0.0826933 0.757726
0 0.178094 0.561717 0.0819093 0.784475
0 0.572897 0.563891 0.0786269 0.788992
0 0.099244 0.557922 0.0822252 0.784859
0 0.255373 0.559261 0.0806084 0.777866
0 0.332961 0.534832 0.0807533 0.752184
0 0.810834 0.593097 0.0786845 0.759194
0 0.493713 0.55864 0.0822982 0.792965
0 0.730527 0.585152 0.0833228 0.757467
0 0.963122 0.599379 0.0736808 0.742655
0 0.0298462 0.539793 0.0592327 0.778201
0 0.889123 0.594612 0.0781519 0.757398
0 0.650418 0.569625 0.0796565 0.774307
0 0.412882 0.537713 0.0826933 0.757726
0 0.178094 0.561717 0.0819093 0.784475
0 0.572897 0.563891 0.0786269 0.788992
0 0.099244 0.557922 0.0822252 0.784859
0 0.255373 0.559261 0.0806084 0.777866
0 0.332961 0.534832 0.0807533 0.752184
0 0.810834 0.593097 0.0786845 0.759194
0 0.493713 0.55864 0.0822982 0.792965
0 0.730527 0.585152 0.0833228 0.757467
0 0.963122 0.599379 0.0736808 0.742655
0 0.0298462 0.539793 0.0592327 0.778201
0 0.889123 0.594612 0.0781519 0.757398
0 0.650418 0.569625 0.0796565 0.774307
0 0.412882 0.537713 0.0826933 0.757726
0 0.178094 0.561717 0.0819093 0.784475
0 0.572897 0.563891 0.0786269 0.788992
0 0.099244 0.557922 0.0822252 0.784859
0 0.255373 0.559261 0.0806084 0.777866
0 0.332961 0.534832 0.0807533 0.752184
0 0.810834 0.593097 0.0786845 0.759194
0 0.493713 0.55864 0.0822982 0.792965
0 0.730527 0.585152 0.0833228 0.757467
0 0.963122 0.599379 0.0736808 0.742655
0 0.0298462 0.539793 0.0592327 0.778201
0 0.889123 0.594612 0.0781519 0.757398
0 0.650418 0.569625 0.0796565 0.774307
0 0.25575 0.565857 0.0804543 0.764174
0 0.962938 0.588574 0.0740353 0.760133
0 0.179226 0.561882 0.0820392 0.781252
0 0.651143 0.574728 0.0802421 0.766804
0 0.730355 0.590192 0.0832169 0.749225
0 0.100138 0.563607 0.0841534 0.7705
0 0.811308 0.594034 0.0808018 0.747624
0 0.574045 0.568606 0.0799853 0.770598
0 0.412972 0.542006 0.0831348 0.728944
0 0.333375 0.53711 0.0802189 0.729001
0 0.888998 0.591807 0.0797109 0.758958
0 0.49476 0.564379 0.0818665 0.769601
0 0.0305525 0.551302 0.060299 0.773994
0 0.25575 0.565857 0.0804543 0.764174
0 0.962938 0.588574 0.0740353 0.760133
0 0.179226 0.561882 0.0820392 0.781252
0 0.651143 0.574728 0.0802421 0.766804
0 0.730355 0.590192 0.0832169 0.749225
0 0.100138 0.563607 0.0841534 0.7705
0 0.811308 0.594034 0.0808018 0.747624
0 0.574045 0.568606 0.0799853 0.770598
0 0.412972 0.542006 0.0831348 0.728944
0 0.333375 0.53711 0.0802189 0.729001
0 0.888998 0.591807 0.0797109 0.758958
0 0.49476 0.564379 0.0818665 0.769601
0 0.0305525 0.551302 0.060299 0.773994
0 0.25575 0.565857 0.0804543 0.764174
0 0.962938 0.588574 0.0740353 0.760133
0 0.179226 0.561882 0.0820392 0.781252
0 0.651143 0.574728 0.0802421 0.766804
0 0.730355 0.590192 0.0832169 0.749225
0 0.100138 0.563607 0.0841534 0.7705
0 0.811308 0.594034 0.0808018 0.747624
0 0.574045 0.568606 0.0799853 0.770598
0 0.412972 0.542006 0.0831348 0.728944
0 0.333375 0.53711 0.0802189 0.729001
0 0.888998 0.591807 0.0797109 0.758958
0 0.49476 0.564379 0.0818665 0.769601
0 0.0305525 0.551302 0.060299 0.773994
