0 0.876421 0.514243 0.244931 0.818188
0 0.19172 0.659562 0.356886 0.620792
0 0.551547 0.66058 0.353367 0.606036
0 0.876421 0.514243 0.244931 0.818188
0 0.19172 0.659562 0.356886 0.620792
0 0.551547 0.66058 0.353367 0.606036
0 0.876421 0.514243 0.244931 0.818188
0 0.19172 0.659562 0.356886 0.620792
0 0.551547 0.66058 0.353367 0.606036
0 0.869997 0.54579 0.260006 0.840787
0 0.191333 0.639785 0.358757 0.70277
0 0.568142 0.536727 0.405638 0.898116
0 0.869997 0.54579 0.260006 0.840787
0 0.191333 0.639785 0.358757 0.70277
0 0.568142 0.536727 0.405638 0.898116
