0 0.399996 0.507422 0.132091 0.687282
0 0.524702 0.517205 0.126275 0.767394
0 0.656237 0.544378 0.134822 0.825532
0 0.787131 0.531484 0.131773 0.847506
0 0.166201 0.483332 0.332402 0.780205
0 0.917896 0.568224 0.134499 0.822868
0 0.399996 0.507422 0.132091 0.687282
0 0.524702 0.517205 0.126275 0.767394
0 0.656237 0.544378 0.134822 0.825532
0 0.787131 0.531484 0.131773 0.847506
0 0.166201 0.483332 0.332402 0.780205
0 0.917896 0.568224 0.134499 0.822868
0 0.399996 0.507422 0.132091 0.687282
0 0.524702 0.517205 0.126275 0.767394
0 0.656237 0.544378 0.134822 0.825532
0 0.787131 0.531484 0.131773 0.847506
0 0.166201 0.483332 0.332402 0.780205
0 0.917896 0.568224 0.134499 0.822868
0 0.918518 0.577482 0.129948 0.802464
0 0.787733 0.569734 0.130246 0.783228
0 0.104662 0.508253 0.193422 0.735246
0 0.656329 0.561595 0.131779 0.798762
0 0.463457 0.548399 0.250685 0.760336
0 0.260916 0.473191 0.148978 0.770767
0 0.918518 0.577482 0.129948 0.802464
0 0.787733 0.569734 0.130246 0.783228
0 0.104662 0.508253 0.193422 0.735246
0 0.656329 0.561595 0.131779 0.798762
0 0.463457 0.548399 0.250685 0.760336
0 0.260916 0.473191 0.148978 0.770767
0 0.26528 0.465875 0.1369 0.772066
0 0.262334 0.448599 0.141227 0.806651
0 0.918518 0.577482 0.129948 0.802464
0 0.787733 0.569734 0.130246 0.783228
0 0.104662 0.508253 0.193422 0.735246
0 0.656329 0.561595 0.131779 0.798762
0 0.463457 0.548399 0.250685 0.760336
0 0.260916 0.473191 0.148978 0.770767
