0 0.718871 0.505713 0.357566 0.481683
0 0.176274 0.49274 0.278095 0.460467
0 0.427501 0.505446 0.311599 0.469136
0 0.718871 0.505713 0.357566 0.481683
0 0.176274 0.49274 0.278095 0.460467
0 0.427501 0.505446 0.311599 0.469136
0 0.718871 0.505713 0.357566 0.481683
0 0.176274 0.49274 0.278095 0.460467
0 0.427501 0.505446 0.311599 0.469136
0 0.43173 0.533343 0.279475 0.485853
0 0.178279 0.53316 0.277137 0.509705
0 0.71348 0.519389 0.3356 0.469229
0 0.358999 0.901634 0.211176 0.19341
0 0.615062 0.904633 0.239104 0.190734
0 0.43173 0.533343 0.279475 0.485853
0 0.178279 0.53316 0.277137 0.509705
0 0.71348 0.519389 0.3356 0.469229
0 0.358999 0.901634 0.211176 0.19341
0 0.615062 0.904633 0.239104 0.190734
0 0.613701 0.9061 0.235525 0.186852
0 0.356632 0.899425 0.199217 0.189584
0 0.43173 0.533343 0.279475 0.485853
0 0.178279 0.53316 0.277137 0.509705
0 0.71348 0.519389 0.3356 0.469229
0 0.358999 0.901634 0.211176 0.19341
0 0.615062 0.904633 0.239104 0.190734
0 0.43173 0.533343 0.279475 0.485853
0 0.178279 0.53316 0.277137 0.509705
0 0.71348 0.519389 0.3356 0.469229
0 0.358999 0.901634 0.211176 0.19341
0 0.615062 0.904633 0.239104 0.190734
