0 0.683865 0.574414 0.192263 0.733467
0 0.365878 0.519176 0.19829 0.927119
0 0.155825 0.498456 0.224148 0.877953
0 0.873902 0.548382 0.185901 0.70489
0 0.522064 0.579395 0.12246 0.788376
0 0.683865 0.574414 0.192263 0.733467
0 0.365878 0.519176 0.19829 0.927119
0 0.155825 0.498456 0.224148 0.877953
0 0.873902 0.548382 0.185901 0.70489
0 0.522064 0.579395 0.12246 0.788376
0 0.683865 0.574414 0.192263 0.733467
0 0.365878 0.519176 0.19829 0.927119
0 0.155825 0.498456 0.224148 0.877953
0 0.873902 0.548382 0.185901 0.70489
0 0.522064 0.579395 0.12246 0.788376
0 0.68353 0.571754 0.192345 0.72628
0 0.368041 0.537935 0.181078 0.865156
0 0.523702 0.584635 0.136991 0.783119
0 0.870969 0.524053 0.184509 0.755042
0 0.157398 0.50937 0.21692 0.865326
0 0.68353 0.571754 0.192345 0.72628
0 0.368041 0.537935 0.181078 0.865156
0 0.523702 0.584635 0.136991 0.783119
0 0.870969 0.524053 0.184509 0.755042
0 0.157398 0.50937 0.21692 0.865326
0 0.871481 0.525895 0.184245 0.745026
0 0.68353 0.571754 0.192345 0.72628
0 0.368041 0.537935 0.181078 0.865156
0 0.523702 0.584635 0.136991 0.783119
0 0.870969 0.524053 0.184509 0.755042
0 0.157398 0.50937 0.21692 0.865326
