0 0.686469 0.57828 0.147741 0.795832
0 0.360082 0.507388 0.116603 0.723329
0 0.264712 0.306546 0.102798 0.358008
0 0.362114 0.323593 0.10367 0.356779
0 0.567783 0.562803 0.119811 0.798213
0 0.463617 0.530533 0.118499 0.742916
0 0.463143 0.528353 0.120847 0.753573
0 0.117261 0.452718 0.200989 0.729031
0 0.917629 0.510262 0.16348 0.979476
0 0.686469 0.57828 0.147741 0.795832
0 0.360082 0.507388 0.116603 0.723329
0 0.264712 0.306546 0.102798 0.358008
0 0.362114 0.323593 0.10367 0.356779
0 0.567783 0.562803 0.119811 0.798213
0 0.463617 0.530533 0.118499 0.742916
0 0.463143 0.528353 0.120847 0.753573
0 0.117261 0.452718 0.200989 0.729031
0 0.917629 0.510262 0.16348 0.979476
0 0.686469 0.57828 0.147741 0.795832
0 0.360082 0.507388 0.116603 0.723329
0 0.264712 0.306546 0.102798 0.358008
0 0.362114 0.323593 0.10367 0.356779
0 0.567783 0.562803 0.119811 0.798213
0 0.463617 0.530533 0.118499 0.742916
0 0.463143 0.528353 0.120847 0.753573
0 0.117261 0.452718 0.200989 0.729031
0 0.917629 0.510262 0.16348 0.979476
0 0.568068 0.565214 0.110649 0.7634
0 0.684675 0.582823 0.122462 0.787199
0 0.0788029 0.415867 0.0939801 0.646692
0 0.927458 0.574054 0.143032 0.840876
0 0.169165 0.449617 0.093437 0.660694
0 0.263063 0.493669 0.109964 0.699348
0 0.463792 0.53226 0.108311 0.715985
0 0.568068 0.565214 0.110649 0.7634
0 0.684675 0.582823 0.122462 0.787199
0 0.0788029 0.415867 0.0939801 0.646692
0 0.927458 0.574054 0.143032 0.840876
0 0.169165 0.449617 0.093437 0.660694
0 0.263063 0.493669 0.109964 0.699348
0 0.463792 0.53226 0.108311 0.715985
0 0.171512 0.458781 0.099106 0.675531
0 0.568068 0.565214 0.110649 0.7634
0 0.684675 0.582823 0.122462 0.787199
0 0.0788029 0.415867 0.0939801 0.646692
0 0.927458 0.574054 0.143032 0.840876
0 0.169165 0.449617 0.093437 0.660694
0 0.263063 0.493669 0.109964 0.699348
0 0.463792 0.53226 0.108311 0.715985
0 0.568068 0.565214 0.110649 0.7634
0 0.684675 0.582823 0.122462 0.787199
0 0.0788029 0.415867 0.0939801 0.646692
0 0.927458 0.574054 0.143032 0.840876
0 0.169165 0.449617 0.093437 0.660694
0 0.263063 0.493669 0.109964 0.699348
0 0.463792 0.53226 0.108311 0.715985
