0 0.133709 0.538379 0.104341 0.767801
0 0.271025 0.500375 0.0819164 0.789969
0 0.603004 0.551978 0.133342 0.784058
0 0.492861 0.482085 0.0683927 0.736043
0 0.0491135 0.559499 0.0982269 0.811426
0 0.602742 0.533832 0.136698 0.7856
0 0.40174 0.498519 0.0619489 0.754108
0 0.20098 0.527414 0.0829442 0.77309
0 0.342704 0.493396 0.0660757 0.775491
0 0.342932 0.498889 0.0658601 0.778706
0 0.888143 0.50909 0.0678052 0.488387
0 0.867242 0.593734 0.0627977 0.703618
0 0.133709 0.538379 0.104341 0.767801
0 0.271025 0.500375 0.0819164 0.789969
0 0.603004 0.551978 0.133342 0.784058
0 0.492861 0.482085 0.0683927 0.736043
0 0.0491135 0.559499 0.0982269 0.811426
0 0.602742 0.533832 0.136698 0.7856
0 0.40174 0.498519 0.0619489 0.754108
0 0.20098 0.527414 0.0829442 0.77309
0 0.342704 0.493396 0.0660757 0.775491
0 0.342932 0.498889 0.0658601 0.778706
0 0.888143 0.50909 0.0678052 0.488387
0 0.867242 0.593734 0.0627977 0.703618
0 0.133709 0.538379 0.104341 0.767801
0 0.271025 0.500375 0.0819164 0.789969
0 0.603004 0.551978 0.133342 0.784058
0 0.492861 0.482085 0.0683927 0.736043
0 0.0491135 0.559499 0.0982269 0.811426
0 0.602742 0.533832 0.136698 0.7856
0 0.40174 0.498519 0.0619489 0.754108
0 0.20098 0.527414 0.0829442 0.77309
0 0.342704 0.493396 0.0660757 0.775491
0 0.342932 0.498889 0.0658601 0.778706
0 0.888143 0.50909 0.0678052 0.488387
0 0.867242 0.593734 0.0627977 0.703618
0 0.136984 0.54412 0.0980289 0.746867
0 0.776567 0.523761 0.0583862 0.525173
0 0.277691 0.507324 0.0843495 0.76653
0 0.497688 0.494815 0.0616317 0.71487
0 0.204308 0.532974 0.0779863 0.760522
0 0.0492693 0.546625 0.0978334 0.754233
0 0.609178 0.567524 0.121085 0.777276
0 0.703997 0.519481 0.0651122 0.56063
0 0.894455 0.531199 0.0540549 0.466409
0 0.444901 0.497461 0.0520178 0.741596
0 0.894585 0.543376 0.0507297 0.446205
0 0.987355 0.598648 0.0252898 0.647243
0 0.82699 0.51905 0.0472219 0.522177
0 0.859022 0.531695 0.033681 0.478636
0 0.952397 0.526295 0.051694 0.507754
0 0.342458 0.50475 0.0616731 0.760015
0 0.602856 0.570203 0.137186 0.768928
0 0.136984 0.54412 0.0980289 0.746867
0 0.776567 0.523761 0.0583862 0.525173
0 0.277691 0.507324 0.0843495 0.76653
0 0.497688 0.494815 0.0616317 0.71487
0 0.204308 0.532974 0.0779863 0.760522
0 0.0492693 0.546625 0.0978334 0.754233
0 0.609178 0.567524 0.121085 0.777276
0 0.703997 0.519481 0.0651122 0.56063
0 0.894455 0.531199 0.0540549 0.466409
0 0.444901 0.497461 0.0520178 0.741596
0 0.894585 0.543376 0.0507297 0.446205
0 0.987355 0.598648 0.0252898 0.647243
0 0.82699 0.51905 0.0472219 0.522177
0 0.859022 0.531695 0.033681 0.478636
0 0.952397 0.526295 0.051694 0.507754
0 0.342458 0.50475 0.0616731 0.760015
0 0.602856 0.570203 0.137186 0.768928
0 0.894657 0.541713 0.0497712 0.44445
0 0.824973 0.526026 0.0410246 0.508725
0 0.374053 0.498776 0.122266 0.751251
0 0.818747 0.521601 0.0415499 0.521837
0 0.988059 0.638969 0.0238814 0.716127
0 0.85816 0.521726 0.0382857 0.493609
0 0.820333 0.52576 0.0382258 0.50966
0 0.403092 0.502889 0.0582067 0.742534
0 0.350226 0.501634 0.073489 0.764247
0 0.136984 0.54412 0.0980289 0.746867
0 0.776567 0.523761 0.0583862 0.525173
0 0.277691 0.507324 0.0843495 0.76653
0 0.497688 0.494815 0.0616317 0.71487
0 0.204308 0.532974 0.0779863 0.760522
0 0.0492693 0.546625 0.0978334 0.754233
0 0.609178 0.567524 0.121085 0.777276
0 0.703997 0.519481 0.0651122 0.56063
0 0.894455 0.531199 0.0540549 0.466409
0 0.444901 0.497461 0.0520178 0.741596
0 0.894585 0.543376 0.0507297 0.446205
0 0.987355 0.598648 0.0252898 0.647243
0 0.82699 0.51905 0.0472219 0.522177
0 0.859022 0.531695 0.033681 0.478636
0 0.952397 0.526295 0.051694 0.507754
0 0.342458 0.50475 0.0616731 0.760015
0 0.602856 0.570203 0.137186 0.768928
0 0.136984 0.54412 0.0980289 0.746867
0 0.776567 0.523761 0.0583862 0.525173
0 0.277691 0.507324 0.0843495 0.76653
0 0.497688 0.494815 0.0616317 0.71487
0 0.204308 0.532974 0.0779863 0.760522
0 0.0492693 0.546625 0.0978334 0.754233
0 0.609178 0.567524 0.121085 0.777276
0 0.703997 0.519481 0.0651122 0.56063
0 0.894455 0.531199 0.0540549 0.466409
0 0.444901 0.497461 0.0520178 0.741596
0 0.894585 0.543376 0.0507297 0.446205
0 0.987355 0.598648 0.0252898 0.647243
0 0.82699 0.51905 0.0472219 0.522177
0 0.859022 0.531695 0.033681 0.478636
0 0.952397 0.526295 0.051694 0.507754
0 0.342458 0.50475 0.0616731 0.760015
0 0.602856 0.570203 0.137186 0.768928
