0 0.722083 0.273984 0.419053 0.486341
0 0.713437 0.719419 0.416568 0.475842
0 0.270317 0.72258 0.139685 0.39534
0 0.303161 0.605834 0.431379 0.678628
0 0.0462054 0.702245 0.0924108 0.50457
0 0.301167 0.604738 0.427585 0.68228
0 0.722083 0.273984 0.419053 0.486341
0 0.713437 0.719419 0.416568 0.475842
0 0.270317 0.72258 0.139685 0.39534
0 0.303161 0.605834 0.431379 0.678628
0 0.0462054 0.702245 0.0924108 0.50457
0 0.301167 0.604738 0.427585 0.68228
0 0.722083 0.273984 0.419053 0.486341
0 0.713437 0.719419 0.416568 0.475842
0 0.270317 0.72258 0.139685 0.39534
0 0.303161 0.605834 0.431379 0.678628
0 0.0462054 0.702245 0.0924108 0.50457
0 0.301167 0.604738 0.427585 0.68228
0 0.716975 0.711631 0.422232 0.49522
0 0.72302 0.250252 0.421561 0.500503
0 0.306531 0.671487 0.432041 0.559649
0 0.0479816 0.710705 0.0957501 0.554906
0 0.41916 0.679757 0.188122 0.527482
0 0.716975 0.711631 0.422232 0.49522
0 0.72302 0.250252 0.421561 0.500503
0 0.306531 0.671487 0.432041 0.559649
0 0.0479816 0.710705 0.0957501 0.554906
0 0.41916 0.679757 0.188122 0.527482
0 0.267121 0.701064 0.136376 0.422264
0 0.716975 0.711631 0.422232 0.49522
0 0.72302 0.250252 0.421561 0.500503
0 0.306531 0.671487 0.432041 0.559649
0 0.0479816 0.710705 0.0957501 0.554906
0 0.41916 0.679757 0.188122 0.527482
0 0.716975 0.711631 0.422232 0.49522
0 0.72302 0.250252 0.421561 0.500503
0 0.306531 0.671487 0.432041 0.559649
0 0.0479816 0.710705 0.0957501 0.554906
0 0.41916 0.679757 0.188122 0.527482
