0 0.813918 0.429866 0.0683545 0.671927
0 0.538425 0.573749 0.0591196 0.590771
0 0.745441 0.463368 0.0712285 0.684622
0 0.885942 0.406997 0.0704301 0.659098
0 0.295446 0.653532 0.0587957 0.594563
0 0.420382 0.611006 0.059728 0.585423
0 0.359342 0.619367 0.061695 0.590518
0 0.47923 0.590235 0.059962 0.587108
0 0.0754108 0.709817 0.0528027 0.580367
0 0.599804 0.551992 0.0620647 0.607483
0 0.239337 0.66728 0.0524444 0.576954
0 0.666647 0.519853 0.0655861 0.635574
0 0.0264088 0.71718 0.0522606 0.56564
0 0.128845 0.699307 0.0561785 0.601386
0 0.18435 0.683686 0.0544784 0.585067
0 0.959633 0.408971 0.0746422 0.721449
0 0.813918 0.429866 0.0683545 0.671927
0 0.538425 0.573749 0.0591196 0.590771
0 0.745441 0.463368 0.0712285 0.684622
0 0.885942 0.406997 0.0704301 0.659098
0 0.295446 0.653532 0.0587957 0.594563
0 0.420382 0.611006 0.059728 0.585423
0 0.359342 0.619367 0.061695 0.590518
0 0.47923 0.590235 0.059962 0.587108
0 0.0754108 0.709817 0.0528027 0.580367
0 0.599804 0.551992 0.0620647 0.607483
0 0.239337 0.66728 0.0524444 0.576954
0 0.666647 0.519853 0.0655861 0.635574
0 0.0264088 0.71718 0.0522606 0.56564
0 0.128845 0.699307 0.0561785 0.601386
0 0.18435 0.683686 0.0544784 0.585067
0 0.959633 0.408971 0.0746422 0.721449
0 0.813918 0.429866 0.0683545 0.671927
0 0.538425 0.573749 0.0591196 0.590771
0 0.745441 0.463368 0.0712285 0.684622
0 0.885942 0.406997 0.0704301 0.659098
0 0.295446 0.653532 0.0587957 0.594563
0 0.420382 0.611006 0.059728 0.585423
0 0.359342 0.619367 0.061695 0.590518
0 0.47923 0.590235 0.059962 0.587108
0 0.0754108 0.709817 0.0528027 0.580367
0 0.599804 0.551992 0.0620647 0.607483
0 0.239337 0.66728 0.0524444 0.576954
0 0.666647 0.519853 0.0655861 0.635574
0 0.0264088 0.71718 0.0522606 0.56564
0 0.128845 0.699307 0.0561785 0.601386
0 0.18435 0.683686 0.0544784 0.585067
0 0.959633 0.408971 0.0746422 0.721449
0 0.666431 0.5218 0.0712824 0.638824
0 0.183504 0.689498 0.0603286 0.617062
0 0.885052 0.401242 0.0752153 0.660927
0 0.599827 0.552913 0.0649889 0.615028
0 0.128849 0.698662 0.0593302 0.602677
0 0.23831 0.67354 0.0575073 0.606465
0 0.47902 0.587276 0.0623099 0.58906
0 0.0753773 0.706086 0.0566484 0.587828
0 0.359479 0.618582 0.0652337 0.593384
0 0.296776 0.650567 0.0644392 0.605993
0 0.812816 0.432102 0.0715512 0.68544
0 0.420092 0.607126 0.0623173 0.578487
0 0.0267299 0.712735 0.0531434 0.57453
0 0.538756 0.570085 0.0631032 0.592221
0 0.958989 0.484829 0.0786234 0.900978
0 0.743625 0.460296 0.0735103 0.681448
0 0.666431 0.5218 0.0712824 0.638824
0 0.183504 0.689498 0.0603286 0.617062
0 0.885052 0.401242 0.0752153 0.660927
0 0.599827 0.552913 0.0649889 0.615028
0 0.128849 0.698662 0.0593302 0.602677
0 0.23831 0.67354 0.0575073 0.606465
0 0.47902 0.587276 0.0623099 0.58906
0 0.0753773 0.706086 0.0566484 0.587828
0 0.359479 0.618582 0.0652337 0.593384
0 0.296776 0.650567 0.0644392 0.605993
0 0.812816 0.432102 0.0715512 0.68544
0 0.420092 0.607126 0.0623173 0.578487
0 0.0267299 0.712735 0.0531434 0.57453
0 0.538756 0.570085 0.0631032 0.592221
0 0.958989 0.484829 0.0786234 0.900978
0 0.743625 0.460296 0.0735103 0.681448
0 0.666431 0.5218 0.0712824 0.638824
0 0.183504 0.689498 0.0603286 0.617062
0 0.885052 0.401242 0.0752153 0.660927
0 0.599827 0.552913 0.0649889 0.615028
0 0.128849 0.698662 0.0593302 0.602677
0 0.23831 0.67354 0.0575073 0.606465
0 0.47902 0.587276 0.0623099 0.58906
0 0.0753773 0.706086 0.0566484 0.587828
0 0.359479 0.618582 0.0652337 0.593384
0 0.296776 0.650567 0.0644392 0.605993
0 0.812816 0.432102 0.0715512 0.68544
0 0.420092 0.607126 0.0623173 0.578487
0 0.0267299 0.712735 0.0531434 0.57453
0 0.538756 0.570085 0.0631032 0.592221
0 0.958989 0.484829 0.0786234 0.900978
0 0.743625 0.460296 0.0735103 0.681448
