0 0.320807 0.553451 0.183427 0.379223
0 0.481158 0.601301 0.183366 0.405934
0 0.228283 0.236093 0.164884 0.238365
0 0.0873778 0.201119 0.143657 0.225669
0 0.895971 0.747472 0.204843 0.429599
0 0.178936 0.4985 0.168514 0.349145
0 0.57677 0.209394 0.157654 0.244584
0 0.438575 0.144179 0.139455 0.1827
0 0.0556786 0.406637 0.111357 0.250616
0 0.906107 0.48939 0.178623 0.160813
0 0.320807 0.553451 0.183427 0.379223
0 0.481158 0.601301 0.183366 0.405934
0 0.228283 0.236093 0.164884 0.238365
0 0.0873778 0.201119 0.143657 0.225669
0 0.895971 0.747472 0.204843 0.429599
0 0.178936 0.4985 0.168514 0.349145
0 0.57677 0.209394 0.157654 0.244584
0 0.438575 0.144179 0.139455 0.1827
0 0.0556786 0.406637 0.111357 0.250616
0 0.906107 0.48939 0.178623 0.160813
0 0.320807 0.553451 0.183427 0.379223
0 0.481158 0.601301 0.183366 0.405934
0 0.228283 0.236093 0.164884 0.238365
0 0.0873778 0.201119 0.143657 0.225669
0 0.895971 0.747472 0.204843 0.429599
0 0.178936 0.4985 0.168514 0.349145
0 0.57677 0.209394 0.157654 0.244584
0 0.438575 0.144179 0.139455 0.1827
0 0.0556786 0.406637 0.111357 0.250616
0 0.906107 0.48939 0.178623 0.160813
0 0.0566819 0.470753 0.113364 0.312594
0 0.480291 0.617938 0.163255 0.357682
0 0.170832 0.512567 0.144596 0.311877
0 0.623432 0.628751 0.126861 0.410681
0 0.746146 0.645284 0.147023 0.486566
0 0.320422 0.564996 0.175544 0.342808
0 0.898453 0.743542 0.202042 0.426738
0 0.899671 0.743705 0.200658 0.424156
0 0.573935 0.208399 0.152293 0.23552
0 0.420812 0.259314 0.144443 0.0967226
0 0.319758 0.564492 0.177835 0.349733
0 0.0566819 0.470753 0.113364 0.312594
0 0.480291 0.617938 0.163255 0.357682
0 0.170832 0.512567 0.144596 0.311877
0 0.623432 0.628751 0.126861 0.410681
0 0.746146 0.645284 0.147023 0.486566
0 0.320422 0.564996 0.175544 0.342808
0 0.898453 0.743542 0.202042 0.426738
0 0.899671 0.743705 0.200658 0.424156
0 0.573935 0.208399 0.152293 0.23552
0 0.420812 0.259314 0.144443 0.0967226
0 0.319758 0.564492 0.177835 0.349733
0 0.977304 0.127191 0.0453925 0.254382
0 0.224863 0.237145 0.152895 0.216866
0 0.908741 0.492775 0.176972 0.157745
0 0.908395 0.493406 0.174775 0.157945
0 0.0566819 0.470753 0.113364 0.312594
0 0.480291 0.617938 0.163255 0.357682
0 0.170832 0.512567 0.144596 0.311877
0 0.623432 0.628751 0.126861 0.410681
0 0.746146 0.645284 0.147023 0.486566
0 0.320422 0.564996 0.175544 0.342808
0 0.898453 0.743542 0.202042 0.426738
0 0.899671 0.743705 0.200658 0.424156
0 0.573935 0.208399 0.152293 0.23552
0 0.420812 0.259314 0.144443 0.0967226
0 0.319758 0.564492 0.177835 0.349733
