0 0.179976 0.481786 0.353516 0.851045
0 0.392867 0.393868 0.470292 0.763813
0 0.179976 0.481786 0.353516 0.851045
0 0.392867 0.393868 0.470292 0.763813
0 0.179976 0.481786 0.353516 0.851045
0 0.392867 0.393868 0.470292 0.763813
0 0.360419 0.391502 0.40518 0.783004
0 0.173818 0.477993 0.337478 0.859504
0 0.0579186 0.482305 0.115837 0.853427
0 0.360419 0.391502 0.40518 0.783004
0 0.173818 0.477993 0.337478 0.859504
0 0.0579186 0.482305 0.115837 0.853427
0 0.535079 0.287119 0.254104 0.518664
0 0.0471956 0.749227 0.0943261 0.253185
0 0.391587 0.379187 0.450666 0.758374
0 0.852503 0.831211 0.293482 0.324758
0 0.430025 0.352877 0.544038 0.705754
0 0.360419 0.391502 0.40518 0.783004
0 0.173818 0.477993 0.337478 0.859504
0 0.0579186 0.482305 0.115837 0.853427
0 0.360419 0.391502 0.40518 0.783004
0 0.173818 0.477993 0.337478 0.859504
0 0.0579186 0.482305 0.115837 0.853427
