0 0.211937 0.481844 0.123334 0.770479
0 0.321107 0.506349 0.126413 0.841133
0 0.0914612 0.47381 0.14737 0.783508
0 0.704936 0.646652 0.181516 0.623361
0 0.453537 0.532575 0.140156 0.857896
0 0.566803 0.539559 0.116179 0.841946
0 0.883718 0.6041 0.189481 0.60728
0 0.565047 0.53345 0.119816 0.854075
0 0.211937 0.481844 0.123334 0.770479
0 0.321107 0.506349 0.126413 0.841133
0 0.0914612 0.47381 0.14737 0.783508
0 0.704936 0.646652 0.181516 0.623361
0 0.453537 0.532575 0.140156 0.857896
0 0.566803 0.539559 0.116179 0.841946
0 0.883718 0.6041 0.189481 0.60728
0 0.565047 0.53345 0.119816 0.854075
0 0.211937 0.481844 0.123334 0.770479
0 0.321107 0.506349 0.126413 0.841133
0 0.0914612 0.47381 0.14737 0.783508
0 0.704936 0.646652 0.181516 0.623361
0 0.453537 0.532575 0.140156 0.857896
0 0.566803 0.539559 0.116179 0.841946
0 0.883718 0.6041 0.189481 0.60728
0 0.565047 0.53345 0.119816 0.854075
0 0.706978 0.549542 0.178043 0.834636
0 0.210278 0.490268 0.116793 0.781293
0 0.451481 0.538552 0.128089 0.851056
0 0.564787 0.539887 0.116116 0.838207
0 0.322635 0.526614 0.125123 0.849594
0 0.880684 0.546058 0.177016 0.793223
0 0.0939704 0.47789 0.13347 0.789368
0 0.706978 0.549542 0.178043 0.834636
0 0.210278 0.490268 0.116793 0.781293
0 0.451481 0.538552 0.128089 0.851056
0 0.564787 0.539887 0.116116 0.838207
0 0.322635 0.526614 0.125123 0.849594
0 0.880684 0.546058 0.177016 0.793223
0 0.0939704 0.47789 0.13347 0.789368
0 0.706978 0.549542 0.178043 0.834636
0 0.210278 0.490268 0.116793 0.781293
0 0.451481 0.538552 0.128089 0.851056
0 0.564787 0.539887 0.116116 0.838207
0 0.322635 0.526614 0.125123 0.849594
0 0.880684 0.546058 0.177016 0.793223
0 0.0939704 0.47789 0.13347 0.789368
