0 0.933244 0.714662 0.132915 0.457397
0 0.615979 0.762389 0.158147 0.33796
0 0.203384 0.697651 0.0949484 0.428183
0 0.933244 0.714662 0.132915 0.457397
0 0.615979 0.762389 0.158147 0.33796
0 0.203384 0.697651 0.0949484 0.428183
0 0.933244 0.714662 0.132915 0.457397
0 0.615979 0.762389 0.158147 0.33796
0 0.203384 0.697651 0.0949484 0.428183
0 0.615386 0.776179 0.152411 0.27906
0 0.429556 0.777992 0.151016 0.276029
0 0.816564 0.185153 0.366872 0.370306
0 0.518533 0.184053 0.191019 0.368107
0 0.827811 0.834042 0.235655 0.233571
0 0.937075 0.720124 0.125851 0.449832
0 0.238867 0.697303 0.165046 0.425088
0 0.93818 0.727167 0.120784 0.443286
0 0.211731 0.154327 0.126175 0.308654
0 0.615386 0.776179 0.152411 0.27906
0 0.429556 0.777992 0.151016 0.276029
0 0.816564 0.185153 0.366872 0.370306
0 0.518533 0.184053 0.191019 0.368107
0 0.827811 0.834042 0.235655 0.233571
0 0.937075 0.720124 0.125851 0.449832
0 0.238867 0.697303 0.165046 0.425088
0 0.93818 0.727167 0.120784 0.443286
0 0.211731 0.154327 0.126175 0.308654
0 0.522714 0.181977 0.19082 0.363955
0 0.114973 0.196642 0.0823338 0.371771
0 0.615386 0.776179 0.152411 0.27906
0 0.429556 0.777992 0.151016 0.276029
0 0.816564 0.185153 0.366872 0.370306
0 0.518533 0.184053 0.191019 0.368107
0 0.827811 0.834042 0.235655 0.233571
0 0.937075 0.720124 0.125851 0.449832
0 0.238867 0.697303 0.165046 0.425088
0 0.93818 0.727167 0.120784 0.443286
0 0.211731 0.154327 0.126175 0.308654
