0 0.36846 0.559768 0.235615 0.784795
0 0.141143 0.549189 0.252193 0.808193
0 0.765218 0.579737 0.221131 0.729369
0 0.570672 0.572904 0.219556 0.760419
0 0.916893 0.584653 0.159019 0.738602
0 0.98214 0.616086 0.0357202 0.673749
0 0.36846 0.559768 0.235615 0.784795
0 0.141143 0.549189 0.252193 0.808193
0 0.765218 0.579737 0.221131 0.729369
0 0.570672 0.572904 0.219556 0.760419
0 0.916893 0.584653 0.159019 0.738602
0 0.98214 0.616086 0.0357202 0.673749
0 0.36846 0.559768 0.235615 0.784795
0 0.141143 0.549189 0.252193 0.808193
0 0.765218 0.579737 0.221131 0.729369
0 0.570672 0.572904 0.219556 0.760419
0 0.916893 0.584653 0.159019 0.738602
0 0.98214 0.616086 0.0357202 0.673749
0 0.146365 0.545207 0.241894 0.818308
0 0.573945 0.576687 0.206035 0.769092
0 0.372687 0.562389 0.227415 0.79705
0 0.764388 0.582938 0.202864 0.737249
0 0.913568 0.588953 0.147052 0.714602
0 0.985489 0.595008 0.0289837 0.715522
0 0.146365 0.545207 0.241894 0.818308
0 0.573945 0.576687 0.206035 0.769092
0 0.372687 0.562389 0.227415 0.79705
0 0.764388 0.582938 0.202864 0.737249
0 0.913568 0.588953 0.147052 0.714602
0 0.985489 0.595008 0.0289837 0.715522
0 0.146365 0.545207 0.241894 0.818308
0 0.573945 0.576687 0.206035 0.769092
0 0.372687 0.562389 0.227415 0.79705
0 0.764388 0.582938 0.202864 0.737249
0 0.913568 0.588953 0.147052 0.714602
0 0.985489 0.595008 0.0289837 0.715522
0 0.146365 0.545207 0.241894 0.818308
0 0.573945 0.576687 0.206035 0.769092
0 0.372687 0.562389 0.227415 0.79705
0 0.764388 0.582938 0.202864 0.737249
0 0.913568 0.588953 0.147052 0.714602
0 0.985489 0.595008 0.0289837 0.715522
