0 0.679768 0.774887 0.208974 0.376277
0 0.465467 0.802854 0.197928 0.373027
0 0.882546 0.667073 0.224076 0.540076
0 0.118009 0.79882 0.150672 0.38402
0 0.679768 0.774887 0.208974 0.376277
0 0.465467 0.802854 0.197928 0.373027
0 0.882546 0.667073 0.224076 0.540076
0 0.118009 0.79882 0.150672 0.38402
0 0.679768 0.774887 0.208974 0.376277
0 0.465467 0.802854 0.197928 0.373027
0 0.882546 0.667073 0.224076 0.540076
0 0.118009 0.79882 0.150672 0.38402
0 0.449936 0.588949 0.210198 0.802112
0 0.274531 0.612168 0.162392 0.743709
0 0.110144 0.657472 0.161349 0.685056
0 0.888162 0.664903 0.219374 0.560297
0 0.0189123 0.632522 0.0378247 0.523722
0 0.67169 0.768035 0.209 0.382164
0 0.449936 0.588949 0.210198 0.802112
0 0.274531 0.612168 0.162392 0.743709
0 0.110144 0.657472 0.161349 0.685056
0 0.888162 0.664903 0.219374 0.560297
0 0.0189123 0.632522 0.0378247 0.523722
0 0.67169 0.768035 0.209 0.382164
0 0.770706 0.48362 0.44532 0.967239
0 0.449936 0.588949 0.210198 0.802112
0 0.274531 0.612168 0.162392 0.743709
0 0.110144 0.657472 0.161349 0.685056
0 0.888162 0.664903 0.219374 0.560297
0 0.0189123 0.632522 0.0378247 0.523722
0 0.67169 0.768035 0.209 0.382164
0 0.449936 0.588949 0.210198 0.802112
0 0.274531 0.612168 0.162392 0.743709
0 0.110144 0.657472 0.161349 0.685056
0 0.888162 0.664903 0.219374 0.560297
0 0.0189123 0.632522 0.0378247 0.523722
0 0.67169 0.768035 0.209 0.382164
