0 0.680698 0.64258 0.180268 0.704901
0 0.126388 0.598088 0.223703 0.675363
0 0.324436 0.610104 0.190497 0.687156
0 0.859461 0.641317 0.196162 0.713058
0 0.503745 0.62625 0.176467 0.721739
0 0.680698 0.64258 0.180268 0.704901
0 0.126388 0.598088 0.223703 0.675363
0 0.324436 0.610104 0.190497 0.687156
0 0.859461 0.641317 0.196162 0.713058
0 0.503745 0.62625 0.176467 0.721739
0 0.680698 0.64258 0.180268 0.704901
0 0.126388 0.598088 0.223703 0.675363
0 0.324436 0.610104 0.190497 0.687156
0 0.859461 0.641317 0.196162 0.713058
0 0.503745 0.62625 0.176467 0.721739
0 0.867153 0.726225 0.176938 0.53739
0 0.507023 0.684771 0.170464 0.590098
0 0.683881 0.715943 0.17129 0.563805
0 0.135295 0.6043 0.19154 0.649903
0 0.331307 0.672934 0.170479 0.574646
0 0.867153 0.726225 0.176938 0.53739
0 0.507023 0.684771 0.170464 0.590098
0 0.683881 0.715943 0.17129 0.563805
0 0.135295 0.6043 0.19154 0.649903
0 0.331307 0.672934 0.170479 0.574646
0 0.330787 0.659043 0.168888 0.604513
0 0.867153 0.726225 0.176938 0.53739
0 0.507023 0.684771 0.170464 0.590098
0 0.683881 0.715943 0.17129 0.563805
0 0.135295 0.6043 0.19154 0.649903
0 0.331307 0.672934 0.170479 0.574646
