0 0.810164 0.718041 0.189362 0.559877
0 0.955235 0.657825 0.089349 0.673702
0 0.122049 0.937029 0.101146 0.125942
0 0.595963 0.706784 0.188999 0.578448
0 0.596036 0.710929 0.186157 0.567318
0 0.810164 0.718041 0.189362 0.559877
0 0.955235 0.657825 0.089349 0.673702
0 0.122049 0.937029 0.101146 0.125942
0 0.595963 0.706784 0.188999 0.578448
0 0.596036 0.710929 0.186157 0.567318
0 0.810164 0.718041 0.189362 0.559877
0 0.955235 0.657825 0.089349 0.673702
0 0.122049 0.937029 0.101146 0.125942
0 0.595963 0.706784 0.188999 0.578448
0 0.596036 0.710929 0.186157 0.567318
0 0.809804 0.717661 0.185597 0.559588
0 0.59692 0.72377 0.182098 0.537493
0 0.957695 0.658231 0.08461 0.665181
0 0.601957 0.640017 0.191571 0.694051
0 0.809804 0.717661 0.185597 0.559588
0 0.59692 0.72377 0.182098 0.537493
0 0.957695 0.658231 0.08461 0.665181
0 0.601957 0.640017 0.191571 0.694051
0 0.961164 0.6579 0.0776727 0.656729
0 0.809804 0.717661 0.185597 0.559588
0 0.59692 0.72377 0.182098 0.537493
0 0.957695 0.658231 0.08461 0.665181
0 0.601957 0.640017 0.191571 0.694051
0 0.809804 0.717661 0.185597 0.559588
0 0.59692 0.72377 0.182098 0.537493
0 0.957695 0.658231 0.08461 0.665181
0 0.601957 0.640017 0.191571 0.694051
