0 0.34146 0.478728 0.248917 0.957455
0 0.122407 0.446217 0.216097 0.878336
0 0.625345 0.48792 0.274159 0.946081
0 0.765688 0.728086 0.238395 0.543828
0 0.34146 0.478728 0.248917 0.957455
0 0.122407 0.446217 0.216097 0.878336
0 0.625345 0.48792 0.274159 0.946081
0 0.765688 0.728086 0.238395 0.543828
0 0.34146 0.478728 0.248917 0.957455
0 0.122407 0.446217 0.216097 0.878336
0 0.625345 0.48792 0.274159 0.946081
0 0.765688 0.728086 0.238395 0.543828
0 0.625532 0.504266 0.253571 0.965144
0 0.330279 0.473405 0.218033 0.946811
0 0.120021 0.453539 0.2103 0.899543
0 0.873603 0.425621 0.249898 0.309784
0 0.625532 0.504266 0.253571 0.965144
0 0.330279 0.473405 0.218033 0.946811
0 0.120021 0.453539 0.2103 0.899543
0 0.873603 0.425621 0.249898 0.309784
0 0.772772 0.742776 0.204021 0.514448
0 0.625532 0.504266 0.253571 0.965144
0 0.330279 0.473405 0.218033 0.946811
0 0.120021 0.453539 0.2103 0.899543
0 0.873603 0.425621 0.249898 0.309784
0 0.625532 0.504266 0.253571 0.965144
0 0.330279 0.473405 0.218033 0.946811
0 0.120021 0.453539 0.2103 0.899543
0 0.873603 0.425621 0.249898 0.309784
