0 0.855016 0.667199 0.123011 0.665434
0 0.256354 0.50114 0.218513 0.821095
0 0.469802 0.504494 0.201534 0.828323
0 0.0823894 0.539308 0.164779 0.767674
0 0.94312 0.689331 0.10726 0.621339
0 0.754149 0.637464 0.104974 0.675027
0 0.420427 0.58013 0.103621 0.645417
0 0.855016 0.667199 0.123011 0.665434
0 0.256354 0.50114 0.218513 0.821095
0 0.469802 0.504494 0.201534 0.828323
0 0.0823894 0.539308 0.164779 0.767674
0 0.94312 0.689331 0.10726 0.621339
0 0.754149 0.637464 0.104974 0.675027
0 0.420427 0.58013 0.103621 0.645417
0 0.855016 0.667199 0.123011 0.665434
0 0.256354 0.50114 0.218513 0.821095
0 0.469802 0.504494 0.201534 0.828323
0 0.0823894 0.539308 0.164779 0.767674
0 0.94312 0.689331 0.10726 0.621339
0 0.754149 0.637464 0.104974 0.675027
0 0.420427 0.58013 0.103621 0.645417
0 0.258621 0.548987 0.217129 0.744032
0 0.0811315 0.550486 0.160506 0.758241
0 0.858302 0.67234 0.112579 0.646221
0 0.944663 0.689212 0.107601 0.621402
0 0.518235 0.591868 0.102572 0.647553
0 0.419766 0.58756 0.10237 0.626781
0 0.701859 0.627758 0.209041 0.741012
0 0.258621 0.548987 0.217129 0.744032
0 0.0811315 0.550486 0.160506 0.758241
0 0.858302 0.67234 0.112579 0.646221
0 0.944663 0.689212 0.107601 0.621402
0 0.518235 0.591868 0.102572 0.647553
0 0.419766 0.58756 0.10237 0.626781
0 0.701859 0.627758 0.209041 0.741012
0 0.258621 0.548987 0.217129 0.744032
0 0.0811315 0.550486 0.160506 0.758241
0 0.858302 0.67234 0.112579 0.646221
0 0.944663 0.689212 0.107601 0.621402
0 0.518235 0.591868 0.102572 0.647553
0 0.419766 0.58756 0.10237 0.626781
0 0.701859 0.627758 0.209041 0.741012
0 0.258621 0.548987 0.217129 0.744032
0 0.0811315 0.550486 0.160506 0.758241
0 0.858302 0.67234 0.112579 0.646221
0 0.944663 0.689212 0.107601 0.621402
0 0.518235 0.591868 0.102572 0.647553
0 0.419766 0.58756 0.10237 0.626781
0 0.701859 0.627758 0.209041 0.741012
