0 0.121214 0.459193 0.191721 0.799322
0 0.929037 0.668674 0.129446 0.661115
0 0.491667 0.549403 0.174616 0.737879
0 0.66258 0.588932 0.169652 0.718385
0 0.312238 0.498894 0.184838 0.75385
0 0.811731 0.638281 0.157136 0.694543
0 0.121214 0.459193 0.191721 0.799322
0 0.929037 0.668674 0.129446 0.661115
0 0.491667 0.549403 0.174616 0.737879
0 0.66258 0.588932 0.169652 0.718385
0 0.312238 0.498894 0.184838 0.75385
0 0.811731 0.638281 0.157136 0.694543
0 0.121214 0.459193 0.191721 0.799322
0 0.929037 0.668674 0.129446 0.661115
0 0.491667 0.549403 0.174616 0.737879
0 0.66258 0.588932 0.169652 0.718385
0 0.312238 0.498894 0.184838 0.75385
0 0.811731 0.638281 0.157136 0.694543
0 0.315463 0.49846 0.18072 0.757443
0 0.659168 0.590663 0.179219 0.71408
0 0.123892 0.459028 0.188851 0.781713
0 0.929643 0.671133 0.131796 0.657733
0 0.81226 0.631489 0.155534 0.70447
0 0.487697 0.551121 0.175148 0.730434
0 0.315463 0.49846 0.18072 0.757443
0 0.659168 0.590663 0.179219 0.71408
0 0.123892 0.459028 0.188851 0.781713
0 0.929643 0.671133 0.131796 0.657733
0 0.81226 0.631489 0.155534 0.70447
0 0.487697 0.551121 0.175148 0.730434
0 0.990312 0.671642 0.0193768 0.656717
0 0.315463 0.49846 0.18072 0.757443
0 0.659168 0.590663 0.179219 0.71408
0 0.123892 0.459028 0.188851 0.781713
0 0.929643 0.671133 0.131796 0.657733
0 0.81226 0.631489 0.155534 0.70447
0 0.487697 0.551121 0.175148 0.730434
0 0.315463 0.49846 0.18072 0.757443
0 0.659168 0.590663 0.179219 0.71408
0 0.123892 0.459028 0.188851 0.781713
0 0.929643 0.671133 0.131796 0.657733
0 0.81226 0.631489 0.155534 0.70447
0 0.487697 0.551121 0.175148 0.730434
