0 0.686873 0.604124 0.0496387 0.515021
0 0.526122 0.626286 0.0530453 0.509595
0 0.793023 0.593501 0.0531672 0.507329
0 0.739427 0.599284 0.049819 0.505211
0 0.847398 0.592 0.0524357 0.503391
0 0.472412 0.631769 0.0536421 0.510915
0 0.90146 0.588106 0.0529821 0.509948
0 0.0861029 0.695079 0.0611838 0.503769
0 0.196206 0.667101 0.0575484 0.506176
0 0.142038 0.678654 0.0551524 0.492519
0 0.633935 0.601633 0.051699 0.537903
0 0.580284 0.609271 0.0539127 0.530165
0 0.417007 0.645141 0.0571065 0.51988
0 0.95347 0.573453 0.0527361 0.51603
0 0.251586 0.651707 0.0540186 0.493949
0 0.988924 0.5715 0.0221523 0.513519
0 0.0296313 0.69418 0.0579457 0.516052
0 0.305859 0.655255 0.0564285 0.499103
0 0.686873 0.604124 0.0496387 0.515021
0 0.526122 0.626286 0.0530453 0.509595
0 0.793023 0.593501 0.0531672 0.507329
0 0.739427 0.599284 0.049819 0.505211
0 0.847398 0.592 0.0524357 0.503391
0 0.472412 0.631769 0.0536421 0.510915
0 0.90146 0.588106 0.0529821 0.509948
0 0.0861029 0.695079 0.0611838 0.503769
0 0.196206 0.667101 0.0575484 0.506176
0 0.142038 0.678654 0.0551524 0.492519
0 0.633935 0.601633 0.051699 0.537903
0 0.580284 0.609271 0.0539127 0.530165
0 0.417007 0.645141 0.0571065 0.51988
0 0.95347 0.573453 0.0527361 0.51603
0 0.251586 0.651707 0.0540186 0.493949
0 0.988924 0.5715 0.0221523 0.513519
0 0.0296313 0.69418 0.0579457 0.516052
0 0.305859 0.655255 0.0564285 0.499103
0 0.686873 0.604124 0.0496387 0.515021
0 0.526122 0.626286 0.0530453 0.509595
0 0.793023 0.593501 0.0531672 0.507329
0 0.739427 0.599284 0.049819 0.505211
0 0.847398 0.592 0.0524357 0.503391
0 0.472412 0.631769 0.0536421 0.510915
0 0.90146 0.588106 0.0529821 0.509948
0 0.0861029 0.695079 0.0611838 0.503769
0 0.196206 0.667101 0.0575484 0.506176
0 0.142038 0.678654 0.0551524 0.492519
0 0.633935 0.601633 0.051699 0.537903
0 0.580284 0.609271 0.0539127 0.530165
0 0.417007 0.645141 0.0571065 0.51988
0 0.95347 0.573453 0.0527361 0.51603
0 0.251586 0.651707 0.0540186 0.493949
0 0.988924 0.5715 0.0221523 0.513519
0 0.0296313 0.69418 0.0579457 0.516052
0 0.305859 0.655255 0.0564285 0.499103
0 0.360708 0.66249 0.0571993 0.513126
0 0.306053 0.666347 0.0573945 0.508874
0 0.633512 0.606532 0.0539 0.526901
0 0.252545 0.669315 0.0545201 0.49991
0 0.526312 0.622918 0.0541189 0.512618
0 0.472377 0.631257 0.0543641 0.505004
0 0.686436 0.600505 0.053895 0.518748
0 0.0864697 0.693914 0.0622029 0.510103
0 0.847592 0.589318 0.0541413 0.50508
0 0.580341 0.61686 0.055082 0.5186
0 0.901333 0.586374 0.0535419 0.515946
0 0.739277 0.59756 0.0537365 0.510629
0 0.416396 0.643983 0.0577779 0.505143
0 0.793138 0.592408 0.0549992 0.507954
0 0.953094 0.575087 0.0526904 0.510904
0 0.0304122 0.700847 0.0578918 0.500483
0 0.989056 0.590881 0.0215831 0.49576
0 0.197705 0.694802 0.0559809 0.522019
0 0.360708 0.66249 0.0571993 0.513126
0 0.306053 0.666347 0.0573945 0.508874
0 0.633512 0.606532 0.0539 0.526901
0 0.252545 0.669315 0.0545201 0.49991
0 0.526312 0.622918 0.0541189 0.512618
0 0.472377 0.631257 0.0543641 0.505004
0 0.686436 0.600505 0.053895 0.518748
0 0.0864697 0.693914 0.0622029 0.510103
0 0.847592 0.589318 0.0541413 0.50508
0 0.580341 0.61686 0.055082 0.5186
0 0.901333 0.586374 0.0535419 0.515946
0 0.739277 0.59756 0.0537365 0.510629
0 0.416396 0.643983 0.0577779 0.505143
0 0.793138 0.592408 0.0549992 0.507954
0 0.953094 0.575087 0.0526904 0.510904
0 0.0304122 0.700847 0.0578918 0.500483
0 0.989056 0.590881 0.0215831 0.49576
0 0.197705 0.694802 0.0559809 0.522019
0 0.197528 0.697111 0.0567248 0.526839
0 0.14304 0.696944 0.0558911 0.523215
0 0.360708 0.66249 0.0571993 0.513126
0 0.306053 0.666347 0.0573945 0.508874
0 0.633512 0.606532 0.0539 0.526901
0 0.252545 0.669315 0.0545201 0.49991
0 0.526312 0.622918 0.0541189 0.512618
0 0.472377 0.631257 0.0543641 0.505004
0 0.686436 0.600505 0.053895 0.518748
0 0.0864697 0.693914 0.0622029 0.510103
0 0.847592 0.589318 0.0541413 0.50508
0 0.580341 0.61686 0.055082 0.5186
0 0.901333 0.586374 0.0535419 0.515946
0 0.739277 0.59756 0.0537365 0.510629
0 0.416396 0.643983 0.0577779 0.505143
0 0.793138 0.592408 0.0549992 0.507954
0 0.953094 0.575087 0.0526904 0.510904
0 0.0304122 0.700847 0.0578918 0.500483
0 0.989056 0.590881 0.0215831 0.49576
0 0.197705 0.694802 0.0559809 0.522019
0 0.360708 0.66249 0.0571993 0.513126
0 0.306053 0.666347 0.0573945 0.508874
0 0.633512 0.606532 0.0539 0.526901
0 0.252545 0.669315 0.0545201 0.49991
0 0.526312 0.622918 0.0541189 0.512618
0 0.472377 0.631257 0.0543641 0.505004
0 0.686436 0.600505 0.053895 0.518748
0 0.0864697 0.693914 0.0622029 0.510103
0 0.847592 0.589318 0.0541413 0.50508
0 0.580341 0.61686 0.055082 0.5186
0 0.901333 0.586374 0.0535419 0.515946
0 0.739277 0.59756 0.0537365 0.510629
0 0.416396 0.643983 0.0577779 0.505143
0 0.793138 0.592408 0.0549992 0.507954
0 0.953094 0.575087 0.0526904 0.510904
0 0.0304122 0.700847 0.0578918 0.500483
0 0.989056 0.590881 0.0215831 0.49576
0 0.197705 0.694802 0.0559809 0.522019
