0 0.917924 0.592202 0.066336 0.778038
0 0.0942005 0.52494 0.075151 0.722335
0 0.159089 0.540669 0.0519707 0.756886
0 0.217292 0.511414 0.0729299 0.766438
0 0.974041 0.570456 0.0519187 0.819462
0 0.339098 0.483702 0.136391 0.84857
0 0.0323292 0.550313 0.0547258 0.770092
0 0.863641 0.538486 0.0440049 0.732804
0 0.475867 0.459916 0.141085 0.870718
0 0.0338899 0.538334 0.0545414 0.767662
0 0.917924 0.592202 0.066336 0.778038
0 0.0942005 0.52494 0.075151 0.722335
0 0.159089 0.540669 0.0519707 0.756886
0 0.217292 0.511414 0.0729299 0.766438
0 0.974041 0.570456 0.0519187 0.819462
0 0.339098 0.483702 0.136391 0.84857
0 0.0323292 0.550313 0.0547258 0.770092
0 0.863641 0.538486 0.0440049 0.732804
0 0.475867 0.459916 0.141085 0.870718
0 0.0338899 0.538334 0.0545414 0.767662
0 0.917924 0.592202 0.066336 0.778038
0 0.0942005 0.52494 0.075151 0.722335
0 0.159089 0.540669 0.0519707 0.756886
0 0.217292 0.511414 0.0729299 0.766438
0 0.974041 0.570456 0.0519187 0.819462
0 0.339098 0.483702 0.136391 0.84857
0 0.0323292 0.550313 0.0547258 0.770092
0 0.863641 0.538486 0.0440049 0.732804
0 0.475867 0.459916 0.141085 0.870718
0 0.0338899 0.538334 0.0545414 0.767662
0 0.916384 0.586551 0.0678651 0.785755
0 0.631364 0.750581 0.117009 0.441944
0 0.973495 0.539091 0.0530108 0.880699
0 0.474968 0.70818 0.12937 0.416465
0 0.763958 0.745991 0.137056 0.431256
0 0.340176 0.722425 0.126037 0.38232
0 0.0908253 0.514628 0.0721515 0.76004
0 0.477204 0.47068 0.141797 0.94136
0 0.86537 0.551347 0.0447456 0.799071
0 0.339577 0.478759 0.138028 0.871218
0 0.196157 0.74588 0.109472 0.338589
0 0.33894 0.456424 0.135326 0.827183
0 0.916384 0.586551 0.0678651 0.785755
0 0.631364 0.750581 0.117009 0.441944
0 0.973495 0.539091 0.0530108 0.880699
0 0.474968 0.70818 0.12937 0.416465
0 0.763958 0.745991 0.137056 0.431256
0 0.340176 0.722425 0.126037 0.38232
0 0.0908253 0.514628 0.0721515 0.76004
0 0.477204 0.47068 0.141797 0.94136
0 0.86537 0.551347 0.0447456 0.799071
0 0.339577 0.478759 0.138028 0.871218
0 0.196157 0.74588 0.109472 0.338589
0 0.33894 0.456424 0.135326 0.827183
0 0.198025 0.487869 0.137927 0.855466
0 0.00555977 0.599673 0.0111195 0.716023
0 0.195682 0.511756 0.13079 0.80779
0 0.196479 0.516307 0.13794 0.813066
0 0.215414 0.501575 0.0979849 0.808136
0 0.916384 0.586551 0.0678651 0.785755
0 0.631364 0.750581 0.117009 0.441944
0 0.973495 0.539091 0.0530108 0.880699
0 0.474968 0.70818 0.12937 0.416465
0 0.763958 0.745991 0.137056 0.431256
0 0.340176 0.722425 0.126037 0.38232
0 0.0908253 0.514628 0.0721515 0.76004
0 0.477204 0.47068 0.141797 0.94136
0 0.86537 0.551347 0.0447456 0.799071
0 0.339577 0.478759 0.138028 0.871218
0 0.196157 0.74588 0.109472 0.338589
0 0.33894 0.456424 0.135326 0.827183
0 0.916384 0.586551 0.0678651 0.785755
0 0.631364 0.750581 0.117009 0.441944
0 0.973495 0.539091 0.0530108 0.880699
0 0.474968 0.70818 0.12937 0.416465
0 0.763958 0.745991 0.137056 0.431256
0 0.340176 0.722425 0.126037 0.38232
0 0.0908253 0.514628 0.0721515 0.76004
0 0.477204 0.47068 0.141797 0.94136
0 0.86537 0.551347 0.0447456 0.799071
0 0.339577 0.478759 0.138028 0.871218
0 0.196157 0.74588 0.109472 0.338589
0 0.33894 0.456424 0.135326 0.827183
