0 0.585035 0.528615 0.149991 0.879482
0 0.429638 0.548641 0.137019 0.831413
0 0.921945 0.5285 0.149055 0.934796
0 0.73016 0.543482 0.132278 0.870063
0 0.154533 0.510139 0.147366 0.867233
0 0.299427 0.507281 0.143636 0.899309
0 0.0492947 0.549903 0.0985894 0.745328
0 0.585035 0.528615 0.149991 0.879482
0 0.429638 0.548641 0.137019 0.831413
0 0.921945 0.5285 0.149055 0.934796
0 0.73016 0.543482 0.132278 0.870063
0 0.154533 0.510139 0.147366 0.867233
0 0.299427 0.507281 0.143636 0.899309
0 0.0492947 0.549903 0.0985894 0.745328
0 0.585035 0.528615 0.149991 0.879482
0 0.429638 0.548641 0.137019 0.831413
0 0.921945 0.5285 0.149055 0.934796
0 0.73016 0.543482 0.132278 0.870063
0 0.154533 0.510139 0.147366 0.867233
0 0.299427 0.507281 0.143636 0.899309
0 0.0492947 0.549903 0.0985894 0.745328
0 0.583527 0.543302 0.153528 0.843324
0 0.428129 0.54571 0.142766 0.820607
0 0.729598 0.547099 0.134628 0.848339
0 0.924013 0.551752 0.149437 0.873601
0 0.302863 0.520324 0.149221 0.853741
0 0.0491984 0.516221 0.0976425 0.836095
0 0.155673 0.520985 0.159605 0.837048
0 0.158222 0.526828 0.155102 0.836418
0 0.583527 0.543302 0.153528 0.843324
0 0.428129 0.54571 0.142766 0.820607
0 0.729598 0.547099 0.134628 0.848339
0 0.924013 0.551752 0.149437 0.873601
0 0.302863 0.520324 0.149221 0.853741
0 0.0491984 0.516221 0.0976425 0.836095
0 0.155673 0.520985 0.159605 0.837048
0 0.158222 0.526828 0.155102 0.836418
0 0.583527 0.543302 0.153528 0.843324
0 0.428129 0.54571 0.142766 0.820607
0 0.729598 0.547099 0.134628 0.848339
0 0.924013 0.551752 0.149437 0.873601
0 0.302863 0.520324 0.149221 0.853741
0 0.0491984 0.516221 0.0976425 0.836095
0 0.155673 0.520985 0.159605 0.837048
0 0.158222 0.526828 0.155102 0.836418
