0 0.301906 0.445256 0.06333 0.7541
0 0.360559 0.47699 0.0577682 0.741149
0 0.466975 0.510271 0.0571178 0.703287
0 0.226042 0.449297 0.0792824 0.731169
0 0.521897 0.497248 0.0632446 0.721303
0 0.611715 0.493761 0.138484 0.765354
0 0.0397615 0.458318 0.079523 0.706724
0 0.301906 0.445256 0.06333 0.7541
0 0.360559 0.47699 0.0577682 0.741149
0 0.466975 0.510271 0.0571178 0.703287
0 0.226042 0.449297 0.0792824 0.731169
0 0.521897 0.497248 0.0632446 0.721303
0 0.611715 0.493761 0.138484 0.765354
0 0.0397615 0.458318 0.079523 0.706724
0 0.301906 0.445256 0.06333 0.7541
0 0.360559 0.47699 0.0577682 0.741149
0 0.466975 0.510271 0.0571178 0.703287
0 0.226042 0.449297 0.0792824 0.731169
0 0.521897 0.497248 0.0632446 0.721303
0 0.611715 0.493761 0.138484 0.765354
0 0.0397615 0.458318 0.079523 0.706724
0 0.303448 0.444734 0.0556852 0.749664
0 0.223219 0.461143 0.0715605 0.708683
0 0.469164 0.501571 0.0508194 0.69154
0 0.416144 0.526793 0.0523662 0.619337
0 0.039712 0.458028 0.079424 0.727029
0 0.360744 0.492211 0.051581 0.694259
0 0.585493 0.506844 0.186493 0.740088
0 0.750739 0.562591 0.148578 0.635031
0 0.522435 0.499113 0.0579083 0.711433
0 0.416847 0.516588 0.0524112 0.629732
0 0.303448 0.444734 0.0556852 0.749664
0 0.223219 0.461143 0.0715605 0.708683
0 0.469164 0.501571 0.0508194 0.69154
0 0.416144 0.526793 0.0523662 0.619337
0 0.039712 0.458028 0.079424 0.727029
0 0.360744 0.492211 0.051581 0.694259
0 0.585493 0.506844 0.186493 0.740088
0 0.750739 0.562591 0.148578 0.635031
0 0.522435 0.499113 0.0579083 0.711433
0 0.416847 0.516588 0.0524112 0.629732
0 0.359683 0.487928 0.0537512 0.696984
0 0.303448 0.444734 0.0556852 0.749664
0 0.223219 0.461143 0.0715605 0.708683
0 0.469164 0.501571 0.0508194 0.69154
0 0.416144 0.526793 0.0523662 0.619337
0 0.039712 0.458028 0.079424 0.727029
0 0.360744 0.492211 0.051581 0.694259
0 0.585493 0.506844 0.186493 0.740088
0 0.750739 0.562591 0.148578 0.635031
0 0.522435 0.499113 0.0579083 0.711433
0 0.416847 0.516588 0.0524112 0.629732
0 0.303448 0.444734 0.0556852 0.749664
0 0.223219 0.461143 0.0715605 0.708683
0 0.469164 0.501571 0.0508194 0.69154
0 0.416144 0.526793 0.0523662 0.619337
0 0.039712 0.458028 0.079424 0.727029
0 0.360744 0.492211 0.051581 0.694259
0 0.585493 0.506844 0.186493 0.740088
0 0.750739 0.562591 0.148578 0.635031
0 0.522435 0.499113 0.0579083 0.711433
0 0.416847 0.516588 0.0524112 0.629732
