0 0.283995 0.546931 0.452253 0.29097
0 0.72076 0.573417 0.463436 0.283957
0 0.283995 0.546931 0.452253 0.29097
0 0.72076 0.573417 0.463436 0.283957
0 0.283995 0.546931 0.452253 0.29097
0 0.72076 0.573417 0.463436 0.283957
0 0.293587 0.543248 0.447507 0.299068
0 0.618838 0.229654 0.530289 0.442203
0 0.725593 0.566232 0.461072 0.292992
0 0.293587 0.543248 0.447507 0.299068
0 0.618838 0.229654 0.530289 0.442203
0 0.725593 0.566232 0.461072 0.292992
0 0.293587 0.543248 0.447507 0.299068
0 0.618838 0.229654 0.530289 0.442203
0 0.725593 0.566232 0.461072 0.292992
0 0.293587 0.543248 0.447507 0.299068
0 0.618838 0.229654 0.530289 0.442203
0 0.725593 0.566232 0.461072 0.292992
