0 0.825566 0.463657 0.124926 0.671006
0 0.595938 0.553464 0.134915 0.682693
0 0.712497 0.523724 0.129233 0.69975
0 0.361284 0.441571 0.115315 0.376485
0 0.470812 0.422243 0.133787 0.380958
0 0.245187 0.595259 0.152676 0.741956
0 0.475828 0.572398 0.1357 0.686848
0 0.112487 0.620616 0.159467 0.713343
0 0.228446 0.428388 0.124569 0.42148
0 0.364933 0.59099 0.128301 0.666329
0 0.939041 0.412802 0.12164 0.668169
0 0.825566 0.463657 0.124926 0.671006
0 0.595938 0.553464 0.134915 0.682693
0 0.712497 0.523724 0.129233 0.69975
0 0.361284 0.441571 0.115315 0.376485
0 0.470812 0.422243 0.133787 0.380958
0 0.245187 0.595259 0.152676 0.741956
0 0.475828 0.572398 0.1357 0.686848
0 0.112487 0.620616 0.159467 0.713343
0 0.228446 0.428388 0.124569 0.42148
0 0.364933 0.59099 0.128301 0.666329
0 0.939041 0.412802 0.12164 0.668169
0 0.825566 0.463657 0.124926 0.671006
0 0.595938 0.553464 0.134915 0.682693
0 0.712497 0.523724 0.129233 0.69975
0 0.361284 0.441571 0.115315 0.376485
0 0.470812 0.422243 0.133787 0.380958
0 0.245187 0.595259 0.152676 0.741956
0 0.475828 0.572398 0.1357 0.686848
0 0.112487 0.620616 0.159467 0.713343
0 0.228446 0.428388 0.124569 0.42148
0 0.364933 0.59099 0.128301 0.666329
0 0.939041 0.412802 0.12164 0.668169
0 0.113661 0.643246 0.144488 0.648669
0 0.363148 0.586658 0.128114 0.690909
0 0.71266 0.543966 0.124081 0.659485
0 0.245859 0.595411 0.138875 0.728252
0 0.598737 0.580914 0.122505 0.628695
0 0.480531 0.594761 0.122702 0.656651
0 0.826259 0.489691 0.11562 0.621769
0 0.934058 0.467466 0.112389 0.572948
0 0.826714 0.486004 0.116187 0.632047
0 0.113661 0.643246 0.144488 0.648669
0 0.363148 0.586658 0.128114 0.690909
0 0.71266 0.543966 0.124081 0.659485
0 0.245859 0.595411 0.138875 0.728252
0 0.598737 0.580914 0.122505 0.628695
0 0.480531 0.594761 0.122702 0.656651
0 0.826259 0.489691 0.11562 0.621769
0 0.934058 0.467466 0.112389 0.572948
0 0.826714 0.486004 0.116187 0.632047
0 0.113661 0.643246 0.144488 0.648669
0 0.363148 0.586658 0.128114 0.690909
0 0.71266 0.543966 0.124081 0.659485
0 0.245859 0.595411 0.138875 0.728252
0 0.598737 0.580914 0.122505 0.628695
0 0.480531 0.594761 0.122702 0.656651
0 0.826259 0.489691 0.11562 0.621769
0 0.934058 0.467466 0.112389 0.572948
0 0.826714 0.486004 0.116187 0.632047
