0 0.865503 0.626448 0.182416 0.657504
0 0.667953 0.623974 0.198646 0.671213
0 0.317671 0.506178 0.13735 0.925923
0 0.201917 0.507415 0.128091 0.921972
0 0.201185 0.509624 0.130708 0.928789
0 0.317458 0.508579 0.140536 0.924814
0 0.079753 0.509034 0.145978 0.939474
0 0.480403 0.513803 0.196348 0.91753
0 0.865503 0.626448 0.182416 0.657504
0 0.667953 0.623974 0.198646 0.671213
0 0.317671 0.506178 0.13735 0.925923
0 0.201917 0.507415 0.128091 0.921972
0 0.201185 0.509624 0.130708 0.928789
0 0.317458 0.508579 0.140536 0.924814
0 0.079753 0.509034 0.145978 0.939474
0 0.480403 0.513803 0.196348 0.91753
0 0.865503 0.626448 0.182416 0.657504
0 0.667953 0.623974 0.198646 0.671213
0 0.317671 0.506178 0.13735 0.925923
0 0.201917 0.507415 0.128091 0.921972
0 0.201185 0.509624 0.130708 0.928789
0 0.317458 0.508579 0.140536 0.924814
0 0.079753 0.509034 0.145978 0.939474
0 0.480403 0.513803 0.196348 0.91753
0 0.317867 0.515669 0.135817 0.91252
0 0.66968 0.519192 0.193946 0.897412
0 0.200026 0.513826 0.123053 0.916122
0 0.860238 0.514884 0.194943 0.891109
0 0.479474 0.520733 0.182656 0.908383
0 0.0799522 0.515144 0.128043 0.944966
0 0.317867 0.515669 0.135817 0.91252
0 0.66968 0.519192 0.193946 0.897412
0 0.200026 0.513826 0.123053 0.916122
0 0.860238 0.514884 0.194943 0.891109
0 0.479474 0.520733 0.182656 0.908383
0 0.0799522 0.515144 0.128043 0.944966
0 0.317867 0.515669 0.135817 0.91252
0 0.66968 0.519192 0.193946 0.897412
0 0.200026 0.513826 0.123053 0.916122
0 0.860238 0.514884 0.194943 0.891109
0 0.479474 0.520733 0.182656 0.908383
0 0.0799522 0.515144 0.128043 0.944966
0 0.317867 0.515669 0.135817 0.91252
0 0.66968 0.519192 0.193946 0.897412
0 0.200026 0.513826 0.123053 0.916122
0 0.860238 0.514884 0.194943 0.891109
0 0.479474 0.520733 0.182656 0.908383
0 0.0799522 0.515144 0.128043 0.944966
