0 0.289452 0.541541 0.439049 0.419282
0 0.702933 0.554718 0.488436 0.420965
0 0.289452 0.541541 0.439049 0.419282
0 0.702933 0.554718 0.488436 0.420965
0 0.289452 0.541541 0.439049 0.419282
0 0.702933 0.554718 0.488436 0.420965
0 0.297673 0.538397 0.469336 0.414632
0 0.726784 0.559399 0.50461 0.413342
0 0.297673 0.538397 0.469336 0.414632
0 0.726784 0.559399 0.50461 0.413342
0 0.724884 0.556072 0.520423 0.415787
0 0.297673 0.538397 0.469336 0.414632
0 0.726784 0.559399 0.50461 0.413342
0 0.297673 0.538397 0.469336 0.414632
0 0.726784 0.559399 0.50461 0.413342
