0 0.0977793 0.514585 0.171864 0.839062
0 0.801659 0.469062 0.156876 0.903297
0 0.376218 0.486731 0.149186 0.811933
0 0.514515 0.485694 0.125784 0.893809
0 0.243038 0.50536 0.151783 0.838144
0 0.638093 0.489013 0.163548 0.916224
0 0.933459 0.457911 0.123131 0.896705
0 0.51507 0.493265 0.128262 0.884395
0 0.0977793 0.514585 0.171864 0.839062
0 0.801659 0.469062 0.156876 0.903297
0 0.376218 0.486731 0.149186 0.811933
0 0.514515 0.485694 0.125784 0.893809
0 0.243038 0.50536 0.151783 0.838144
0 0.638093 0.489013 0.163548 0.916224
0 0.933459 0.457911 0.123131 0.896705
0 0.51507 0.493265 0.128262 0.884395
0 0.0977793 0.514585 0.171864 0.839062
0 0.801659 0.469062 0.156876 0.903297
0 0.376218 0.486731 0.149186 0.811933
0 0.514515 0.485694 0.125784 0.893809
0 0.243038 0.50536 0.151783 0.838144
0 0.638093 0.489013 0.163548 0.916224
0 0.933459 0.457911 0.123131 0.896705
0 0.51507 0.493265 0.128262 0.884395
0 0.797411 0.466359 0.155843 0.896619
0 0.241981 0.513611 0.144678 0.832486
0 0.933228 0.460989 0.130378 0.881252
0 0.37382 0.472869 0.153443 0.800192
0 0.100854 0.529071 0.160734 0.828183
0 0.635029 0.489258 0.151792 0.89579
0 0.5124 0.491558 0.127119 0.867765
0 0.63691 0.494249 0.149151 0.895908
0 0.797411 0.466359 0.155843 0.896619
0 0.241981 0.513611 0.144678 0.832486
0 0.933228 0.460989 0.130378 0.881252
0 0.37382 0.472869 0.153443 0.800192
0 0.100854 0.529071 0.160734 0.828183
0 0.635029 0.489258 0.151792 0.89579
0 0.5124 0.491558 0.127119 0.867765
0 0.63691 0.494249 0.149151 0.895908
0 0.0159057 0.543351 0.0313118 0.83426
0 0.512268 0.488173 0.123975 0.867249
0 0.797411 0.466359 0.155843 0.896619
0 0.241981 0.513611 0.144678 0.832486
0 0.933228 0.460989 0.130378 0.881252
0 0.37382 0.472869 0.153443 0.800192
0 0.100854 0.529071 0.160734 0.828183
0 0.635029 0.489258 0.151792 0.89579
0 0.5124 0.491558 0.127119 0.867765
0 0.63691 0.494249 0.149151 0.895908
0 0.797411 0.466359 0.155843 0.896619
0 0.241981 0.513611 0.144678 0.832486
0 0.933228 0.460989 0.130378 0.881252
0 0.37382 0.472869 0.153443 0.800192
0 0.100854 0.529071 0.160734 0.828183
0 0.635029 0.489258 0.151792 0.89579
0 0.5124 0.491558 0.127119 0.867765
0 0.63691 0.494249 0.149151 0.895908
