0 0.757836 0.581202 0.15825 0.826242
0 0.446976 0.573435 0.131498 0.808043
0 0.0830587 0.588378 0.160523 0.770389
0 0.26459 0.581133 0.180032 0.793979
0 0.919921 0.584643 0.157462 0.820524
0 0.561803 0.807358 0.0784241 0.36481
0 0.629224 0.424465 0.0679463 0.375311
0 0.553675 0.413365 0.0748127 0.393899
0 0.634739 0.830708 0.0577284 0.327032
0 0.665354 0.824367 0.023316 0.333884
0 0.629343 0.825346 0.0519365 0.331071
0 0.91852 0.581885 0.154437 0.825619
0 0.757836 0.581202 0.15825 0.826242
0 0.446976 0.573435 0.131498 0.808043
0 0.0830587 0.588378 0.160523 0.770389
0 0.26459 0.581133 0.180032 0.793979
0 0.919921 0.584643 0.157462 0.820524
0 0.561803 0.807358 0.0784241 0.36481
0 0.629224 0.424465 0.0679463 0.375311
0 0.553675 0.413365 0.0748127 0.393899
0 0.634739 0.830708 0.0577284 0.327032
0 0.665354 0.824367 0.023316 0.333884
0 0.629343 0.825346 0.0519365 0.331071
0 0.91852 0.581885 0.154437 0.825619
0 0.757836 0.581202 0.15825 0.826242
0 0.446976 0.573435 0.131498 0.808043
0 0.0830587 0.588378 0.160523 0.770389
0 0.26459 0.581133 0.180032 0.793979
0 0.919921 0.584643 0.157462 0.820524
0 0.561803 0.807358 0.0784241 0.36481
0 0.629224 0.424465 0.0679463 0.375311
0 0.553675 0.413365 0.0748127 0.393899
0 0.634739 0.830708 0.0577284 0.327032
0 0.665354 0.824367 0.023316 0.333884
0 0.629343 0.825346 0.0519365 0.331071
0 0.91852 0.581885 0.154437 0.825619
0 0.0866288 0.611923 0.167597 0.74893
0 0.262439 0.424744 0.175982 0.373279
0 0.439953 0.592323 0.153925 0.785349
0 0.920197 0.394703 0.153467 0.414099
0 0.919178 0.789109 0.152149 0.394962
0 0.63966 0.811971 0.0732109 0.355504
0 0.55411 0.415069 0.078473 0.38037
0 0.560482 0.802309 0.081507 0.374968
0 0.759768 0.590926 0.161446 0.790586
0 0.251557 0.795848 0.154334 0.357515
0 0.760441 0.399668 0.152225 0.406905
0 0.633616 0.420363 0.077825 0.366837
0 0.760352 0.79269 0.14931 0.387423
0 0.595538 0.596773 0.164259 0.774073
0 0.0894385 0.416663 0.163275 0.377332
0 0.919459 0.587116 0.161082 0.825768
0 0.0866288 0.611923 0.167597 0.74893
0 0.262439 0.424744 0.175982 0.373279
0 0.439953 0.592323 0.153925 0.785349
0 0.920197 0.394703 0.153467 0.414099
0 0.919178 0.789109 0.152149 0.394962
0 0.63966 0.811971 0.0732109 0.355504
0 0.55411 0.415069 0.078473 0.38037
0 0.560482 0.802309 0.081507 0.374968
0 0.759768 0.590926 0.161446 0.790586
0 0.251557 0.795848 0.154334 0.357515
0 0.760441 0.399668 0.152225 0.406905
0 0.633616 0.420363 0.077825 0.366837
0 0.760352 0.79269 0.14931 0.387423
0 0.595538 0.596773 0.164259 0.774073
0 0.0894385 0.416663 0.163275 0.377332
0 0.919459 0.587116 0.161082 0.825768
0 0.299919 0.123593 0.125224 0.234029
0 0.251075 0.796799 0.153714 0.355189
0 0.26132 0.424275 0.170927 0.374739
0 0.0866288 0.611923 0.167597 0.74893
0 0.262439 0.424744 0.175982 0.373279
0 0.439953 0.592323 0.153925 0.785349
0 0.920197 0.394703 0.153467 0.414099
0 0.919178 0.789109 0.152149 0.394962
0 0.63966 0.811971 0.0732109 0.355504
0 0.55411 0.415069 0.078473 0.38037
0 0.560482 0.802309 0.081507 0.374968
0 0.759768 0.590926 0.161446 0.790586
0 0.251557 0.795848 0.154334 0.357515
0 0.760441 0.399668 0.152225 0.406905
0 0.633616 0.420363 0.077825 0.366837
0 0.760352 0.79269 0.14931 0.387423
0 0.595538 0.596773 0.164259 0.774073
0 0.0894385 0.416663 0.163275 0.377332
0 0.919459 0.587116 0.161082 0.825768
