0 0.143925 0.527784 0.165444 0.895671
0 0.296021 0.544118 0.163559 0.911765
0 0.445592 0.543966 0.157284 0.906779
0 0.741415 0.548972 0.158018 0.902056
0 0.591879 0.547494 0.157883 0.905012
0 0.591924 0.546647 0.159915 0.906706
0 0.893172 0.54884 0.167856 0.90232
0 0.445736 0.54461 0.158963 0.910781
0 0.143925 0.527784 0.165444 0.895671
0 0.296021 0.544118 0.163559 0.911765
0 0.445592 0.543966 0.157284 0.906779
0 0.741415 0.548972 0.158018 0.902056
0 0.591879 0.547494 0.157883 0.905012
0 0.591924 0.546647 0.159915 0.906706
0 0.893172 0.54884 0.167856 0.90232
0 0.445736 0.54461 0.158963 0.910781
0 0.143925 0.527784 0.165444 0.895671
0 0.296021 0.544118 0.163559 0.911765
0 0.445592 0.543966 0.157284 0.906779
0 0.741415 0.548972 0.158018 0.902056
0 0.591879 0.547494 0.157883 0.905012
0 0.591924 0.546647 0.159915 0.906706
0 0.893172 0.54884 0.167856 0.90232
0 0.445736 0.54461 0.158963 0.910781
0 0.591922 0.543917 0.155156 0.904839
0 0.742265 0.54498 0.156588 0.899338
0 0.445646 0.543591 0.153899 0.903474
0 0.147744 0.51812 0.155203 0.874795
0 0.891617 0.535629 0.158592 0.911113
0 0.296663 0.534768 0.161329 0.899651
0 0.297004 0.539224 0.161088 0.902797
0 0.591922 0.543917 0.155156 0.904839
0 0.742265 0.54498 0.156588 0.899338
0 0.445646 0.543591 0.153899 0.903474
0 0.147744 0.51812 0.155203 0.874795
0 0.891617 0.535629 0.158592 0.911113
0 0.296663 0.534768 0.161329 0.899651
0 0.297004 0.539224 0.161088 0.902797
0 0.147911 0.522536 0.15582 0.874311
0 0.591922 0.543917 0.155156 0.904839
0 0.742265 0.54498 0.156588 0.899338
0 0.445646 0.543591 0.153899 0.903474
0 0.147744 0.51812 0.155203 0.874795
0 0.891617 0.535629 0.158592 0.911113
0 0.296663 0.534768 0.161329 0.899651
0 0.297004 0.539224 0.161088 0.902797
0 0.591922 0.543917 0.155156 0.904839
0 0.742265 0.54498 0.156588 0.899338
0 0.445646 0.543591 0.153899 0.903474
0 0.147744 0.51812 0.155203 0.874795
0 0.891617 0.535629 0.158592 0.911113
0 0.296663 0.534768 0.161329 0.899651
0 0.297004 0.539224 0.161088 0.902797
