0 0.33756 0.473012 0.177473 0.714349
0 0.179749 0.41674 0.175032 0.698666
0 0.527714 0.549405 0.176587 0.715218
0 0.702909 0.610958 0.18414 0.705779
0 0.894814 0.639012 0.185865 0.671032
0 0.33756 0.473012 0.177473 0.714349
0 0.179749 0.41674 0.175032 0.698666
0 0.527714 0.549405 0.176587 0.715218
0 0.702909 0.610958 0.18414 0.705779
0 0.894814 0.639012 0.185865 0.671032
0 0.33756 0.473012 0.177473 0.714349
0 0.179749 0.41674 0.175032 0.698666
0 0.527714 0.549405 0.176587 0.715218
0 0.702909 0.610958 0.18414 0.705779
0 0.894814 0.639012 0.185865 0.671032
0 0.34212 0.489424 0.169991 0.674661
0 0.531768 0.570832 0.16562 0.678541
0 0.180052 0.425452 0.163506 0.65492
0 0.896278 0.651693 0.169574 0.665584
0 0.713073 0.618704 0.180715 0.699035
0 0.34212 0.489424 0.169991 0.674661
0 0.531768 0.570832 0.16562 0.678541
0 0.180052 0.425452 0.163506 0.65492
0 0.896278 0.651693 0.169574 0.665584
0 0.713073 0.618704 0.180715 0.699035
0 0.34212 0.489424 0.169991 0.674661
0 0.531768 0.570832 0.16562 0.678541
0 0.180052 0.425452 0.163506 0.65492
0 0.896278 0.651693 0.169574 0.665584
0 0.713073 0.618704 0.180715 0.699035
0 0.34212 0.489424 0.169991 0.674661
0 0.531768 0.570832 0.16562 0.678541
0 0.180052 0.425452 0.163506 0.65492
0 0.896278 0.651693 0.169574 0.665584
0 0.713073 0.618704 0.180715 0.699035
