0 0.382794 0.512089 0.229224 0.856731
0 0.824234 0.47079 0.263536 0.90057
0 0.133033 0.535726 0.233074 0.811146
0 0.597702 0.522264 0.219814 0.816866
0 0.382794 0.512089 0.229224 0.856731
0 0.824234 0.47079 0.263536 0.90057
0 0.133033 0.535726 0.233074 0.811146
0 0.597702 0.522264 0.219814 0.816866
0 0.382794 0.512089 0.229224 0.856731
0 0.824234 0.47079 0.263536 0.90057
0 0.133033 0.535726 0.233074 0.811146
0 0.597702 0.522264 0.219814 0.816866
0 0.3819 0.524329 0.22224 0.811595
0 0.136074 0.534533 0.229155 0.779301
0 0.600456 0.56562 0.214314 0.750035
0 0.3819 0.524329 0.22224 0.811595
0 0.136074 0.534533 0.229155 0.779301
0 0.600456 0.56562 0.214314 0.750035
0 0.599302 0.562129 0.214403 0.740302
0 0.3819 0.524329 0.22224 0.811595
0 0.136074 0.534533 0.229155 0.779301
0 0.600456 0.56562 0.214314 0.750035
0 0.3819 0.524329 0.22224 0.811595
0 0.136074 0.534533 0.229155 0.779301
0 0.600456 0.56562 0.214314 0.750035
