0 0.362547 0.499088 0.118117 0.897145
0 0.466476 0.501672 0.119506 0.904779
0 0.678143 0.501717 0.111449 0.891484
0 0.154203 0.479555 0.122787 0.904649
0 0.571612 0.501648 0.11186 0.899301
0 0.262477 0.46612 0.120267 0.871019
0 0.771831 0.46621 0.0887054 0.785736
0 0.941024 0.447152 0.117761 0.81735
0 0.818799 0.464081 0.158245 0.833702
0 0.362547 0.499088 0.118117 0.897145
0 0.466476 0.501672 0.119506 0.904779
0 0.678143 0.501717 0.111449 0.891484
0 0.154203 0.479555 0.122787 0.904649
0 0.571612 0.501648 0.11186 0.899301
0 0.262477 0.46612 0.120267 0.871019
0 0.771831 0.46621 0.0887054 0.785736
0 0.941024 0.447152 0.117761 0.81735
0 0.818799 0.464081 0.158245 0.833702
0 0.362547 0.499088 0.118117 0.897145
0 0.466476 0.501672 0.119506 0.904779
0 0.678143 0.501717 0.111449 0.891484
0 0.154203 0.479555 0.122787 0.904649
0 0.571612 0.501648 0.11186 0.899301
0 0.262477 0.46612 0.120267 0.871019
0 0.771831 0.46621 0.0887054 0.785736
0 0.941024 0.447152 0.117761 0.81735
0 0.818799 0.464081 0.158245 0.833702
0 0.260791 0.44408 0.118301 0.815359
0 0.57208 0.502234 0.110765 0.869103
0 0.151517 0.436214 0.121375 0.824646
0 0.465259 0.501099 0.116168 0.870015
0 0.362882 0.480268 0.116159 0.847875
0 0.77118 0.475852 0.0797817 0.796474
0 0.934339 0.513751 0.0867683 0.613198
0 0.848872 0.463259 0.0894878 0.761743
0 0.680496 0.507704 0.113905 0.878807
0 0.680625 0.513581 0.113551 0.866813
0 0.572391 0.50893 0.109332 0.858598
0 0.847775 0.468847 0.091688 0.783052
0 0.260791 0.44408 0.118301 0.815359
0 0.57208 0.502234 0.110765 0.869103
0 0.151517 0.436214 0.121375 0.824646
0 0.465259 0.501099 0.116168 0.870015
0 0.362882 0.480268 0.116159 0.847875
0 0.77118 0.475852 0.0797817 0.796474
0 0.934339 0.513751 0.0867683 0.613198
0 0.848872 0.463259 0.0894878 0.761743
0 0.680496 0.507704 0.113905 0.878807
0 0.680625 0.513581 0.113551 0.866813
0 0.572391 0.50893 0.109332 0.858598
0 0.847775 0.468847 0.091688 0.783052
0 0.361828 0.472495 0.118398 0.839089
0 0.260791 0.44408 0.118301 0.815359
0 0.57208 0.502234 0.110765 0.869103
0 0.151517 0.436214 0.121375 0.824646
0 0.465259 0.501099 0.116168 0.870015
0 0.362882 0.480268 0.116159 0.847875
0 0.77118 0.475852 0.0797817 0.796474
0 0.934339 0.513751 0.0867683 0.613198
0 0.848872 0.463259 0.0894878 0.761743
0 0.680496 0.507704 0.113905 0.878807
0 0.680625 0.513581 0.113551 0.866813
0 0.572391 0.50893 0.109332 0.858598
0 0.847775 0.468847 0.091688 0.783052
0 0.260791 0.44408 0.118301 0.815359
0 0.57208 0.502234 0.110765 0.869103
0 0.151517 0.436214 0.121375 0.824646
0 0.465259 0.501099 0.116168 0.870015
0 0.362882 0.480268 0.116159 0.847875
0 0.77118 0.475852 0.0797817 0.796474
0 0.934339 0.513751 0.0867683 0.613198
0 0.848872 0.463259 0.0894878 0.761743
0 0.680496 0.507704 0.113905 0.878807
0 0.680625 0.513581 0.113551 0.866813
0 0.572391 0.50893 0.109332 0.858598
0 0.847775 0.468847 0.091688 0.783052
