0 0.56708 0.490851 0.179993 0.670055
0 0.729128 0.415277 0.169622 0.661127
0 0.312502 0.554341 0.200232 0.740063
0 0.11765 0.589068 0.189334 0.757812
0 0.885434 0.336731 0.15728 0.625702
0 0.886043 0.340531 0.155903 0.622371
0 0.56708 0.490851 0.179993 0.670055
0 0.729128 0.415277 0.169622 0.661127
0 0.312502 0.554341 0.200232 0.740063
0 0.11765 0.589068 0.189334 0.757812
0 0.885434 0.336731 0.15728 0.625702
0 0.886043 0.340531 0.155903 0.622371
0 0.56708 0.490851 0.179993 0.670055
0 0.729128 0.415277 0.169622 0.661127
0 0.312502 0.554341 0.200232 0.740063
0 0.11765 0.589068 0.189334 0.757812
0 0.885434 0.336731 0.15728 0.625702
0 0.886043 0.340531 0.155903 0.622371
0 0.312989 0.55221 0.189547 0.730945
0 0.730235 0.421595 0.167559 0.626657
0 0.883998 0.354216 0.156194 0.606083
0 0.114061 0.593125 0.191515 0.739821
0 0.567459 0.489536 0.178724 0.652187
0 0.567595 0.488342 0.177152 0.658165
0 0.312989 0.55221 0.189547 0.730945
0 0.730235 0.421595 0.167559 0.626657
0 0.883998 0.354216 0.156194 0.606083
0 0.114061 0.593125 0.191515 0.739821
0 0.567459 0.489536 0.178724 0.652187
0 0.567595 0.488342 0.177152 0.658165
0 0.312989 0.55221 0.189547 0.730945
0 0.730235 0.421595 0.167559 0.626657
0 0.883998 0.354216 0.156194 0.606083
0 0.114061 0.593125 0.191515 0.739821
0 0.567459 0.489536 0.178724 0.652187
0 0.567595 0.488342 0.177152 0.658165
0 0.312989 0.55221 0.189547 0.730945
0 0.730235 0.421595 0.167559 0.626657
0 0.883998 0.354216 0.156194 0.606083
0 0.114061 0.593125 0.191515 0.739821
0 0.567459 0.489536 0.178724 0.652187
0 0.567595 0.488342 0.177152 0.658165
