0 0.930852 0.657158 0.138139 0.593687
0 0.115552 0.593522 0.231105 0.763975
0 0.713326 0.707047 0.28268 0.51292
0 0.021648 0.688358 0.0432961 0.497404
0 0.406522 0.665036 0.1833 0.616142
0 0.930852 0.657158 0.138139 0.593687
0 0.115552 0.593522 0.231105 0.763975
0 0.713326 0.707047 0.28268 0.51292
0 0.021648 0.688358 0.0432961 0.497404
0 0.406522 0.665036 0.1833 0.616142
0 0.930852 0.657158 0.138139 0.593687
0 0.115552 0.593522 0.231105 0.763975
0 0.713326 0.707047 0.28268 0.51292
0 0.021648 0.688358 0.0432961 0.497404
0 0.406522 0.665036 0.1833 0.616142
0 0.125462 0.589769 0.24379 0.780433
0 0.929988 0.719283 0.140024 0.493147
0 0.364096 0.607903 0.301371 0.736932
0 0.0214712 0.67731 0.0429425 0.530447
0 0.125462 0.589769 0.24379 0.780433
0 0.929988 0.719283 0.140024 0.493147
0 0.364096 0.607903 0.301371 0.736932
0 0.0214712 0.67731 0.0429425 0.530447
0 0.125462 0.589769 0.24379 0.780433
0 0.929988 0.719283 0.140024 0.493147
0 0.364096 0.607903 0.301371 0.736932
0 0.0214712 0.67731 0.0429425 0.530447
0 0.125462 0.589769 0.24379 0.780433
0 0.929988 0.719283 0.140024 0.493147
0 0.364096 0.607903 0.301371 0.736932
0 0.0214712 0.67731 0.0429425 0.530447
