0 0.860534 0.631253 0.278932 0.683438
0 0.609215 0.584697 0.27045 0.701462
0 0.122079 0.52451 0.244158 0.677334
0 0.582859 0.158891 0.230498 0.220074
0 0.139075 0.124102 0.215517 0.187408
0 0.357253 0.138904 0.21629 0.211104
0 0.358595 0.582801 0.258245 0.521497
0 0.860534 0.631253 0.278932 0.683438
0 0.609215 0.584697 0.27045 0.701462
0 0.122079 0.52451 0.244158 0.677334
0 0.582859 0.158891 0.230498 0.220074
0 0.139075 0.124102 0.215517 0.187408
0 0.357253 0.138904 0.21629 0.211104
0 0.358595 0.582801 0.258245 0.521497
0 0.860534 0.631253 0.278932 0.683438
0 0.609215 0.584697 0.27045 0.701462
0 0.122079 0.52451 0.244158 0.677334
0 0.582859 0.158891 0.230498 0.220074
0 0.139075 0.124102 0.215517 0.187408
0 0.357253 0.138904 0.21629 0.211104
0 0.358595 0.582801 0.258245 0.521497
0 0.143404 0.122188 0.206325 0.189806
0 0.861253 0.639263 0.277493 0.686053
0 0.12045 0.316244 0.224439 0.230677
0 0.609435 0.602287 0.266647 0.671017
0 0.123254 0.625922 0.231489 0.476253
0 0.143404 0.122188 0.206325 0.189806
0 0.861253 0.639263 0.277493 0.686053
0 0.12045 0.316244 0.224439 0.230677
0 0.609435 0.602287 0.266647 0.671017
0 0.123254 0.625922 0.231489 0.476253
0 0.0107372 0.760087 0.0214743 0.331143
0 0.12613 0.74092 0.215978 0.236157
0 0.35829 0.6006 0.253373 0.563571
0 0.143404 0.122188 0.206325 0.189806
0 0.861253 0.639263 0.277493 0.686053
0 0.12045 0.316244 0.224439 0.230677
0 0.609435 0.602287 0.266647 0.671017
0 0.123254 0.625922 0.231489 0.476253
0 0.143404 0.122188 0.206325 0.189806
0 0.861253 0.639263 0.277493 0.686053
0 0.12045 0.316244 0.224439 0.230677
0 0.609435 0.602287 0.266647 0.671017
0 0.123254 0.625922 0.231489 0.476253
