0 0.871551 0.606234 0.215657 0.655773
0 0.127671 0.620069 0.205005 0.652652
0 0.386139 0.603495 0.109322 0.605202
0 0.711527 0.604344 0.119869 0.637486
0 0.601976 0.60606 0.119885 0.638785
0 0.871551 0.606234 0.215657 0.655773
0 0.127671 0.620069 0.205005 0.652652
0 0.386139 0.603495 0.109322 0.605202
0 0.711527 0.604344 0.119869 0.637486
0 0.601976 0.60606 0.119885 0.638785
0 0.871551 0.606234 0.215657 0.655773
0 0.127671 0.620069 0.205005 0.652652
0 0.386139 0.603495 0.109322 0.605202
0 0.711527 0.604344 0.119869 0.637486
0 0.601976 0.60606 0.119885 0.638785
0 0.49416 0.610502 0.11142 0.629579
0 0.283911 0.60581 0.10884 0.596504
0 0.182745 0.608334 0.10729 0.588124
0 0.389598 0.605119 0.112737 0.600803
0 0.878228 0.471803 0.224475 0.934467
0 0.0819642 0.614216 0.109879 0.596606
0 0.710342 0.600856 0.12019 0.628875
0 0.60274 0.606311 0.117096 0.62868
0 0.49416 0.610502 0.11142 0.629579
0 0.283911 0.60581 0.10884 0.596504
0 0.182745 0.608334 0.10729 0.588124
0 0.389598 0.605119 0.112737 0.600803
0 0.878228 0.471803 0.224475 0.934467
0 0.0819642 0.614216 0.109879 0.596606
0 0.710342 0.600856 0.12019 0.628875
0 0.60274 0.606311 0.117096 0.62868
0 0.49416 0.610502 0.11142 0.629579
0 0.283911 0.60581 0.10884 0.596504
0 0.182745 0.608334 0.10729 0.588124
0 0.389598 0.605119 0.112737 0.600803
0 0.878228 0.471803 0.224475 0.934467
0 0.0819642 0.614216 0.109879 0.596606
0 0.710342 0.600856 0.12019 0.628875
0 0.60274 0.606311 0.117096 0.62868
0 0.49416 0.610502 0.11142 0.629579
0 0.283911 0.60581 0.10884 0.596504
0 0.182745 0.608334 0.10729 0.588124
0 0.389598 0.605119 0.112737 0.600803
0 0.878228 0.471803 0.224475 0.934467
0 0.0819642 0.614216 0.109879 0.596606
0 0.710342 0.600856 0.12019 0.628875
0 0.60274 0.606311 0.117096 0.62868
