0 0.257897 0.519742 0.0514479 0.759275
0 0.511007 0.487652 0.0496691 0.784284
0 0.83411 0.482474 0.0590207 0.826318
0 0.459979 0.529068 0.0506138 0.750466
0 0.0528037 0.527253 0.0543552 0.77352
0 0.306687 0.515829 0.0495352 0.736697
0 0.208281 0.525414 0.051907 0.773116
0 0.158986 0.511688 0.0517067 0.745562
0 0.664385 0.465148 0.0528008 0.762723
0 0.561265 0.46738 0.0483655 0.754029
0 0.612746 0.472726 0.0499307 0.770687
0 0.888175 0.483723 0.0550873 0.814449
0 0.408476 0.528979 0.0515355 0.754094
0 0.357031 0.52186 0.0515138 0.746934
0 0.724084 0.408099 0.05844 0.671096
0 0.94052 0.482895 0.0624281 0.786686
0 0.780036 0.460202 0.0571327 0.784614
0 0.107375 0.515561 0.0554892 0.763465
0 0.984946 0.344596 0.0298046 0.503848
0 0.0139429 0.521119 0.0275975 0.725184
0 0.10723 0.516197 0.056621 0.788636
0 0.983918 0.471237 0.0321231 0.780292
0 0.257897 0.519742 0.0514479 0.759275
0 0.511007 0.487652 0.0496691 0.784284
0 0.83411 0.482474 0.0590207 0.826318
0 0.459979 0.529068 0.0506138 0.750466
0 0.0528037 0.527253 0.0543552 0.77352
0 0.306687 0.515829 0.0495352 0.736697
0 0.208281 0.525414 0.051907 0.773116
0 0.158986 0.511688 0.0517067 0.745562
0 0.664385 0.465148 0.0528008 0.762723
0 0.561265 0.46738 0.0483655 0.754029
0 0.612746 0.472726 0.0499307 0.770687
0 0.888175 0.483723 0.0550873 0.814449
0 0.408476 0.528979 0.0515355 0.754094
0 0.357031 0.52186 0.0515138 0.746934
0 0.724084 0.408099 0.05844 0.671096
0 0.94052 0.482895 0.0624281 0.786686
0 0.780036 0.460202 0.0571327 0.784614
0 0.107375 0.515561 0.0554892 0.763465
0 0.984946 0.344596 0.0298046 0.503848
0 0.0139429 0.521119 0.0275975 0.725184
0 0.10723 0.516197 0.056621 0.788636
0 0.983918 0.471237 0.0321231 0.780292
0 0.257897 0.519742 0.0514479 0.759275
0 0.511007 0.487652 0.0496691 0.784284
0 0.83411 0.482474 0.0590207 0.826318
0 0.459979 0.529068 0.0506138 0.750466
0 0.0528037 0.527253 0.0543552 0.77352
0 0.306687 0.515829 0.0495352 0.736697
0 0.208281 0.525414 0.051907 0.773116
0 0.158986 0.511688 0.0517067 0.745562
0 0.664385 0.465148 0.0528008 0.762723
0 0.561265 0.46738 0.0483655 0.754029
0 0.612746 0.472726 0.0499307 0.770687
0 0.888175 0.483723 0.0550873 0.814449
0 0.408476 0.528979 0.0515355 0.754094
0 0.357031 0.52186 0.0515138 0.746934
0 0.724084 0.408099 0.05844 0.671096
0 0.94052 0.482895 0.0624281 0.786686
0 0.780036 0.460202 0.0571327 0.784614
0 0.107375 0.515561 0.0554892 0.763465
0 0.984946 0.344596 0.0298046 0.503848
0 0.0139429 0.521119 0.0275975 0.725184
0 0.10723 0.516197 0.056621 0.788636
0 0.983918 0.471237 0.0321231 0.780292
0 0.663336 0.495254 0.0566092 0.824037
0 0.356891 0.530989 0.0536091 0.773228
0 0.408223 0.533289 0.0541265 0.774874
0 0.561463 0.507549 0.0548656 0.834882
0 0.207428 0.528389 0.0542374 0.776677
0 0.459853 0.531673 0.0533034 0.771545
0 0.835035 0.485118 0.0617907 0.838916
0 0.306061 0.520369 0.0523255 0.757035
0 0.612917 0.497039 0.0536226 0.836772
0 0.511039 0.50639 0.0528038 0.821509
0 0.25677 0.524668 0.0525139 0.762135
0 0.88861 0.489435 0.0579133 0.852286
0 0.157407 0.521733 0.0548378 0.764197
0 0.106696 0.527034 0.0578411 0.784048
0 0.779326 0.482326 0.0581307 0.837004
0 0.722176 0.481511 0.0597208 0.819674
0 0.052364 0.551442 0.0560261 0.794631
0 0.0154105 0.555946 0.030821 0.757405
0 0.941368 0.488539 0.0632729 0.82648
0 0.983159 0.510848 0.0336829 0.827727
0 0.940772 0.499147 0.0635291 0.835502
0 0.663336 0.495254 0.0566092 0.824037
0 0.356891 0.530989 0.0536091 0.773228
0 0.408223 0.533289 0.0541265 0.774874
0 0.561463 0.507549 0.0548656 0.834882
0 0.207428 0.528389 0.0542374 0.776677
0 0.459853 0.531673 0.0533034 0.771545
0 0.835035 0.485118 0.0617907 0.838916
0 0.306061 0.520369 0.0523255 0.757035
0 0.612917 0.497039 0.0536226 0.836772
0 0.511039 0.50639 0.0528038 0.821509
0 0.25677 0.524668 0.0525139 0.762135
0 0.88861 0.489435 0.0579133 0.852286
0 0.157407 0.521733 0.0548378 0.764197
0 0.106696 0.527034 0.0578411 0.784048
0 0.779326 0.482326 0.0581307 0.837004
0 0.722176 0.481511 0.0597208 0.819674
0 0.052364 0.551442 0.0560261 0.794631
0 0.0154105 0.555946 0.030821 0.757405
0 0.941368 0.488539 0.0632729 0.82648
0 0.983159 0.510848 0.0336829 0.827727
0 0.940772 0.499147 0.0635291 0.835502
0 0.663336 0.495254 0.0566092 0.824037
0 0.356891 0.530989 0.0536091 0.773228
0 0.408223 0.533289 0.0541265 0.774874
0 0.561463 0.507549 0.0548656 0.834882
0 0.207428 0.528389 0.0542374 0.776677
0 0.459853 0.531673 0.0533034 0.771545
0 0.835035 0.485118 0.0617907 0.838916
0 0.306061 0.520369 0.0523255 0.757035
0 0.612917 0.497039 0.0536226 0.836772
0 0.511039 0.50639 0.0528038 0.821509
0 0.25677 0.524668 0.0525139 0.762135
0 0.88861 0.489435 0.0579133 0.852286
0 0.157407 0.521733 0.0548378 0.764197
0 0.106696 0.527034 0.0578411 0.784048
0 0.779326 0.482326 0.0581307 0.837004
0 0.722176 0.481511 0.0597208 0.819674
0 0.052364 0.551442 0.0560261 0.794631
0 0.0154105 0.555946 0.030821 0.757405
0 0.941368 0.488539 0.0632729 0.82648
0 0.983159 0.510848 0.0336829 0.827727
0 0.940772 0.499147 0.0635291 0.835502
0 0.663336 0.495254 0.0566092 0.824037
0 0.356891 0.530989 0.0536091 0.773228
0 0.408223 0.533289 0.0541265 0.774874
0 0.561463 0.507549 0.0548656 0.834882
0 0.207428 0.528389 0.0542374 0.776677
0 0.459853 0.531673 0.0533034 0.771545
0 0.835035 0.485118 0.0617907 0.838916
0 0.306061 0.520369 0.0523255 0.757035
0 0.612917 0.497039 0.0536226 0.836772
0 0.511039 0.50639 0.0528038 0.821509
0 0.25677 0.524668 0.0525139 0.762135
0 0.88861 0.489435 0.0579133 0.852286
0 0.157407 0.521733 0.0548378 0.764197
0 0.106696 0.527034 0.0578411 0.784048
0 0.779326 0.482326 0.0581307 0.837004
0 0.722176 0.481511 0.0597208 0.819674
0 0.052364 0.551442 0.0560261 0.794631
0 0.0154105 0.555946 0.030821 0.757405
0 0.941368 0.488539 0.0632729 0.82648
0 0.983159 0.510848 0.0336829 0.827727
0 0.940772 0.499147 0.0635291 0.835502
