0 0.438051 0.431422 0.106567 0.717289
0 0.246717 0.384688 0.103562 0.714465
0 0.533498 0.486434 0.0992565 0.74483
0 0.720047 0.540348 0.102492 0.752954
0 0.157643 0.342987 0.097401 0.685973
0 0.919743 0.607635 0.110349 0.75867
0 0.0679395 0.3297 0.105311 0.659399
0 0.62274 0.511317 0.10149 0.737333
0 0.987093 0.614366 0.0258144 0.771268
0 0.622576 0.511914 0.101707 0.735986
0 0.340845 0.396721 0.106236 0.721863
0 0.817567 0.576303 0.108548 0.780359
0 0.438051 0.431422 0.106567 0.717289
0 0.246717 0.384688 0.103562 0.714465
0 0.533498 0.486434 0.0992565 0.74483
0 0.720047 0.540348 0.102492 0.752954
0 0.157643 0.342987 0.097401 0.685973
0 0.919743 0.607635 0.110349 0.75867
0 0.0679395 0.3297 0.105311 0.659399
0 0.62274 0.511317 0.10149 0.737333
0 0.987093 0.614366 0.0258144 0.771268
0 0.622576 0.511914 0.101707 0.735986
0 0.340845 0.396721 0.106236 0.721863
0 0.817567 0.576303 0.108548 0.780359
0 0.438051 0.431422 0.106567 0.717289
0 0.246717 0.384688 0.103562 0.714465
0 0.533498 0.486434 0.0992565 0.74483
0 0.720047 0.540348 0.102492 0.752954
0 0.157643 0.342987 0.097401 0.685973
0 0.919743 0.607635 0.110349 0.75867
0 0.0679395 0.3297 0.105311 0.659399
0 0.62274 0.511317 0.10149 0.737333
0 0.987093 0.614366 0.0258144 0.771268
0 0.622576 0.511914 0.101707 0.735986
0 0.340845 0.396721 0.106236 0.721863
0 0.817567 0.576303 0.108548 0.780359
0 0.340857 0.412283 0.108133 0.710468
0 0.62307 0.522826 0.104074 0.713553
0 0.720661 0.550918 0.104147 0.74024
0 0.816778 0.591847 0.107608 0.74811
0 0.437244 0.44671 0.107669 0.707754
0 0.532243 0.500507 0.102273 0.726072
0 0.921103 0.616118 0.110971 0.754821
0 0.157565 0.35205 0.0977534 0.685932
0 0.246814 0.389638 0.10391 0.701839
0 0.0720795 0.329003 0.0968246 0.658005
0 0.0168558 0.339843 0.0336293 0.679686
0 0.340857 0.412283 0.108133 0.710468
0 0.62307 0.522826 0.104074 0.713553
0 0.720661 0.550918 0.104147 0.74024
0 0.816778 0.591847 0.107608 0.74811
0 0.437244 0.44671 0.107669 0.707754
0 0.532243 0.500507 0.102273 0.726072
0 0.921103 0.616118 0.110971 0.754821
0 0.157565 0.35205 0.0977534 0.685932
0 0.246814 0.389638 0.10391 0.701839
0 0.0720795 0.329003 0.0968246 0.658005
0 0.0168558 0.339843 0.0336293 0.679686
0 0.988226 0.614349 0.023444 0.771301
0 0.988652 0.613581 0.0225311 0.76902
0 0.340857 0.412283 0.108133 0.710468
0 0.62307 0.522826 0.104074 0.713553
0 0.720661 0.550918 0.104147 0.74024
0 0.816778 0.591847 0.107608 0.74811
0 0.437244 0.44671 0.107669 0.707754
0 0.532243 0.500507 0.102273 0.726072
0 0.921103 0.616118 0.110971 0.754821
0 0.157565 0.35205 0.0977534 0.685932
0 0.246814 0.389638 0.10391 0.701839
0 0.0720795 0.329003 0.0968246 0.658005
0 0.0168558 0.339843 0.0336293 0.679686
0 0.340857 0.412283 0.108133 0.710468
0 0.62307 0.522826 0.104074 0.713553
0 0.720661 0.550918 0.104147 0.74024
0 0.816778 0.591847 0.107608 0.74811
0 0.437244 0.44671 0.107669 0.707754
0 0.532243 0.500507 0.102273 0.726072
0 0.921103 0.616118 0.110971 0.754821
0 0.157565 0.35205 0.0977534 0.685932
0 0.246814 0.389638 0.10391 0.701839
0 0.0720795 0.329003 0.0968246 0.658005
0 0.0168558 0.339843 0.0336293 0.679686
