0 0.296665 0.632619 0.130335 0.673863
0 0.677801 0.655127 0.192636 0.645362
0 0.524608 0.640506 0.120348 0.685233
0 0.412263 0.637523 0.119136 0.691791
0 0.127335 0.633127 0.228719 0.655094
0 0.869788 0.487657 0.196508 0.831754
0 0.17727 0.603946 0.128071 0.596665
0 0.296665 0.632619 0.130335 0.673863
0 0.677801 0.655127 0.192636 0.645362
0 0.524608 0.640506 0.120348 0.685233
0 0.412263 0.637523 0.119136 0.691791
0 0.127335 0.633127 0.228719 0.655094
0 0.869788 0.487657 0.196508 0.831754
0 0.17727 0.603946 0.128071 0.596665
0 0.296665 0.632619 0.130335 0.673863
0 0.677801 0.655127 0.192636 0.645362
0 0.524608 0.640506 0.120348 0.685233
0 0.412263 0.637523 0.119136 0.691791
0 0.127335 0.633127 0.228719 0.655094
0 0.869788 0.487657 0.196508 0.831754
0 0.17727 0.603946 0.128071 0.596665
0 0.526125 0.646673 0.116186 0.658511
0 0.870718 0.493172 0.18405 0.815269
0 0.6799 0.527927 0.185111 0.864659
0 0.179038 0.602316 0.118548 0.563139
0 0.0746173 0.626208 0.104901 0.575729
0 0.299288 0.641227 0.122824 0.647747
0 0.41427 0.645219 0.114795 0.662811
0 0.526125 0.646673 0.116186 0.658511
0 0.870718 0.493172 0.18405 0.815269
0 0.6799 0.527927 0.185111 0.864659
0 0.179038 0.602316 0.118548 0.563139
0 0.0746173 0.626208 0.104901 0.575729
0 0.299288 0.641227 0.122824 0.647747
0 0.41427 0.645219 0.114795 0.662811
0 0.297294 0.640305 0.118029 0.651327
0 0.526125 0.646673 0.116186 0.658511
0 0.870718 0.493172 0.18405 0.815269
0 0.6799 0.527927 0.185111 0.864659
0 0.179038 0.602316 0.118548 0.563139
0 0.0746173 0.626208 0.104901 0.575729
0 0.299288 0.641227 0.122824 0.647747
0 0.41427 0.645219 0.114795 0.662811
