0 0.155893 0.502643 0.155892 0.980474
0 0.767897 0.516571 0.141728 0.940859
0 0.522805 0.514688 0.131006 0.95323
0 0.648443 0.532553 0.145673 0.934894
0 0.284142 0.503689 0.149998 0.972493
0 0.0414139 0.594724 0.082675 0.370158
0 0.896639 0.51716 0.154387 0.928254
0 0.41035 0.506243 0.127507 0.95331
0 0.96494 0.563721 0.0701199 0.85078
0 0.410022 0.510673 0.124751 0.941801
0 0.155893 0.502643 0.155892 0.980474
0 0.767897 0.516571 0.141728 0.940859
0 0.522805 0.514688 0.131006 0.95323
0 0.648443 0.532553 0.145673 0.934894
0 0.284142 0.503689 0.149998 0.972493
0 0.0414139 0.594724 0.082675 0.370158
0 0.896639 0.51716 0.154387 0.928254
0 0.41035 0.506243 0.127507 0.95331
0 0.96494 0.563721 0.0701199 0.85078
0 0.410022 0.510673 0.124751 0.941801
0 0.155893 0.502643 0.155892 0.980474
0 0.767897 0.516571 0.141728 0.940859
0 0.522805 0.514688 0.131006 0.95323
0 0.648443 0.532553 0.145673 0.934894
0 0.284142 0.503689 0.149998 0.972493
0 0.0414139 0.594724 0.082675 0.370158
0 0.896639 0.51716 0.154387 0.928254
0 0.41035 0.506243 0.127507 0.95331
0 0.96494 0.563721 0.0701199 0.85078
0 0.410022 0.510673 0.124751 0.941801
0 0.288321 0.500362 0.146577 0.968314
0 0.650025 0.531661 0.142481 0.936678
0 0.410331 0.507324 0.124919 0.955129
0 0.52401 0.514277 0.12931 0.956351
0 0.154206 0.503349 0.153835 0.983601
0 0.966372 0.541285 0.0672552 0.886513
0 0.0402869 0.627973 0.0802064 0.425415
0 0.889454 0.543187 0.130282 0.913625
0 0.768093 0.534403 0.126288 0.931195
0 0.288321 0.500362 0.146577 0.968314
0 0.650025 0.531661 0.142481 0.936678
0 0.410331 0.507324 0.124919 0.955129
0 0.52401 0.514277 0.12931 0.956351
0 0.154206 0.503349 0.153835 0.983601
0 0.966372 0.541285 0.0672552 0.886513
0 0.0402869 0.627973 0.0802064 0.425415
0 0.889454 0.543187 0.130282 0.913625
0 0.768093 0.534403 0.126288 0.931195
0 0.40946 0.334772 0.118475 0.608004
0 0.525307 0.7055 0.116851 0.56371
0 0.408786 0.695253 0.113779 0.538717
0 0.288321 0.500362 0.146577 0.968314
0 0.650025 0.531661 0.142481 0.936678
0 0.410331 0.507324 0.124919 0.955129
0 0.52401 0.514277 0.12931 0.956351
0 0.154206 0.503349 0.153835 0.983601
0 0.966372 0.541285 0.0672552 0.886513
0 0.0402869 0.627973 0.0802064 0.425415
0 0.889454 0.543187 0.130282 0.913625
0 0.768093 0.534403 0.126288 0.931195
0 0.288321 0.500362 0.146577 0.968314
0 0.650025 0.531661 0.142481 0.936678
0 0.410331 0.507324 0.124919 0.955129
0 0.52401 0.514277 0.12931 0.956351
0 0.154206 0.503349 0.153835 0.983601
0 0.966372 0.541285 0.0672552 0.886513
0 0.0402869 0.627973 0.0802064 0.425415
0 0.889454 0.543187 0.130282 0.913625
0 0.768093 0.534403 0.126288 0.931195
