0 0.803175 0.471997 0.14482 0.81695
0 0.530994 0.488521 0.107081 0.824164
0 0.0930523 0.557579 0.107708 0.798169
0 0.195723 0.54739 0.111379 0.799551
0 0.311003 0.520996 0.120962 0.821245
0 0.428533 0.496877 0.116022 0.838131
0 0.429698 0.49748 0.121332 0.844633
0 0.62939 0.494075 0.120655 0.809975
0 0.986803 0.462971 0.026395 0.859213
0 0.803175 0.471997 0.14482 0.81695
0 0.530994 0.488521 0.107081 0.824164
0 0.0930523 0.557579 0.107708 0.798169
0 0.195723 0.54739 0.111379 0.799551
0 0.311003 0.520996 0.120962 0.821245
0 0.428533 0.496877 0.116022 0.838131
0 0.429698 0.49748 0.121332 0.844633
0 0.62939 0.494075 0.120655 0.809975
0 0.986803 0.462971 0.026395 0.859213
0 0.803175 0.471997 0.14482 0.81695
0 0.530994 0.488521 0.107081 0.824164
0 0.0930523 0.557579 0.107708 0.798169
0 0.195723 0.54739 0.111379 0.799551
0 0.311003 0.520996 0.120962 0.821245
0 0.428533 0.496877 0.116022 0.838131
0 0.429698 0.49748 0.121332 0.844633
0 0.62939 0.494075 0.120655 0.809975
0 0.986803 0.462971 0.026395 0.859213
0 0.80568 0.47925 0.138641 0.795579
0 0.529878 0.50039 0.102842 0.802814
0 0.658937 0.49723 0.167301 0.808278
0 0.196103 0.54823 0.111201 0.790025
0 0.930252 0.467945 0.134834 0.807759
0 0.430043 0.503841 0.116824 0.816631
0 0.312847 0.528151 0.120189 0.802635
0 0.0943541 0.560638 0.103247 0.783072
0 0.430822 0.500377 0.118313 0.829618
0 0.80568 0.47925 0.138641 0.795579
0 0.529878 0.50039 0.102842 0.802814
0 0.658937 0.49723 0.167301 0.808278
0 0.196103 0.54823 0.111201 0.790025
0 0.930252 0.467945 0.134834 0.807759
0 0.430043 0.503841 0.116824 0.816631
0 0.312847 0.528151 0.120189 0.802635
0 0.0943541 0.560638 0.103247 0.783072
0 0.430822 0.500377 0.118313 0.829618
0 0.0940345 0.558576 0.104238 0.778101
0 0.80568 0.47925 0.138641 0.795579
0 0.529878 0.50039 0.102842 0.802814
0 0.658937 0.49723 0.167301 0.808278
0 0.196103 0.54823 0.111201 0.790025
0 0.930252 0.467945 0.134834 0.807759
0 0.430043 0.503841 0.116824 0.816631
0 0.312847 0.528151 0.120189 0.802635
0 0.0943541 0.560638 0.103247 0.783072
0 0.430822 0.500377 0.118313 0.829618
0 0.80568 0.47925 0.138641 0.795579
0 0.529878 0.50039 0.102842 0.802814
0 0.658937 0.49723 0.167301 0.808278
0 0.196103 0.54823 0.111201 0.790025
0 0.930252 0.467945 0.134834 0.807759
0 0.430043 0.503841 0.116824 0.816631
0 0.312847 0.528151 0.120189 0.802635
0 0.0943541 0.560638 0.103247 0.783072
0 0.430822 0.500377 0.118313 0.829618
