0 0.87442 0.468705 0.24981 0.93741
0 0.137507 0.522542 0.250671 0.921914
0 0.398132 0.681318 0.244886 0.57751
0 0.639603 0.703466 0.239173 0.590704
0 0.87442 0.468705 0.24981 0.93741
0 0.137507 0.522542 0.250671 0.921914
0 0.398132 0.681318 0.244886 0.57751
0 0.639603 0.703466 0.239173 0.590704
0 0.87442 0.468705 0.24981 0.93741
0 0.137507 0.522542 0.250671 0.921914
0 0.398132 0.681318 0.244886 0.57751
0 0.639603 0.703466 0.239173 0.590704
0 0.13947 0.52345 0.246912 0.916663
0 0.873407 0.463388 0.24797 0.926776
0 0.645111 0.696028 0.233286 0.583011
0 0.400486 0.671725 0.245883 0.583553
0 0.13947 0.52345 0.246912 0.916663
0 0.873407 0.463388 0.24797 0.926776
0 0.645111 0.696028 0.233286 0.583011
0 0.400486 0.671725 0.245883 0.583553
0 0.13947 0.52345 0.246912 0.916663
0 0.873407 0.463388 0.24797 0.926776
0 0.645111 0.696028 0.233286 0.583011
0 0.400486 0.671725 0.245883 0.583553
0 0.13947 0.52345 0.246912 0.916663
0 0.873407 0.463388 0.24797 0.926776
0 0.645111 0.696028 0.233286 0.583011
0 0.400486 0.671725 0.245883 0.583553
