0 0.647577 0.496477 0.133852 0.905088
0 0.774225 0.49394 0.134543 0.919693
0 0.400968 0.500833 0.127359 0.890624
0 0.283081 0.502321 0.122068 0.876843
0 0.909619 0.505147 0.143334 0.935204
0 0.518563 0.486573 0.125552 0.907486
0 0.647577 0.496477 0.133852 0.905088
0 0.774225 0.49394 0.134543 0.919693
0 0.400968 0.500833 0.127359 0.890624
0 0.283081 0.502321 0.122068 0.876843
0 0.909619 0.505147 0.143334 0.935204
0 0.518563 0.486573 0.125552 0.907486
0 0.647577 0.496477 0.133852 0.905088
0 0.774225 0.49394 0.134543 0.919693
0 0.400968 0.500833 0.127359 0.890624
0 0.283081 0.502321 0.122068 0.876843
0 0.909619 0.505147 0.143334 0.935204
0 0.518563 0.486573 0.125552 0.907486
0 0.405621 0.483736 0.124196 0.833352
0 0.910599 0.505384 0.137698 0.908822
0 0.775985 0.492895 0.135593 0.882324
0 0.521064 0.456169 0.124204 0.823051
0 0.649689 0.481688 0.130941 0.862364
0 0.287883 0.495003 0.124725 0.816073
0 0.176437 0.486398 0.107387 0.751354
0 0.0744889 0.518886 0.107205 0.796953
0 0.0753239 0.524346 0.111601 0.802446
0 0.177221 0.498672 0.109735 0.778582
0 0.405621 0.483736 0.124196 0.833352
0 0.910599 0.505384 0.137698 0.908822
0 0.775985 0.492895 0.135593 0.882324
0 0.521064 0.456169 0.124204 0.823051
0 0.649689 0.481688 0.130941 0.862364
0 0.287883 0.495003 0.124725 0.816073
0 0.176437 0.486398 0.107387 0.751354
0 0.0744889 0.518886 0.107205 0.796953
0 0.0753239 0.524346 0.111601 0.802446
0 0.177221 0.498672 0.109735 0.778582
0 0.988909 0.468529 0.0221828 0.832185
0 0.405621 0.483736 0.124196 0.833352
0 0.910599 0.505384 0.137698 0.908822
0 0.775985 0.492895 0.135593 0.882324
0 0.521064 0.456169 0.124204 0.823051
0 0.649689 0.481688 0.130941 0.862364
0 0.287883 0.495003 0.124725 0.816073
0 0.176437 0.486398 0.107387 0.751354
0 0.0744889 0.518886 0.107205 0.796953
0 0.0753239 0.524346 0.111601 0.802446
0 0.177221 0.498672 0.109735 0.778582
0 0.405621 0.483736 0.124196 0.833352
0 0.910599 0.505384 0.137698 0.908822
0 0.775985 0.492895 0.135593 0.882324
0 0.521064 0.456169 0.124204 0.823051
0 0.649689 0.481688 0.130941 0.862364
0 0.287883 0.495003 0.124725 0.816073
0 0.176437 0.486398 0.107387 0.751354
0 0.0744889 0.518886 0.107205 0.796953
0 0.0753239 0.524346 0.111601 0.802446
0 0.177221 0.498672 0.109735 0.778582
