0 0.0819588 0.54105 0.163918 0.757184
0 0.50357 0.550987 0.174379 0.768394
0 0.677095 0.553672 0.202754 0.783637
0 0.300916 0.512934 0.200594 0.859974
0 0.0819588 0.54105 0.163918 0.757184
0 0.50357 0.550987 0.174379 0.768394
0 0.677095 0.553672 0.202754 0.783637
0 0.300916 0.512934 0.200594 0.859974
0 0.0819588 0.54105 0.163918 0.757184
0 0.50357 0.550987 0.174379 0.768394
0 0.677095 0.553672 0.202754 0.783637
0 0.300916 0.512934 0.200594 0.859974
0 0.496001 0.547116 0.155158 0.708867
0 0.981596 0.810064 0.036809 0.368922
0 0.0392039 0.520863 0.0775581 0.708535
0 0.496001 0.547116 0.155158 0.708867
0 0.981596 0.810064 0.036809 0.368922
0 0.0392039 0.520863 0.0775581 0.708535
0 0.285635 0.550048 0.153934 0.76525
0 0.681347 0.559666 0.161388 0.76687
0 0.980361 0.808393 0.0392772 0.370681
0 0.104606 0.548747 0.112109 0.748961
0 0.496001 0.547116 0.155158 0.708867
0 0.981596 0.810064 0.036809 0.368922
0 0.0392039 0.520863 0.0775581 0.708535
0 0.496001 0.547116 0.155158 0.708867
0 0.981596 0.810064 0.036809 0.368922
0 0.0392039 0.520863 0.0775581 0.708535
