0 0.547422 0.545353 0.129219 0.800031
0 0.913916 0.564702 0.143856 0.840709
0 0.112606 0.452902 0.119902 0.662418
0 0.663485 0.533201 0.132987 0.852228
0 0.317119 0.547443 0.11777 0.629853
0 0.215993 0.468975 0.12473 0.708824
0 0.428095 0.539922 0.122286 0.714304
0 0.785304 0.546976 0.13473 0.844665
0 0.547422 0.545353 0.129219 0.800031
0 0.913916 0.564702 0.143856 0.840709
0 0.112606 0.452902 0.119902 0.662418
0 0.663485 0.533201 0.132987 0.852228
0 0.317119 0.547443 0.11777 0.629853
0 0.215993 0.468975 0.12473 0.708824
0 0.428095 0.539922 0.122286 0.714304
0 0.785304 0.546976 0.13473 0.844665
0 0.547422 0.545353 0.129219 0.800031
0 0.913916 0.564702 0.143856 0.840709
0 0.112606 0.452902 0.119902 0.662418
0 0.663485 0.533201 0.132987 0.852228
0 0.317119 0.547443 0.11777 0.629853
0 0.215993 0.468975 0.12473 0.708824
0 0.428095 0.539922 0.122286 0.714304
0 0.785304 0.546976 0.13473 0.844665
0 0.212144 0.491359 0.116977 0.661567
0 0.316635 0.527334 0.114304 0.666782
0 0.429947 0.549186 0.118788 0.70032
0 0.910174 0.587583 0.127518 0.804348
0 0.786201 0.568396 0.129603 0.808411
0 0.546082 0.568631 0.121502 0.724981
0 0.661471 0.541891 0.128076 0.824625
0 0.113274 0.461862 0.114182 0.643212
0 0.212144 0.491359 0.116977 0.661567
0 0.316635 0.527334 0.114304 0.666782
0 0.429947 0.549186 0.118788 0.70032
0 0.910174 0.587583 0.127518 0.804348
0 0.786201 0.568396 0.129603 0.808411
0 0.546082 0.568631 0.121502 0.724981
0 0.661471 0.541891 0.128076 0.824625
0 0.113274 0.461862 0.114182 0.643212
0 0.0252388 0.450298 0.0504776 0.761019
0 0.212144 0.491359 0.116977 0.661567
0 0.316635 0.527334 0.114304 0.666782
0 0.429947 0.549186 0.118788 0.70032
0 0.910174 0.587583 0.127518 0.804348
0 0.786201 0.568396 0.129603 0.808411
0 0.546082 0.568631 0.121502 0.724981
0 0.661471 0.541891 0.128076 0.824625
0 0.113274 0.461862 0.114182 0.643212
0 0.212144 0.491359 0.116977 0.661567
0 0.316635 0.527334 0.114304 0.666782
0 0.429947 0.549186 0.118788 0.70032
0 0.910174 0.587583 0.127518 0.804348
0 0.786201 0.568396 0.129603 0.808411
0 0.546082 0.568631 0.121502 0.724981
0 0.661471 0.541891 0.128076 0.824625
0 0.113274 0.461862 0.114182 0.643212
