0 0.0851311 0.805066 0.151733 0.352857
0 0.224578 0.430562 0.233435 0.47762
0 0.39775 0.813723 0.229748 0.371846
0 0.215415 0.824456 0.130952 0.341436
0 0.0451657 0.40202 0.0899723 0.464351
0 0.592893 0.53893 0.207053 0.354614
0 0.810928 0.850211 0.338111 0.299578
0 0.0851311 0.805066 0.151733 0.352857
0 0.224578 0.430562 0.233435 0.47762
0 0.39775 0.813723 0.229748 0.371846
0 0.215415 0.824456 0.130952 0.341436
0 0.0451657 0.40202 0.0899723 0.464351
0 0.592893 0.53893 0.207053 0.354614
0 0.810928 0.850211 0.338111 0.299578
0 0.0851311 0.805066 0.151733 0.352857
0 0.224578 0.430562 0.233435 0.47762
0 0.39775 0.813723 0.229748 0.371846
0 0.215415 0.824456 0.130952 0.341436
0 0.0451657 0.40202 0.0899723 0.464351
0 0.592893 0.53893 0.207053 0.354614
0 0.810928 0.850211 0.338111 0.299578
0 0.0861321 0.807805 0.14676 0.346092
0 0.215006 0.834355 0.125641 0.317154
0 0.588369 0.682045 0.206393 0.63591
0 0.583213 0.848769 0.158679 0.302461
0 0.905712 0.876905 0.131458 0.24619
0 0.756534 0.863944 0.189549 0.272112
0 0.395382 0.817656 0.227849 0.364689
0 0.0861321 0.807805 0.14676 0.346092
0 0.215006 0.834355 0.125641 0.317154
0 0.588369 0.682045 0.206393 0.63591
0 0.583213 0.848769 0.158679 0.302461
0 0.905712 0.876905 0.131458 0.24619
0 0.756534 0.863944 0.189549 0.272112
0 0.395382 0.817656 0.227849 0.364689
0 0.817144 0.853509 0.313048 0.292983
0 0.0122105 0.807744 0.024421 0.356764
0 0.836567 0.861314 0.297413 0.277373
0 0.226674 0.451468 0.218359 0.497878
0 0.0861321 0.807805 0.14676 0.346092
0 0.215006 0.834355 0.125641 0.317154
0 0.588369 0.682045 0.206393 0.63591
0 0.583213 0.848769 0.158679 0.302461
0 0.905712 0.876905 0.131458 0.24619
0 0.756534 0.863944 0.189549 0.272112
0 0.395382 0.817656 0.227849 0.364689
0 0.0861321 0.807805 0.14676 0.346092
0 0.215006 0.834355 0.125641 0.317154
0 0.588369 0.682045 0.206393 0.63591
0 0.583213 0.848769 0.158679 0.302461
0 0.905712 0.876905 0.131458 0.24619
0 0.756534 0.863944 0.189549 0.272112
0 0.395382 0.817656 0.227849 0.364689
