0 0.779961 0.547269 0.282187 0.815022
0 0.313904 0.589812 0.223653 0.762825
0 0.539972 0.562319 0.235122 0.791385
0 0.118282 0.615258 0.203028 0.729239
0 0.779961 0.547269 0.282187 0.815022
0 0.313904 0.589812 0.223653 0.762825
0 0.539972 0.562319 0.235122 0.791385
0 0.118282 0.615258 0.203028 0.729239
0 0.779961 0.547269 0.282187 0.815022
0 0.313904 0.589812 0.223653 0.762825
0 0.539972 0.562319 0.235122 0.791385
0 0.118282 0.615258 0.203028 0.729239
0 0.781779 0.544735 0.280262 0.848505
0 0.545141 0.574608 0.240314 0.807027
0 0.127007 0.620694 0.209706 0.735832
0 0.321933 0.592642 0.251584 0.782799
0 0.781779 0.544735 0.280262 0.848505
0 0.545141 0.574608 0.240314 0.807027
0 0.127007 0.620694 0.209706 0.735832
0 0.321933 0.592642 0.251584 0.782799
0 0.322379 0.591948 0.251113 0.779948
0 0.781779 0.544735 0.280262 0.848505
0 0.545141 0.574608 0.240314 0.807027
0 0.127007 0.620694 0.209706 0.735832
0 0.321933 0.592642 0.251584 0.782799
0 0.781779 0.544735 0.280262 0.848505
0 0.545141 0.574608 0.240314 0.807027
0 0.127007 0.620694 0.209706 0.735832
0 0.321933 0.592642 0.251584 0.782799
