0 0.133731 0.670419 0.149964 0.440757
0 0.719653 0.314119 0.108469 0.356518
0 0.526665 0.464425 0.148906 0.425213
0 0.909688 0.239418 0.119904 0.238458
0 0.717557 0.810508 0.127419 0.366901
0 0.402503 0.499582 0.158094 0.467733
0 0.526169 0.4927 0.144157 0.367758
0 0.936427 0.586529 0.124269 0.336032
0 0.266161 0.618107 0.165578 0.413296
0 0.133731 0.670419 0.149964 0.440757
0 0.719653 0.314119 0.108469 0.356518
0 0.526665 0.464425 0.148906 0.425213
0 0.909688 0.239418 0.119904 0.238458
0 0.717557 0.810508 0.127419 0.366901
0 0.402503 0.499582 0.158094 0.467733
0 0.526169 0.4927 0.144157 0.367758
0 0.936427 0.586529 0.124269 0.336032
0 0.266161 0.618107 0.165578 0.413296
0 0.133731 0.670419 0.149964 0.440757
0 0.719653 0.314119 0.108469 0.356518
0 0.526665 0.464425 0.148906 0.425213
0 0.909688 0.239418 0.119904 0.238458
0 0.717557 0.810508 0.127419 0.366901
0 0.402503 0.499582 0.158094 0.467733
0 0.526169 0.4927 0.144157 0.367758
0 0.936427 0.586529 0.124269 0.336032
0 0.266161 0.618107 0.165578 0.413296
0 0.405619 0.502688 0.154212 0.446718
0 0.719855 0.317837 0.100742 0.352607
0 0.813631 0.273336 0.0850924 0.312613
0 0.138622 0.667388 0.146863 0.441354
0 0.529031 0.454635 0.135423 0.401222
0 0.634383 0.356378 0.0891106 0.362846
0 0.405619 0.502688 0.154212 0.446718
0 0.719855 0.317837 0.100742 0.352607
0 0.813631 0.273336 0.0850924 0.312613
0 0.138622 0.667388 0.146863 0.441354
0 0.529031 0.454635 0.135423 0.401222
0 0.634383 0.356378 0.0891106 0.362846
0 0.883749 0.250575 0.0541124 0.233996
0 0.995092 0.195538 0.00981702 0.185018
0 0.910365 0.246702 0.103472 0.229333
0 0.995023 0.195913 0.0099534 0.185169
0 0.405619 0.502688 0.154212 0.446718
0 0.719855 0.317837 0.100742 0.352607
0 0.813631 0.273336 0.0850924 0.312613
0 0.138622 0.667388 0.146863 0.441354
0 0.529031 0.454635 0.135423 0.401222
0 0.634383 0.356378 0.0891106 0.362846
0 0.405619 0.502688 0.154212 0.446718
0 0.719855 0.317837 0.100742 0.352607
0 0.813631 0.273336 0.0850924 0.312613
0 0.138622 0.667388 0.146863 0.441354
0 0.529031 0.454635 0.135423 0.401222
0 0.634383 0.356378 0.0891106 0.362846
