0 0.463954 0.534222 0.0925985 0.862275
0 0.187098 0.522208 0.0943987 0.864798
0 0.740057 0.491413 0.092896 0.902135
0 0.834196 0.484912 0.0912807 0.904543
0 0.555164 0.503854 0.0938796 0.910634
0 0.279268 0.527997 0.0938783 0.853426
0 0.37157 0.529946 0.0917264 0.840579
0 0.646985 0.505519 0.0915006 0.901583
0 0.924612 0.499041 0.081691 0.837817
0 0.0784743 0.514213 0.102309 0.867728
0 0.0143448 0.517292 0.0286037 0.876082
0 0.463954 0.534222 0.0925985 0.862275
0 0.187098 0.522208 0.0943987 0.864798
0 0.740057 0.491413 0.092896 0.902135
0 0.834196 0.484912 0.0912807 0.904543
0 0.555164 0.503854 0.0938796 0.910634
0 0.279268 0.527997 0.0938783 0.853426
0 0.37157 0.529946 0.0917264 0.840579
0 0.646985 0.505519 0.0915006 0.901583
0 0.924612 0.499041 0.081691 0.837817
0 0.0784743 0.514213 0.102309 0.867728
0 0.0143448 0.517292 0.0286037 0.876082
0 0.463954 0.534222 0.0925985 0.862275
0 0.187098 0.522208 0.0943987 0.864798
0 0.740057 0.491413 0.092896 0.902135
0 0.834196 0.484912 0.0912807 0.904543
0 0.555164 0.503854 0.0938796 0.910634
0 0.279268 0.527997 0.0938783 0.853426
0 0.37157 0.529946 0.0917264 0.840579
0 0.646985 0.505519 0.0915006 0.901583
0 0.924612 0.499041 0.081691 0.837817
0 0.0784743 0.514213 0.102309 0.867728
0 0.0143448 0.517292 0.0286037 0.876082
0 0.555404 0.511968 0.0934316 0.900695
0 0.185456 0.522658 0.0978391 0.867875
0 0.464061 0.532582 0.0922628 0.863038
0 0.279054 0.535041 0.0954701 0.8581
0 0.938797 0.509064 0.116867 0.877086
0 0.0771976 0.516606 0.102732 0.876232
0 0.739571 0.495885 0.0945735 0.889451
0 0.646362 0.509235 0.0942667 0.900934
0 0.0152847 0.507244 0.0305694 0.86198
0 0.833328 0.491548 0.0944951 0.909205
0 0.371395 0.536044 0.0941044 0.852198
0 0.371851 0.535998 0.0939894 0.854003
0 0.555404 0.511968 0.0934316 0.900695
0 0.185456 0.522658 0.0978391 0.867875
0 0.464061 0.532582 0.0922628 0.863038
0 0.279054 0.535041 0.0954701 0.8581
0 0.938797 0.509064 0.116867 0.877086
0 0.0771976 0.516606 0.102732 0.876232
0 0.739571 0.495885 0.0945735 0.889451
0 0.646362 0.509235 0.0942667 0.900934
0 0.0152847 0.507244 0.0305694 0.86198
0 0.833328 0.491548 0.0944951 0.909205
0 0.371395 0.536044 0.0941044 0.852198
0 0.371851 0.535998 0.0939894 0.854003
0 0.987022 0.509558 0.0259562 0.851199
