0 0.534118 0.586096 0.0994321 0.544074
0 0.156903 0.543769 0.0982759 0.500028
0 0.63286 0.592318 0.100301 0.552568
0 0.245093 0.540365 0.0783143 0.546111
0 0.733278 0.602142 0.101192 0.555547
0 0.732856 0.454245 0.109803 0.873646
0 0.534118 0.586096 0.0994321 0.544074
0 0.156903 0.543769 0.0982759 0.500028
0 0.63286 0.592318 0.100301 0.552568
0 0.245093 0.540365 0.0783143 0.546111
0 0.733278 0.602142 0.101192 0.555547
0 0.732856 0.454245 0.109803 0.873646
0 0.534118 0.586096 0.0994321 0.544074
0 0.156903 0.543769 0.0982759 0.500028
0 0.63286 0.592318 0.100301 0.552568
0 0.245093 0.540365 0.0783143 0.546111
0 0.733278 0.602142 0.101192 0.555547
0 0.732856 0.454245 0.109803 0.873646
0 0.158119 0.461727 0.0987368 0.65155
0 0.634243 0.50507 0.0999843 0.643798
0 0.535968 0.496226 0.100296 0.661429
0 0.0582418 0.452886 0.101076 0.652261
0 0.246799 0.467074 0.0801629 0.683566
0 0.83118 0.57012 0.0971089 0.764877
0 0.930531 0.570388 0.103141 0.783962
0 0.437506 0.534831 0.101639 0.730185
0 0.733793 0.505794 0.102086 0.677229
0 0.334903 0.537324 0.104621 0.771289
0 0.158119 0.461727 0.0987368 0.65155
0 0.634243 0.50507 0.0999843 0.643798
0 0.535968 0.496226 0.100296 0.661429
0 0.0582418 0.452886 0.101076 0.652261
0 0.246799 0.467074 0.0801629 0.683566
0 0.83118 0.57012 0.0971089 0.764877
0 0.930531 0.570388 0.103141 0.783962
0 0.437506 0.534831 0.101639 0.730185
0 0.733793 0.505794 0.102086 0.677229
0 0.334903 0.537324 0.104621 0.771289
0 0.830276 0.56559 0.0964456 0.774656
0 0.158119 0.461727 0.0987368 0.65155
0 0.634243 0.50507 0.0999843 0.643798
0 0.535968 0.496226 0.100296 0.661429
0 0.0582418 0.452886 0.101076 0.652261
0 0.246799 0.467074 0.0801629 0.683566
0 0.83118 0.57012 0.0971089 0.764877
0 0.930531 0.570388 0.103141 0.783962
0 0.437506 0.534831 0.101639 0.730185
0 0.733793 0.505794 0.102086 0.677229
0 0.334903 0.537324 0.104621 0.771289
