0 0.301623 0.502406 0.221868 0.805734
0 0.113553 0.721577 0.222739 0.504337
0 0.638935 0.418037 0.186913 0.713511
0 0.919149 0.323158 0.158385 0.646316
0 0.476865 0.448591 0.201533 0.776126
0 0.787869 0.359947 0.179257 0.686665
0 0.919601 0.43692 0.150724 0.402588
0 0.789501 0.360234 0.176842 0.690531
0 0.301623 0.502406 0.221868 0.805734
0 0.113553 0.721577 0.222739 0.504337
0 0.638935 0.418037 0.186913 0.713511
0 0.919149 0.323158 0.158385 0.646316
0 0.476865 0.448591 0.201533 0.776126
0 0.787869 0.359947 0.179257 0.686665
0 0.919601 0.43692 0.150724 0.402588
0 0.789501 0.360234 0.176842 0.690531
0 0.301623 0.502406 0.221868 0.805734
0 0.113553 0.721577 0.222739 0.504337
0 0.638935 0.418037 0.186913 0.713511
0 0.919149 0.323158 0.158385 0.646316
0 0.476865 0.448591 0.201533 0.776126
0 0.787869 0.359947 0.179257 0.686665
0 0.919601 0.43692 0.150724 0.402588
0 0.789501 0.360234 0.176842 0.690531
0 0.477713 0.442781 0.200476 0.751996
0 0.642695 0.415502 0.187791 0.687026
0 0.303066 0.488391 0.220288 0.818079
0 0.119296 0.718464 0.230009 0.529886
0 0.795774 0.362877 0.172978 0.658961
0 0.792334 0.484676 0.156052 0.404996
0 0.920898 0.438277 0.152757 0.394225
0 0.508055 0.593644 0.124319 0.420474
0 0.124184 0.358982 0.190555 0.267188
0 0.477713 0.442781 0.200476 0.751996
0 0.642695 0.415502 0.187791 0.687026
0 0.303066 0.488391 0.220288 0.818079
0 0.119296 0.718464 0.230009 0.529886
0 0.795774 0.362877 0.172978 0.658961
0 0.792334 0.484676 0.156052 0.404996
0 0.920898 0.438277 0.152757 0.394225
0 0.508055 0.593644 0.124319 0.420474
0 0.124184 0.358982 0.190555 0.267188
0 0.920208 0.318994 0.158163 0.637988
0 0.643577 0.235245 0.172165 0.299382
0 0.425901 0.606291 0.0866389 0.419551
0 0.477713 0.442781 0.200476 0.751996
0 0.642695 0.415502 0.187791 0.687026
0 0.303066 0.488391 0.220288 0.818079
0 0.119296 0.718464 0.230009 0.529886
0 0.795774 0.362877 0.172978 0.658961
0 0.792334 0.484676 0.156052 0.404996
0 0.920898 0.438277 0.152757 0.394225
0 0.508055 0.593644 0.124319 0.420474
0 0.124184 0.358982 0.190555 0.267188
