0 0.366087 0.565592 0.145694 0.753582
0 0.258047 0.59041 0.140422 0.752292
0 0.584248 0.467194 0.15748 0.849228
0 0.776907 0.427115 0.270269 0.848984
0 0.136643 0.59913 0.163707 0.753411
0 0.366087 0.565592 0.145694 0.753582
0 0.258047 0.59041 0.140422 0.752292
0 0.584248 0.467194 0.15748 0.849228
0 0.776907 0.427115 0.270269 0.848984
0 0.136643 0.59913 0.163707 0.753411
0 0.366087 0.565592 0.145694 0.753582
0 0.258047 0.59041 0.140422 0.752292
0 0.584248 0.467194 0.15748 0.849228
0 0.776907 0.427115 0.270269 0.848984
0 0.136643 0.59913 0.163707 0.753411
0 0.368369 0.580231 0.132164 0.71889
0 0.258238 0.607414 0.119846 0.707685
0 0.143579 0.615204 0.134011 0.71366
0 0.775449 0.425956 0.244065 0.805694
0 0.557735 0.482622 0.232169 0.832193
0 0.368369 0.580231 0.132164 0.71889
0 0.258238 0.607414 0.119846 0.707685
0 0.143579 0.615204 0.134011 0.71366
0 0.775449 0.425956 0.244065 0.805694
0 0.557735 0.482622 0.232169 0.832193
0 0.368369 0.580231 0.132164 0.71889
0 0.258238 0.607414 0.119846 0.707685
0 0.143579 0.615204 0.134011 0.71366
0 0.775449 0.425956 0.244065 0.805694
0 0.557735 0.482622 0.232169 0.832193
0 0.368369 0.580231 0.132164 0.71889
0 0.258238 0.607414 0.119846 0.707685
0 0.143579 0.615204 0.134011 0.71366
0 0.775449 0.425956 0.244065 0.805694
0 0.557735 0.482622 0.232169 0.832193
