0 0.158818 0.514112 0.160691 0.824693
0 0.659407 0.513129 0.166998 0.868066
0 0.325385 0.530217 0.163344 0.841718
0 0.833859 0.458569 0.175174 0.866872
0 0.493482 0.536532 0.161874 0.859602
0 0.158818 0.514112 0.160691 0.824693
0 0.659407 0.513129 0.166998 0.868066
0 0.325385 0.530217 0.163344 0.841718
0 0.833859 0.458569 0.175174 0.866872
0 0.493482 0.536532 0.161874 0.859602
0 0.158818 0.514112 0.160691 0.824693
0 0.659407 0.513129 0.166998 0.868066
0 0.325385 0.530217 0.163344 0.841718
0 0.833859 0.458569 0.175174 0.866872
0 0.493482 0.536532 0.161874 0.859602
0 0.494389 0.532265 0.167342 0.845097
0 0.156316 0.514021 0.165457 0.812991
0 0.835719 0.457107 0.171742 0.851043
0 0.325574 0.528294 0.165831 0.837546
0 0.662259 0.512332 0.166323 0.860264
0 0.494389 0.532265 0.167342 0.845097
0 0.156316 0.514021 0.165457 0.812991
0 0.835719 0.457107 0.171742 0.851043
0 0.325574 0.528294 0.165831 0.837546
0 0.662259 0.512332 0.166323 0.860264
0 0.9894 0.518232 0.0210495 0.963536
0 0.988272 0.446157 0.0233677 0.835592
0 0.494389 0.532265 0.167342 0.845097
0 0.156316 0.514021 0.165457 0.812991
0 0.835719 0.457107 0.171742 0.851043
0 0.325574 0.528294 0.165831 0.837546
0 0.662259 0.512332 0.166323 0.860264
0 0.494389 0.532265 0.167342 0.845097
0 0.156316 0.514021 0.165457 0.812991
0 0.835719 0.457107 0.171742 0.851043
0 0.325574 0.528294 0.165831 0.837546
0 0.662259 0.512332 0.166323 0.860264
