0 0.418997 0.49358 0.129401 0.880831
0 0.040838 0.580052 0.081676 0.63943
0 0.551864 0.507488 0.127224 0.874328
0 0.154766 0.587962 0.140736 0.645933
0 0.785605 0.542505 0.359628 0.913351
0 0.29244 0.48221 0.124921 0.860589
0 0.418997 0.49358 0.129401 0.880831
0 0.040838 0.580052 0.081676 0.63943
0 0.551864 0.507488 0.127224 0.874328
0 0.154766 0.587962 0.140736 0.645933
0 0.785605 0.542505 0.359628 0.913351
0 0.29244 0.48221 0.124921 0.860589
0 0.418997 0.49358 0.129401 0.880831
0 0.040838 0.580052 0.081676 0.63943
0 0.551864 0.507488 0.127224 0.874328
0 0.154766 0.587962 0.140736 0.645933
0 0.785605 0.542505 0.359628 0.913351
0 0.29244 0.48221 0.124921 0.860589
0 0.421641 0.492272 0.137532 0.873719
0 0.0411697 0.578412 0.0823394 0.630969
0 0.555227 0.505726 0.135887 0.859654
0 0.291756 0.481352 0.133307 0.873454
0 0.157665 0.590379 0.139082 0.639775
0 0.794523 0.653697 0.351387 0.661898
0 0.421641 0.492272 0.137532 0.873719
0 0.0411697 0.578412 0.0823394 0.630969
0 0.555227 0.505726 0.135887 0.859654
0 0.291756 0.481352 0.133307 0.873454
0 0.157665 0.590379 0.139082 0.639775
0 0.794523 0.653697 0.351387 0.661898
0 0.984515 0.692451 0.0309698 0.558354
0 0.421641 0.492272 0.137532 0.873719
0 0.0411697 0.578412 0.0823394 0.630969
0 0.555227 0.505726 0.135887 0.859654
0 0.291756 0.481352 0.133307 0.873454
0 0.157665 0.590379 0.139082 0.639775
0 0.794523 0.653697 0.351387 0.661898
0 0.421641 0.492272 0.137532 0.873719
0 0.0411697 0.578412 0.0823394 0.630969
0 0.555227 0.505726 0.135887 0.859654
0 0.291756 0.481352 0.133307 0.873454
0 0.157665 0.590379 0.139082 0.639775
0 0.794523 0.653697 0.351387 0.661898
