0 0.914699 0.745434 0.168734 0.509132
0 0.669055 0.642301 0.38912 0.648935
0 0.977336 0.338117 0.0453289 0.452743
0 0.511621 0.651813 0.181751 0.526786
0 0.914208 0.269665 0.167667 0.53855
0 0.914699 0.745434 0.168734 0.509132
0 0.669055 0.642301 0.38912 0.648935
0 0.977336 0.338117 0.0453289 0.452743
0 0.511621 0.651813 0.181751 0.526786
0 0.914208 0.269665 0.167667 0.53855
0 0.914699 0.745434 0.168734 0.509132
0 0.669055 0.642301 0.38912 0.648935
0 0.977336 0.338117 0.0453289 0.452743
0 0.511621 0.651813 0.181751 0.526786
0 0.914208 0.269665 0.167667 0.53855
0 0.914555 0.739243 0.169652 0.521514
0 0.650367 0.642227 0.437182 0.65938
0 0.969377 0.286472 0.0612461 0.527185
0 0.914555 0.739243 0.169652 0.521514
0 0.650367 0.642227 0.437182 0.65938
0 0.969377 0.286472 0.0612461 0.527185
0 0.917474 0.269015 0.161135 0.533173
0 0.903372 0.258854 0.126688 0.508285
