0 0.13109 0.579448 0.13489 0.678018
0 0.940764 0.439749 0.118472 0.812575
0 0.779348 0.46689 0.268125 0.830183
0 0.441613 0.518093 0.234247 0.754002
0 0.603025 0.49512 0.13122 0.762406
0 0.605183 0.495309 0.131079 0.759787
0 0.13109 0.579448 0.13489 0.678018
0 0.940764 0.439749 0.118472 0.812575
0 0.779348 0.46689 0.268125 0.830183
0 0.441613 0.518093 0.234247 0.754002
0 0.603025 0.49512 0.13122 0.762406
0 0.605183 0.495309 0.131079 0.759787
0 0.13109 0.579448 0.13489 0.678018
0 0.940764 0.439749 0.118472 0.812575
0 0.779348 0.46689 0.268125 0.830183
0 0.441613 0.518093 0.234247 0.754002
0 0.603025 0.49512 0.13122 0.762406
0 0.605183 0.495309 0.131079 0.759787
0 0.129274 0.585938 0.1358 0.668165
0 0.129274 0.585938 0.1358 0.668165
0 0.502879 0.507736 0.331178 0.762304
0 0.772692 0.330092 0.258892 0.553971
0 0.129274 0.585938 0.1358 0.668165
0 0.129274 0.585938 0.1358 0.668165
