0 0.341707 0.596593 0.118648 0.631594
0 0.461781 0.604921 0.116904 0.64681
0 0.70119 0.60562 0.122045 0.677523
0 0.102056 0.625734 0.121632 0.668145
0 0.818175 0.587011 0.113756 0.646244
0 0.931909 0.579468 0.111605 0.631875
0 0.579492 0.60025 0.117195 0.644604
0 0.221889 0.599973 0.117427 0.643516
0 0.0212037 0.638139 0.0421529 0.673344
0 0.341707 0.596593 0.118648 0.631594
0 0.461781 0.604921 0.116904 0.64681
0 0.70119 0.60562 0.122045 0.677523
0 0.102056 0.625734 0.121632 0.668145
0 0.818175 0.587011 0.113756 0.646244
0 0.931909 0.579468 0.111605 0.631875
0 0.579492 0.60025 0.117195 0.644604
0 0.221889 0.599973 0.117427 0.643516
0 0.0212037 0.638139 0.0421529 0.673344
0 0.341707 0.596593 0.118648 0.631594
0 0.461781 0.604921 0.116904 0.64681
0 0.70119 0.60562 0.122045 0.677523
0 0.102056 0.625734 0.121632 0.668145
0 0.818175 0.587011 0.113756 0.646244
0 0.931909 0.579468 0.111605 0.631875
0 0.579492 0.60025 0.117195 0.644604
0 0.221889 0.599973 0.117427 0.643516
0 0.0212037 0.638139 0.0421529 0.673344
0 0.700961 0.604575 0.119084 0.639569
0 0.101957 0.635463 0.121283 0.641759
0 0.221386 0.619692 0.119309 0.638785
0 0.818834 0.591916 0.114423 0.628935
0 0.933386 0.5852 0.113977 0.616493
0 0.342494 0.600773 0.121182 0.608681
0 0.462518 0.614884 0.116382 0.633583
0 0.0203305 0.652869 0.0406609 0.626281
0 0.991404 0.608391 0.017192 0.585215
0 0.578263 0.606359 0.116469 0.627735
0 0.700961 0.604575 0.119084 0.639569
0 0.101957 0.635463 0.121283 0.641759
0 0.221386 0.619692 0.119309 0.638785
0 0.818834 0.591916 0.114423 0.628935
0 0.933386 0.5852 0.113977 0.616493
0 0.342494 0.600773 0.121182 0.608681
0 0.462518 0.614884 0.116382 0.633583
0 0.0203305 0.652869 0.0406609 0.626281
0 0.991404 0.608391 0.017192 0.585215
0 0.578263 0.606359 0.116469 0.627735
0 0.700961 0.604575 0.119084 0.639569
0 0.101957 0.635463 0.121283 0.641759
0 0.221386 0.619692 0.119309 0.638785
0 0.818834 0.591916 0.114423 0.628935
0 0.933386 0.5852 0.113977 0.616493
0 0.342494 0.600773 0.121182 0.608681
0 0.462518 0.614884 0.116382 0.633583
0 0.0203305 0.652869 0.0406609 0.626281
0 0.991404 0.608391 0.017192 0.585215
0 0.578263 0.606359 0.116469 0.627735
