0 0.45182 0.502886 0.473175 0.815724
0 0.829637 0.443191 0.335332 0.860401
0 0.131195 0.536686 0.262391 0.809185
0 0.45182 0.502886 0.473175 0.815724
0 0.829637 0.443191 0.335332 0.860401
0 0.131195 0.536686 0.262391 0.809185
0 0.45182 0.502886 0.473175 0.815724
0 0.829637 0.443191 0.335332 0.860401
0 0.131195 0.536686 0.262391 0.809185
0 0.831729 0.436316 0.336541 0.872631
0 0.468033 0.487506 0.461275 0.830222
0 0.129683 0.546144 0.257622 0.794707
0 0.831729 0.436316 0.336541 0.872631
0 0.468033 0.487506 0.461275 0.830222
0 0.129683 0.546144 0.257622 0.794707
0 0.831729 0.436316 0.336541 0.872631
0 0.468033 0.487506 0.461275 0.830222
0 0.129683 0.546144 0.257622 0.794707
0 0.831729 0.436316 0.336541 0.872631
0 0.468033 0.487506 0.461275 0.830222
0 0.129683 0.546144 0.257622 0.794707
