0 0.426217 0.503778 0.183875 0.954295
0 0.268434 0.501822 0.192235 0.974278
0 0.585462 0.512103 0.193379 0.923578
0 0.099035 0.536966 0.19807 0.920322
0 0.426217 0.503778 0.183875 0.954295
0 0.268434 0.501822 0.192235 0.974278
0 0.585462 0.512103 0.193379 0.923578
0 0.099035 0.536966 0.19807 0.920322
0 0.426217 0.503778 0.183875 0.954295
0 0.268434 0.501822 0.192235 0.974278
0 0.585462 0.512103 0.193379 0.923578
0 0.099035 0.536966 0.19807 0.920322
0 0.262291 0.496392 0.183481 0.974161
0 0.587675 0.524162 0.181182 0.923134
0 0.426754 0.548516 0.177303 0.871337
0 0.731888 0.495082 0.144109 0.979056
0 0.0990938 0.543179 0.194971 0.894935
0 0.262291 0.496392 0.183481 0.974161
0 0.587675 0.524162 0.181182 0.923134
0 0.426754 0.548516 0.177303 0.871337
0 0.731888 0.495082 0.144109 0.979056
0 0.0990938 0.543179 0.194971 0.894935
0 0.0988218 0.544257 0.194022 0.89648
0 0.9828 0.574054 0.0343561 0.851892
0 0.262291 0.496392 0.183481 0.974161
0 0.587675 0.524162 0.181182 0.923134
0 0.426754 0.548516 0.177303 0.871337
0 0.731888 0.495082 0.144109 0.979056
0 0.0990938 0.543179 0.194971 0.894935
