0 0.652604 0.503185 0.171557 0.917814
0 0.49234 0.503457 0.176244 0.912178
0 0.815616 0.390984 0.237486 0.770481
0 0.328164 0.491359 0.18888 0.901094
0 0.652604 0.503185 0.171557 0.917814
0 0.49234 0.503457 0.176244 0.912178
0 0.815616 0.390984 0.237486 0.770481
0 0.328164 0.491359 0.18888 0.901094
0 0.652604 0.503185 0.171557 0.917814
0 0.49234 0.503457 0.176244 0.912178
0 0.815616 0.390984 0.237486 0.770481
0 0.328164 0.491359 0.18888 0.901094
0 0.645359 0.532116 0.148134 0.828739
0 0.329839 0.473328 0.178606 0.902556
0 0.494366 0.497462 0.160949 0.875269
0 0.82722 0.620663 0.213204 0.677687
0 0.494298 0.502329 0.159223 0.88694
0 0.645359 0.532116 0.148134 0.828739
0 0.329839 0.473328 0.178606 0.902556
0 0.494366 0.497462 0.160949 0.875269
0 0.82722 0.620663 0.213204 0.677687
0 0.494298 0.502329 0.159223 0.88694
0 0.139895 0.471483 0.188893 0.929128
