0 0.158081 0.716899 0.196179 0.485639
0 0.626001 0.69533 0.19602 0.533472
0 0.856215 0.697017 0.198849 0.431595
0 0.39487 0.716343 0.193388 0.482087
0 0.158081 0.716899 0.196179 0.485639
0 0.626001 0.69533 0.19602 0.533472
0 0.856215 0.697017 0.198849 0.431595
0 0.39487 0.716343 0.193388 0.482087
0 0.158081 0.716899 0.196179 0.485639
0 0.626001 0.69533 0.19602 0.533472
0 0.856215 0.697017 0.198849 0.431595
0 0.39487 0.716343 0.193388 0.482087
0 0.626759 0.710829 0.196879 0.547436
0 0.39488 0.706675 0.199744 0.486189
0 0.156892 0.708603 0.199778 0.49133
0 0.862621 0.714402 0.224953 0.48867
0 0.626759 0.710829 0.196879 0.547436
0 0.39488 0.706675 0.199744 0.486189
0 0.156892 0.708603 0.199778 0.49133
0 0.862621 0.714402 0.224953 0.48867
0 0.626759 0.710829 0.196879 0.547436
0 0.39488 0.706675 0.199744 0.486189
0 0.156892 0.708603 0.199778 0.49133
0 0.862621 0.714402 0.224953 0.48867
0 0.626759 0.710829 0.196879 0.547436
0 0.39488 0.706675 0.199744 0.486189
0 0.156892 0.708603 0.199778 0.49133
0 0.862621 0.714402 0.224953 0.48867
