0 0.19067 0.678161 0.214763 0.549209
0 0.40626 0.74364 0.236205 0.42541
0 0.861104 0.749003 0.234797 0.398101
0 0.620751 0.748173 0.212685 0.411616
0 0.0565613 0.684422 0.113123 0.551543
0 0.0583757 0.688102 0.116751 0.553123
0 0.19067 0.678161 0.214763 0.549209
0 0.40626 0.74364 0.236205 0.42541
0 0.861104 0.749003 0.234797 0.398101
0 0.620751 0.748173 0.212685 0.411616
0 0.0565613 0.684422 0.113123 0.551543
0 0.0583757 0.688102 0.116751 0.553123
0 0.19067 0.678161 0.214763 0.549209
0 0.40626 0.74364 0.236205 0.42541
0 0.861104 0.749003 0.234797 0.398101
0 0.620751 0.748173 0.212685 0.411616
0 0.0565613 0.684422 0.113123 0.551543
0 0.0583757 0.688102 0.116751 0.553123
0 0.40638 0.744199 0.230058 0.422723
0 0.194149 0.688349 0.200673 0.517406
0 0.0612706 0.697572 0.122363 0.523208
0 0.63052 0.747164 0.211628 0.400933
0 0.742189 0.756949 0.481507 0.411865
0 0.40638 0.744199 0.230058 0.422723
0 0.194149 0.688349 0.200673 0.517406
0 0.0612706 0.697572 0.122363 0.523208
0 0.63052 0.747164 0.211628 0.400933
0 0.742189 0.756949 0.481507 0.411865
0 0.40638 0.744199 0.230058 0.422723
0 0.194149 0.688349 0.200673 0.517406
0 0.0612706 0.697572 0.122363 0.523208
0 0.63052 0.747164 0.211628 0.400933
0 0.742189 0.756949 0.481507 0.411865
0 0.40638 0.744199 0.230058 0.422723
0 0.194149 0.688349 0.200673 0.517406
0 0.0612706 0.697572 0.122363 0.523208
0 0.63052 0.747164 0.211628 0.400933
0 0.742189 0.756949 0.481507 0.411865
