0 0.358146 0.642472 0.124107 0.66476
0 0.230417 0.639501 0.128234 0.660388
0 0.102406 0.651361 0.124607 0.656734
0 0.894162 0.619905 0.138282 0.673788
0 0.749771 0.617848 0.128372 0.673499
0 0.0191474 0.642285 0.0382948 0.673594
0 0.617944 0.628604 0.12771 0.669285
0 0.98326 0.610417 0.0334798 0.656652
0 0.358146 0.642472 0.124107 0.66476
0 0.230417 0.639501 0.128234 0.660388
0 0.102406 0.651361 0.124607 0.656734
0 0.894162 0.619905 0.138282 0.673788
0 0.749771 0.617848 0.128372 0.673499
0 0.0191474 0.642285 0.0382948 0.673594
0 0.617944 0.628604 0.12771 0.669285
0 0.98326 0.610417 0.0334798 0.656652
0 0.358146 0.642472 0.124107 0.66476
0 0.230417 0.639501 0.128234 0.660388
0 0.102406 0.651361 0.124607 0.656734
0 0.894162 0.619905 0.138282 0.673788
0 0.749771 0.617848 0.128372 0.673499
0 0.0191474 0.642285 0.0382948 0.673594
0 0.617944 0.628604 0.12771 0.669285
0 0.98326 0.610417 0.0334798 0.656652
0 0.231832 0.655109 0.129826 0.642608
0 0.104001 0.66095 0.127128 0.646988
0 0.750979 0.627556 0.129611 0.667305
0 0.489492 0.64822 0.13182 0.663863
0 0.357951 0.654068 0.125307 0.650642
0 0.891853 0.638951 0.138305 0.663182
0 0.618781 0.639526 0.130872 0.668527
0 0.983644 0.617849 0.0326152 0.633111
0 0.0182411 0.658596 0.0364821 0.634885
0 0.231832 0.655109 0.129826 0.642608
0 0.104001 0.66095 0.127128 0.646988
0 0.750979 0.627556 0.129611 0.667305
0 0.489492 0.64822 0.13182 0.663863
0 0.357951 0.654068 0.125307 0.650642
0 0.891853 0.638951 0.138305 0.663182
0 0.618781 0.639526 0.130872 0.668527
0 0.983644 0.617849 0.0326152 0.633111
0 0.0182411 0.658596 0.0364821 0.634885
0 0.750441 0.635415 0.130881 0.662828
0 0.231832 0.655109 0.129826 0.642608
0 0.104001 0.66095 0.127128 0.646988
0 0.750979 0.627556 0.129611 0.667305
0 0.489492 0.64822 0.13182 0.663863
0 0.357951 0.654068 0.125307 0.650642
0 0.891853 0.638951 0.138305 0.663182
0 0.618781 0.639526 0.130872 0.668527
0 0.983644 0.617849 0.0326152 0.633111
0 0.0182411 0.658596 0.0364821 0.634885
0 0.231832 0.655109 0.129826 0.642608
0 0.104001 0.66095 0.127128 0.646988
0 0.750979 0.627556 0.129611 0.667305
0 0.489492 0.64822 0.13182 0.663863
0 0.357951 0.654068 0.125307 0.650642
0 0.891853 0.638951 0.138305 0.663182
0 0.618781 0.639526 0.130872 0.668527
0 0.983644 0.617849 0.0326152 0.633111
0 0.0182411 0.658596 0.0364821 0.634885
