0 0.453903 0.334729 0.907806 0.459962
0 0.487001 0.736481 0.974001 0.395638
0 0.453903 0.334729 0.907806 0.459962
0 0.487001 0.736481 0.974001 0.395638
0 0.453903 0.334729 0.907806 0.459962
0 0.487001 0.736481 0.974001 0.395638
0 0.493708 0.727236 0.987417 0.379454
0 0.478855 0.335647 0.957709 0.444218
0 0.493708 0.727236 0.987417 0.379454
0 0.478855 0.335647 0.957709 0.444218
0 0.493708 0.727236 0.987417 0.379454
0 0.478855 0.335647 0.957709 0.444218
0 0.493708 0.727236 0.987417 0.379454
0 0.478855 0.335647 0.957709 0.444218
