0 0.827823 0.670922 0.154215 0.583012
0 0.562872 0.682002 0.133371 0.576213
0 0.214299 0.69881 0.139393 0.539503
0 0.0801317 0.711301 0.133588 0.534756
0 0.701011 0.676488 0.113671 0.574117
0 0.365001 0.69355 0.159884 0.552372
0 0.700652 0.679895 0.104497 0.567505
0 0.472434 0.689909 0.0796995 0.546426
0 0.827823 0.670922 0.154215 0.583012
0 0.562872 0.682002 0.133371 0.576213
0 0.214299 0.69881 0.139393 0.539503
0 0.0801317 0.711301 0.133588 0.534756
0 0.701011 0.676488 0.113671 0.574117
0 0.365001 0.69355 0.159884 0.552372
0 0.700652 0.679895 0.104497 0.567505
0 0.472434 0.689909 0.0796995 0.546426
0 0.827823 0.670922 0.154215 0.583012
0 0.562872 0.682002 0.133371 0.576213
0 0.214299 0.69881 0.139393 0.539503
0 0.0801317 0.711301 0.133588 0.534756
0 0.701011 0.676488 0.113671 0.574117
0 0.365001 0.69355 0.159884 0.552372
0 0.700652 0.679895 0.104497 0.567505
0 0.472434 0.689909 0.0796995 0.546426
0 0.362579 0.69515 0.167073 0.557929
0 0.212889 0.69898 0.142032 0.539157
0 0.828513 0.672042 0.157639 0.587004
0 0.696709 0.67159 0.122765 0.5795
0 0.550836 0.682718 0.164475 0.57607
0 0.0805711 0.70628 0.137812 0.522774
0 0.362579 0.69515 0.167073 0.557929
0 0.212889 0.69898 0.142032 0.539157
0 0.828513 0.672042 0.157639 0.587004
0 0.696709 0.67159 0.122765 0.5795
0 0.550836 0.682718 0.164475 0.57607
0 0.0805711 0.70628 0.137812 0.522774
0 0.362579 0.69515 0.167073 0.557929
0 0.212889 0.69898 0.142032 0.539157
0 0.828513 0.672042 0.157639 0.587004
0 0.696709 0.67159 0.122765 0.5795
0 0.550836 0.682718 0.164475 0.57607
0 0.0805711 0.70628 0.137812 0.522774
0 0.362579 0.69515 0.167073 0.557929
0 0.212889 0.69898 0.142032 0.539157
0 0.828513 0.672042 0.157639 0.587004
0 0.696709 0.67159 0.122765 0.5795
0 0.550836 0.682718 0.164475 0.57607
0 0.0805711 0.70628 0.137812 0.522774
