0 0.632092 0.561188 0.104289 0.759154
0 0.734965 0.577556 0.106354 0.75014
0 0.412115 0.508602 0.117969 0.81692
0 0.525624 0.532177 0.110161 0.783035
0 0.289692 0.479198 0.126958 0.855958
0 0.836649 0.604365 0.10287 0.737446
0 0.0481011 0.455622 0.0962021 0.823656
0 0.157866 0.449336 0.129539 0.868497
0 0.934331 0.635519 0.1005 0.690039
0 0.990004 0.639089 0.0199919 0.699167
0 0.991141 0.18334 0.0177178 0.321825
0 0.632092 0.561188 0.104289 0.759154
0 0.734965 0.577556 0.106354 0.75014
0 0.412115 0.508602 0.117969 0.81692
0 0.525624 0.532177 0.110161 0.783035
0 0.289692 0.479198 0.126958 0.855958
0 0.836649 0.604365 0.10287 0.737446
0 0.0481011 0.455622 0.0962021 0.823656
0 0.157866 0.449336 0.129539 0.868497
0 0.934331 0.635519 0.1005 0.690039
0 0.990004 0.639089 0.0199919 0.699167
0 0.991141 0.18334 0.0177178 0.321825
0 0.632092 0.561188 0.104289 0.759154
0 0.734965 0.577556 0.106354 0.75014
0 0.412115 0.508602 0.117969 0.81692
0 0.525624 0.532177 0.110161 0.783035
0 0.289692 0.479198 0.126958 0.855958
0 0.836649 0.604365 0.10287 0.737446
0 0.0481011 0.455622 0.0962021 0.823656
0 0.157866 0.449336 0.129539 0.868497
0 0.934331 0.635519 0.1005 0.690039
0 0.990004 0.639089 0.0199919 0.699167
0 0.991141 0.18334 0.0177178 0.321825
0 0.290187 0.476032 0.130346 0.837793
0 0.735316 0.588018 0.111025 0.738224
0 0.837829 0.606527 0.10509 0.724614
0 0.159804 0.447555 0.134493 0.872374
0 0.0482685 0.454886 0.096537 0.82251
0 0.412541 0.507581 0.122428 0.812566
0 0.631945 0.559614 0.108266 0.762118
0 0.525964 0.53325 0.113532 0.789818
0 0.935618 0.634578 0.10318 0.716072
0 0.290187 0.476032 0.130346 0.837793
0 0.735316 0.588018 0.111025 0.738224
0 0.837829 0.606527 0.10509 0.724614
0 0.159804 0.447555 0.134493 0.872374
0 0.0482685 0.454886 0.096537 0.82251
0 0.412541 0.507581 0.122428 0.812566
0 0.631945 0.559614 0.108266 0.762118
0 0.525964 0.53325 0.113532 0.789818
0 0.935618 0.634578 0.10318 0.716072
0 0.290187 0.476032 0.130346 0.837793
0 0.735316 0.588018 0.111025 0.738224
0 0.837829 0.606527 0.10509 0.724614
0 0.159804 0.447555 0.134493 0.872374
0 0.0482685 0.454886 0.096537 0.82251
0 0.412541 0.507581 0.122428 0.812566
0 0.631945 0.559614 0.108266 0.762118
0 0.525964 0.53325 0.113532 0.789818
0 0.935618 0.634578 0.10318 0.716072
0 0.290187 0.476032 0.130346 0.837793
0 0.735316 0.588018 0.111025 0.738224
0 0.837829 0.606527 0.10509 0.724614
0 0.159804 0.447555 0.134493 0.872374
0 0.0482685 0.454886 0.096537 0.82251
0 0.412541 0.507581 0.122428 0.812566
0 0.631945 0.559614 0.108266 0.762118
0 0.525964 0.53325 0.113532 0.789818
0 0.935618 0.634578 0.10318 0.716072
