0 0.316996 0.547854 0.531274 0.795604
0 0.773425 0.608018 0.418213 0.702375
0 0.316996 0.547854 0.531274 0.795604
0 0.773425 0.608018 0.418213 0.702375
0 0.316996 0.547854 0.531274 0.795604
0 0.773425 0.608018 0.418213 0.702375
0 0.774184 0.594245 0.451632 0.756323
0 0.213105 0.578935 0.347809 0.758738
0 0.445833 0.523793 0.280882 0.770014
0 0.222735 0.566471 0.353497 0.802095
0 0.774184 0.594245 0.451632 0.756323
0 0.213105 0.578935 0.347809 0.758738
0 0.445833 0.523793 0.280882 0.770014
0 0.222735 0.566471 0.353497 0.802095
0 0.319372 0.548224 0.540627 0.839542
0 0.223695 0.52515 0.367948 0.753239
0 0.412637 0.559556 0.353121 0.798527
0 0.774184 0.594245 0.451632 0.756323
0 0.213105 0.578935 0.347809 0.758738
0 0.445833 0.523793 0.280882 0.770014
0 0.222735 0.566471 0.353497 0.802095
0 0.774184 0.594245 0.451632 0.756323
0 0.213105 0.578935 0.347809 0.758738
0 0.445833 0.523793 0.280882 0.770014
0 0.222735 0.566471 0.353497 0.802095
