0 0.168685 0.659526 0.257105 0.610113
0 0.817394 0.596186 0.299976 0.411397
0 0.475829 0.691974 0.294342 0.594762
0 0.168685 0.659526 0.257105 0.610113
0 0.817394 0.596186 0.299976 0.411397
0 0.475829 0.691974 0.294342 0.594762
0 0.168685 0.659526 0.257105 0.610113
0 0.817394 0.596186 0.299976 0.411397
0 0.475829 0.691974 0.294342 0.594762
0 0.168722 0.65338 0.261842 0.607564
0 0.819066 0.596515 0.333483 0.427323
0 0.489076 0.533137 0.315345 0.933725
0 0.168722 0.65338 0.261842 0.607564
0 0.819066 0.596515 0.333483 0.427323
0 0.489076 0.533137 0.315345 0.933725
0 0.0144238 0.51896 0.0288475 0.404624
0 0.168722 0.65338 0.261842 0.607564
0 0.819066 0.596515 0.333483 0.427323
0 0.489076 0.533137 0.315345 0.933725
