0 0.0997475 0.473575 0.199495 0.781925
0 0.89063 0.443329 0.1874 0.824272
0 0.519523 0.407721 0.207599 0.689903
0 0.305714 0.475338 0.233141 0.647854
0 0.708001 0.4104 0.189526 0.769572
0 0.0997475 0.473575 0.199495 0.781925
0 0.89063 0.443329 0.1874 0.824272
0 0.519523 0.407721 0.207599 0.689903
0 0.305714 0.475338 0.233141 0.647854
0 0.708001 0.4104 0.189526 0.769572
0 0.0997475 0.473575 0.199495 0.781925
0 0.89063 0.443329 0.1874 0.824272
0 0.519523 0.407721 0.207599 0.689903
0 0.305714 0.475338 0.233141 0.647854
0 0.708001 0.4104 0.189526 0.769572
0 0.891194 0.441903 0.189775 0.833675
0 0.30717 0.455963 0.237631 0.711239
0 0.100644 0.51772 0.200147 0.825062
0 0.707894 0.432023 0.195379 0.804398
0 0.520616 0.407662 0.204294 0.707907
0 0.891194 0.441903 0.189775 0.833675
0 0.30717 0.455963 0.237631 0.711239
0 0.100644 0.51772 0.200147 0.825062
0 0.707894 0.432023 0.195379 0.804398
0 0.520616 0.407662 0.204294 0.707907
0 0.891194 0.441903 0.189775 0.833675
0 0.30717 0.455963 0.237631 0.711239
0 0.100644 0.51772 0.200147 0.825062
0 0.707894 0.432023 0.195379 0.804398
0 0.520616 0.407662 0.204294 0.707907
