0 0.694012 0.706428 0.274964 0.536192
0 0.428898 0.723098 0.274714 0.528844
0 0.920729 0.700003 0.1544 0.535454
0 0.158271 0.729895 0.277828 0.513765
0 0.144934 0.351866 0.284995 0.675838
0 0.694012 0.706428 0.274964 0.536192
0 0.428898 0.723098 0.274714 0.528844
0 0.920729 0.700003 0.1544 0.535454
0 0.158271 0.729895 0.277828 0.513765
0 0.144934 0.351866 0.284995 0.675838
0 0.694012 0.706428 0.274964 0.536192
0 0.428898 0.723098 0.274714 0.528844
0 0.920729 0.700003 0.1544 0.535454
0 0.158271 0.729895 0.277828 0.513765
0 0.144934 0.351866 0.284995 0.675838
0 0.428499 0.737119 0.277353 0.524316
0 0.696525 0.718853 0.275868 0.549245
0 0.921853 0.691349 0.152504 0.556416
0 0.154497 0.654847 0.2699 0.355845
0 0.428499 0.737119 0.277353 0.524316
0 0.696525 0.718853 0.275868 0.549245
0 0.921853 0.691349 0.152504 0.556416
0 0.154497 0.654847 0.2699 0.355845
0 0.428499 0.737119 0.277353 0.524316
0 0.696525 0.718853 0.275868 0.549245
0 0.921853 0.691349 0.152504 0.556416
0 0.154497 0.654847 0.2699 0.355845
0 0.428499 0.737119 0.277353 0.524316
0 0.696525 0.718853 0.275868 0.549245
0 0.921853 0.691349 0.152504 0.556416
0 0.154497 0.654847 0.2699 0.355845
