0 0.465204 0.578203 0.0577879 0.549108
0 0.929164 0.38695 0.0774373 0.673091
0 0.854862 0.41067 0.0765823 0.661295
0 0.710235 0.476875 0.0714686 0.603731
0 0.780924 0.455807 0.0752204 0.604327
0 0.158988 0.676233 0.047216 0.480927
0 0.359625 0.617596 0.0540619 0.521575
0 0.982841 0.367551 0.034149 0.683888
0 0.0688228 0.716978 0.0416914 0.478682
0 0.525623 0.555663 0.0671536 0.562083
0 0.11153 0.697279 0.0442756 0.471697
0 0.20665 0.666304 0.0489594 0.49488
0 0.0241904 0.729518 0.0459761 0.482814
0 0.258198 0.657284 0.0559652 0.513885
0 0.622693 0.501531 0.114639 0.61199
0 0.206326 0.667613 0.0505861 0.487925
0 0.465204 0.578203 0.0577879 0.549108
0 0.929164 0.38695 0.0774373 0.673091
0 0.854862 0.41067 0.0765823 0.661295
0 0.710235 0.476875 0.0714686 0.603731
0 0.780924 0.455807 0.0752204 0.604327
0 0.158988 0.676233 0.047216 0.480927
0 0.359625 0.617596 0.0540619 0.521575
0 0.982841 0.367551 0.034149 0.683888
0 0.0688228 0.716978 0.0416914 0.478682
0 0.525623 0.555663 0.0671536 0.562083
0 0.11153 0.697279 0.0442756 0.471697
0 0.20665 0.666304 0.0489594 0.49488
0 0.0241904 0.729518 0.0459761 0.482814
0 0.258198 0.657284 0.0559652 0.513885
0 0.622693 0.501531 0.114639 0.61199
0 0.206326 0.667613 0.0505861 0.487925
0 0.465204 0.578203 0.0577879 0.549108
0 0.929164 0.38695 0.0774373 0.673091
0 0.854862 0.41067 0.0765823 0.661295
0 0.710235 0.476875 0.0714686 0.603731
0 0.780924 0.455807 0.0752204 0.604327
0 0.158988 0.676233 0.047216 0.480927
0 0.359625 0.617596 0.0540619 0.521575
0 0.982841 0.367551 0.034149 0.683888
0 0.0688228 0.716978 0.0416914 0.478682
0 0.525623 0.555663 0.0671536 0.562083
0 0.11153 0.697279 0.0442756 0.471697
0 0.20665 0.666304 0.0489594 0.49488
0 0.0241904 0.729518 0.0459761 0.482814
0 0.258198 0.657284 0.0559652 0.513885
0 0.622693 0.501531 0.114639 0.61199
0 0.206326 0.667613 0.0505861 0.487925
0 0.258824 0.656293 0.057222 0.499075
0 0.524204 0.55581 0.0620175 0.543172
0 0.780645 0.456386 0.071738 0.603093
0 0.709596 0.475206 0.0712549 0.587342
0 0.0252757 0.726477 0.0476056 0.465044
0 0.928763 0.386806 0.0744159 0.654865
0 0.464205 0.57549 0.0586182 0.544442
0 0.85458 0.410556 0.0751157 0.650603
0 0.111486 0.702913 0.046439 0.46368
0 0.369122 0.620028 0.0737872 0.523383
0 0.0690671 0.717905 0.0430395 0.453841
0 0.983319 0.370497 0.0333617 0.675242
0 0.207388 0.671127 0.0481228 0.476254
0 0.15889 0.679065 0.0468675 0.466612
0 0.258824 0.656293 0.057222 0.499075
0 0.524204 0.55581 0.0620175 0.543172
0 0.780645 0.456386 0.071738 0.603093
0 0.709596 0.475206 0.0712549 0.587342
0 0.0252757 0.726477 0.0476056 0.465044
0 0.928763 0.386806 0.0744159 0.654865
0 0.464205 0.57549 0.0586182 0.544442
0 0.85458 0.410556 0.0751157 0.650603
0 0.111486 0.702913 0.046439 0.46368
0 0.369122 0.620028 0.0737872 0.523383
0 0.0690671 0.717905 0.0430395 0.453841
0 0.983319 0.370497 0.0333617 0.675242
0 0.207388 0.671127 0.0481228 0.476254
0 0.15889 0.679065 0.0468675 0.466612
0 0.00419404 0.712011 0.00757198 0.476577
0 0.158959 0.683153 0.0473668 0.463893
0 0.574333 0.565391 0.0410014 0.466716
0 0.636913 0.477182 0.079482 0.603408
0 0.00157995 0.706363 0.00315991 0.502464
0 0.258824 0.656293 0.057222 0.499075
0 0.524204 0.55581 0.0620175 0.543172
0 0.780645 0.456386 0.071738 0.603093
0 0.709596 0.475206 0.0712549 0.587342
0 0.0252757 0.726477 0.0476056 0.465044
0 0.928763 0.386806 0.0744159 0.654865
0 0.464205 0.57549 0.0586182 0.544442
0 0.85458 0.410556 0.0751157 0.650603
0 0.111486 0.702913 0.046439 0.46368
0 0.369122 0.620028 0.0737872 0.523383
0 0.0690671 0.717905 0.0430395 0.453841
0 0.983319 0.370497 0.0333617 0.675242
0 0.207388 0.671127 0.0481228 0.476254
0 0.15889 0.679065 0.0468675 0.466612
0 0.258824 0.656293 0.057222 0.499075
0 0.524204 0.55581 0.0620175 0.543172
0 0.780645 0.456386 0.071738 0.603093
0 0.709596 0.475206 0.0712549 0.587342
0 0.0252757 0.726477 0.0476056 0.465044
0 0.928763 0.386806 0.0744159 0.654865
0 0.464205 0.57549 0.0586182 0.544442
0 0.85458 0.410556 0.0751157 0.650603
0 0.111486 0.702913 0.046439 0.46368
0 0.369122 0.620028 0.0737872 0.523383
0 0.0690671 0.717905 0.0430395 0.453841
0 0.983319 0.370497 0.0333617 0.675242
0 0.207388 0.671127 0.0481228 0.476254
0 0.15889 0.679065 0.0468675 0.466612
