0 0.860094 0.638139 0.201033 0.606174
0 0.703622 0.596293 0.112808 0.703028
0 0.391842 0.59592 0.0995375 0.640662
0 0.136342 0.470819 0.2117 0.557323
0 0.59874 0.604735 0.116365 0.674656
0 0.860094 0.638139 0.201033 0.606174
0 0.703622 0.596293 0.112808 0.703028
0 0.391842 0.59592 0.0995375 0.640662
0 0.136342 0.470819 0.2117 0.557323
0 0.59874 0.604735 0.116365 0.674656
0 0.860094 0.638139 0.201033 0.606174
0 0.703622 0.596293 0.112808 0.703028
0 0.391842 0.59592 0.0995375 0.640662
0 0.136342 0.470819 0.2117 0.557323
0 0.59874 0.604735 0.116365 0.674656
0 0.861 0.522166 0.207828 0.869288
0 0.593852 0.627857 0.109324 0.624874
0 0.39148 0.603108 0.101925 0.614382
0 0.49071 0.619345 0.103878 0.606418
0 0.701721 0.621948 0.110659 0.63389
0 0.292682 0.578115 0.102008 0.607002
0 0.137292 0.484181 0.203574 0.573842
0 0.861 0.522166 0.207828 0.869288
0 0.593852 0.627857 0.109324 0.624874
0 0.39148 0.603108 0.101925 0.614382
0 0.49071 0.619345 0.103878 0.606418
0 0.701721 0.621948 0.110659 0.63389
0 0.292682 0.578115 0.102008 0.607002
0 0.137292 0.484181 0.203574 0.573842
0 0.293139 0.577293 0.102263 0.600847
0 0.861 0.522166 0.207828 0.869288
0 0.593852 0.627857 0.109324 0.624874
0 0.39148 0.603108 0.101925 0.614382
0 0.49071 0.619345 0.103878 0.606418
0 0.701721 0.621948 0.110659 0.63389
0 0.292682 0.578115 0.102008 0.607002
0 0.137292 0.484181 0.203574 0.573842
0 0.861 0.522166 0.207828 0.869288
0 0.593852 0.627857 0.109324 0.624874
0 0.39148 0.603108 0.101925 0.614382
0 0.49071 0.619345 0.103878 0.606418
0 0.701721 0.621948 0.110659 0.63389
0 0.292682 0.578115 0.102008 0.607002
0 0.137292 0.484181 0.203574 0.573842
