0 0.698987 0.507483 0.451665 0.492505
0 0.289348 0.573466 0.578695 0.459434
0 0.698987 0.507483 0.451665 0.492505
0 0.289348 0.573466 0.578695 0.459434
0 0.698987 0.507483 0.451665 0.492505
0 0.289348 0.573466 0.578695 0.459434
0 0.694895 0.505219 0.443445 0.497355
0 0.2984 0.562505 0.594581 0.451573
0 0.694895 0.505219 0.443445 0.497355
0 0.2984 0.562505 0.594581 0.451573
0 0.694895 0.505219 0.443445 0.497355
0 0.2984 0.562505 0.594581 0.451573
0 0.694895 0.505219 0.443445 0.497355
0 0.2984 0.562505 0.594581 0.451573
