0 0.630878 0.521465 0.143843 0.539587
0 0.888734 0.642547 0.138005 0.565089
0 0.357327 0.411155 0.122974 0.443103
0 0.758886 0.585941 0.124945 0.573177
0 0.0436 0.21961 0.0872 0.439219
0 0.97853 0.735896 0.0429392 0.512229
0 0.0288214 0.792773 0.0576427 0.410714
0 0.488797 0.452477 0.143681 0.504017
0 0.247401 0.331854 0.109167 0.497368
0 0.341002 0.894248 0.113016 0.211503
0 0.759461 0.583269 0.124566 0.58625
0 0.630878 0.521465 0.143843 0.539587
0 0.888734 0.642547 0.138005 0.565089
0 0.357327 0.411155 0.122974 0.443103
0 0.758886 0.585941 0.124945 0.573177
0 0.0436 0.21961 0.0872 0.439219
0 0.97853 0.735896 0.0429392 0.512229
0 0.0288214 0.792773 0.0576427 0.410714
0 0.488797 0.452477 0.143681 0.504017
0 0.247401 0.331854 0.109167 0.497368
0 0.341002 0.894248 0.113016 0.211503
0 0.759461 0.583269 0.124566 0.58625
0 0.630878 0.521465 0.143843 0.539587
0 0.888734 0.642547 0.138005 0.565089
0 0.357327 0.411155 0.122974 0.443103
0 0.758886 0.585941 0.124945 0.573177
0 0.0436 0.21961 0.0872 0.439219
0 0.97853 0.735896 0.0429392 0.512229
0 0.0288214 0.792773 0.0576427 0.410714
0 0.488797 0.452477 0.143681 0.504017
0 0.247401 0.331854 0.109167 0.497368
0 0.341002 0.894248 0.113016 0.211503
0 0.759461 0.583269 0.124566 0.58625
0 0.36045 0.421644 0.124912 0.429612
0 0.761928 0.603866 0.125961 0.523719
0 0.490972 0.476202 0.141484 0.46118
0 0.250391 0.352771 0.107172 0.442113
0 0.634274 0.542991 0.140555 0.489192
0 0.136652 0.279582 0.108232 0.467374
0 0.892915 0.664773 0.138826 0.521075
0 0.0424822 0.222392 0.0849644 0.441691
0 0.979075 0.694167 0.0418502 0.585709
0 0.36045 0.421644 0.124912 0.429612
0 0.761928 0.603866 0.125961 0.523719
0 0.490972 0.476202 0.141484 0.46118
0 0.250391 0.352771 0.107172 0.442113
0 0.634274 0.542991 0.140555 0.489192
0 0.136652 0.279582 0.108232 0.467374
0 0.892915 0.664773 0.138826 0.521075
0 0.0424822 0.222392 0.0849644 0.441691
0 0.979075 0.694167 0.0418502 0.585709
0 0.36045 0.421644 0.124912 0.429612
0 0.761928 0.603866 0.125961 0.523719
0 0.490972 0.476202 0.141484 0.46118
0 0.250391 0.352771 0.107172 0.442113
0 0.634274 0.542991 0.140555 0.489192
0 0.136652 0.279582 0.108232 0.467374
0 0.892915 0.664773 0.138826 0.521075
0 0.0424822 0.222392 0.0849644 0.441691
0 0.979075 0.694167 0.0418502 0.585709
