0 0.319156 0.65224 0.111251 0.678769
0 0.600875 0.295331 0.1354 0.449095
0 0.454702 0.286141 0.134437 0.449457
0 0.864969 0.28772 0.138452 0.448467
0 0.121868 0.665827 0.108241 0.647716
0 0.217726 0.653448 0.0909189 0.669259
0 0.842794 0.720357 0.129046 0.43571
0 0.724964 0.543833 0.138723 0.843749
0 0.736315 0.313081 0.132694 0.387326
0 0.582889 0.75237 0.14487 0.455325
0 0.319156 0.65224 0.111251 0.678769
0 0.600875 0.295331 0.1354 0.449095
0 0.454702 0.286141 0.134437 0.449457
0 0.864969 0.28772 0.138452 0.448467
0 0.121868 0.665827 0.108241 0.647716
0 0.217726 0.653448 0.0909189 0.669259
0 0.842794 0.720357 0.129046 0.43571
0 0.724964 0.543833 0.138723 0.843749
0 0.736315 0.313081 0.132694 0.387326
0 0.582889 0.75237 0.14487 0.455325
0 0.319156 0.65224 0.111251 0.678769
0 0.600875 0.295331 0.1354 0.449095
0 0.454702 0.286141 0.134437 0.449457
0 0.864969 0.28772 0.138452 0.448467
0 0.121868 0.665827 0.108241 0.647716
0 0.217726 0.653448 0.0909189 0.669259
0 0.842794 0.720357 0.129046 0.43571
0 0.724964 0.543833 0.138723 0.843749
0 0.736315 0.313081 0.132694 0.387326
0 0.582889 0.75237 0.14487 0.455325
0 0.318252 0.651145 0.113887 0.656003
0 0.5912 0.525702 0.151084 0.900486
0 0.446566 0.533989 0.150925 0.888973
0 0.457465 0.291651 0.128682 0.433403
0 0.602203 0.293482 0.130961 0.434065
0 0.215411 0.652692 0.0902091 0.648925
0 0.866944 0.294007 0.130377 0.425857
0 0.853272 0.513529 0.148196 0.869292
0 0.736187 0.295852 0.130247 0.419004
0 0.726454 0.528863 0.140478 0.86478
0 0.125901 0.673647 0.122322 0.629209
0 0.16879 0.665265 0.179428 0.652512
0 0.842999 0.716667 0.126909 0.432596
0 0.318252 0.651145 0.113887 0.656003
0 0.5912 0.525702 0.151084 0.900486
0 0.446566 0.533989 0.150925 0.888973
0 0.457465 0.291651 0.128682 0.433403
0 0.602203 0.293482 0.130961 0.434065
0 0.215411 0.652692 0.0902091 0.648925
0 0.866944 0.294007 0.130377 0.425857
0 0.853272 0.513529 0.148196 0.869292
0 0.736187 0.295852 0.130247 0.419004
0 0.726454 0.528863 0.140478 0.86478
0 0.125901 0.673647 0.122322 0.629209
0 0.16879 0.665265 0.179428 0.652512
0 0.842999 0.716667 0.126909 0.432596
0 0.122347 0.680245 0.110503 0.631358
0 0.318252 0.651145 0.113887 0.656003
0 0.5912 0.525702 0.151084 0.900486
0 0.446566 0.533989 0.150925 0.888973
0 0.457465 0.291651 0.128682 0.433403
0 0.602203 0.293482 0.130961 0.434065
0 0.215411 0.652692 0.0902091 0.648925
0 0.866944 0.294007 0.130377 0.425857
0 0.853272 0.513529 0.148196 0.869292
0 0.736187 0.295852 0.130247 0.419004
0 0.726454 0.528863 0.140478 0.86478
0 0.125901 0.673647 0.122322 0.629209
0 0.16879 0.665265 0.179428 0.652512
0 0.842999 0.716667 0.126909 0.432596
0 0.318252 0.651145 0.113887 0.656003
0 0.5912 0.525702 0.151084 0.900486
0 0.446566 0.533989 0.150925 0.888973
0 0.457465 0.291651 0.128682 0.433403
0 0.602203 0.293482 0.130961 0.434065
0 0.215411 0.652692 0.0902091 0.648925
0 0.866944 0.294007 0.130377 0.425857
0 0.853272 0.513529 0.148196 0.869292
0 0.736187 0.295852 0.130247 0.419004
0 0.726454 0.528863 0.140478 0.86478
0 0.125901 0.673647 0.122322 0.629209
0 0.16879 0.665265 0.179428 0.652512
0 0.842999 0.716667 0.126909 0.432596
