0 0.724294 0.513982 0.142482 0.875028
0 0.881445 0.448771 0.186107 0.886433
0 0.168845 0.620745 0.11731 0.716703
0 0.628619 0.514644 0.0967279 0.886687
0 0.412779 0.477314 0.0928957 0.900662
0 0.343881 0.468197 0.0965125 0.886706
0 0.515164 0.498221 0.146529 0.918461
0 0.977024 0.485372 0.0459522 0.929849
0 0.270876 0.47695 0.113472 0.906324
0 0.724294 0.513982 0.142482 0.875028
0 0.881445 0.448771 0.186107 0.886433
0 0.168845 0.620745 0.11731 0.716703
0 0.628619 0.514644 0.0967279 0.886687
0 0.412779 0.477314 0.0928957 0.900662
0 0.343881 0.468197 0.0965125 0.886706
0 0.515164 0.498221 0.146529 0.918461
0 0.977024 0.485372 0.0459522 0.929849
0 0.270876 0.47695 0.113472 0.906324
0 0.724294 0.513982 0.142482 0.875028
0 0.881445 0.448771 0.186107 0.886433
0 0.168845 0.620745 0.11731 0.716703
0 0.628619 0.514644 0.0967279 0.886687
0 0.412779 0.477314 0.0928957 0.900662
0 0.343881 0.468197 0.0965125 0.886706
0 0.515164 0.498221 0.146529 0.918461
0 0.977024 0.485372 0.0459522 0.929849
0 0.270876 0.47695 0.113472 0.906324
0 0.520015 0.496444 0.134519 0.914369
0 0.627057 0.511334 0.0909846 0.848145
0 0.726735 0.51494 0.138156 0.867357
0 0.059831 0.520745 0.106778 0.942037
0 0.883978 0.439486 0.176469 0.843434
0 0.167339 0.599785 0.114814 0.762461
0 0.980147 0.468017 0.039706 0.867979
0 0.416504 0.468353 0.089361 0.882599
0 0.270366 0.466079 0.103992 0.883445
0 0.345033 0.464781 0.086263 0.885297
0 0.932103 0.439043 0.0831325 0.79164
0 0.520015 0.496444 0.134519 0.914369
0 0.627057 0.511334 0.0909846 0.848145
0 0.726735 0.51494 0.138156 0.867357
0 0.059831 0.520745 0.106778 0.942037
0 0.883978 0.439486 0.176469 0.843434
0 0.167339 0.599785 0.114814 0.762461
0 0.980147 0.468017 0.039706 0.867979
0 0.416504 0.468353 0.089361 0.882599
0 0.270366 0.466079 0.103992 0.883445
0 0.345033 0.464781 0.086263 0.885297
0 0.932103 0.439043 0.0831325 0.79164
0 0.34363 0.488534 0.227845 0.908894
0 0.354345 0.484041 0.211566 0.915552
0 0.520015 0.496444 0.134519 0.914369
0 0.627057 0.511334 0.0909846 0.848145
0 0.726735 0.51494 0.138156 0.867357
0 0.059831 0.520745 0.106778 0.942037
0 0.883978 0.439486 0.176469 0.843434
0 0.167339 0.599785 0.114814 0.762461
0 0.980147 0.468017 0.039706 0.867979
0 0.416504 0.468353 0.089361 0.882599
0 0.270366 0.466079 0.103992 0.883445
0 0.345033 0.464781 0.086263 0.885297
0 0.932103 0.439043 0.0831325 0.79164
0 0.520015 0.496444 0.134519 0.914369
0 0.627057 0.511334 0.0909846 0.848145
0 0.726735 0.51494 0.138156 0.867357
0 0.059831 0.520745 0.106778 0.942037
0 0.883978 0.439486 0.176469 0.843434
0 0.167339 0.599785 0.114814 0.762461
0 0.980147 0.468017 0.039706 0.867979
0 0.416504 0.468353 0.089361 0.882599
0 0.270366 0.466079 0.103992 0.883445
0 0.345033 0.464781 0.086263 0.885297
0 0.932103 0.439043 0.0831325 0.79164
