0 0.552402 0.512446 0.120836 0.870863
0 0.66801 0.514354 0.118763 0.876875
0 0.206671 0.485937 0.114847 0.875147
0 0.789848 0.510755 0.120426 0.859265
0 0.902523 0.506359 0.116238 0.851087
0 0.31689 0.38836 0.115364 0.679896
0 0.434672 0.382969 0.114205 0.634176
0 0.0840406 0.472935 0.128749 0.84992
0 0.552402 0.512446 0.120836 0.870863
0 0.66801 0.514354 0.118763 0.876875
0 0.206671 0.485937 0.114847 0.875147
0 0.789848 0.510755 0.120426 0.859265
0 0.902523 0.506359 0.116238 0.851087
0 0.31689 0.38836 0.115364 0.679896
0 0.434672 0.382969 0.114205 0.634176
0 0.0840406 0.472935 0.128749 0.84992
0 0.552402 0.512446 0.120836 0.870863
0 0.66801 0.514354 0.118763 0.876875
0 0.206671 0.485937 0.114847 0.875147
0 0.789848 0.510755 0.120426 0.859265
0 0.902523 0.506359 0.116238 0.851087
0 0.31689 0.38836 0.115364 0.679896
0 0.434672 0.382969 0.114205 0.634176
0 0.0840406 0.472935 0.128749 0.84992
0 0.553153 0.516228 0.121734 0.86691
0 0.088192 0.476007 0.127198 0.875319
0 0.670199 0.515477 0.121246 0.855745
0 0.208834 0.48746 0.117952 0.86983
0 0.316618 0.385151 0.117584 0.658739
0 0.79291 0.516741 0.123181 0.854903
0 0.903258 0.508793 0.120273 0.849091
0 0.435273 0.380548 0.11511 0.600908
0 0.901717 0.503144 0.116318 0.843408
0 0.553153 0.516228 0.121734 0.86691
0 0.088192 0.476007 0.127198 0.875319
0 0.670199 0.515477 0.121246 0.855745
0 0.208834 0.48746 0.117952 0.86983
0 0.316618 0.385151 0.117584 0.658739
0 0.79291 0.516741 0.123181 0.854903
0 0.903258 0.508793 0.120273 0.849091
0 0.435273 0.380548 0.11511 0.600908
0 0.901717 0.503144 0.116318 0.843408
0 0.791925 0.519551 0.122715 0.84958
0 0.983025 0.526617 0.0339491 0.878922
0 0.553153 0.516228 0.121734 0.86691
0 0.088192 0.476007 0.127198 0.875319
0 0.670199 0.515477 0.121246 0.855745
0 0.208834 0.48746 0.117952 0.86983
0 0.316618 0.385151 0.117584 0.658739
0 0.79291 0.516741 0.123181 0.854903
0 0.903258 0.508793 0.120273 0.849091
0 0.435273 0.380548 0.11511 0.600908
0 0.901717 0.503144 0.116318 0.843408
0 0.553153 0.516228 0.121734 0.86691
0 0.088192 0.476007 0.127198 0.875319
0 0.670199 0.515477 0.121246 0.855745
0 0.208834 0.48746 0.117952 0.86983
0 0.316618 0.385151 0.117584 0.658739
0 0.79291 0.516741 0.123181 0.854903
0 0.903258 0.508793 0.120273 0.849091
0 0.435273 0.380548 0.11511 0.600908
0 0.901717 0.503144 0.116318 0.843408
