0 0.2709 0.55802 0.170256 0.850882
0 0.751199 0.7488 0.128873 0.468758
0 0.591748 0.56833 0.152416 0.84445
0 0.900864 0.554253 0.173916 0.835953
0 0.091187 0.788557 0.160822 0.388678
0 0.104765 0.372833 0.154789 0.426388
0 0.991085 0.583541 0.0178292 0.832917
0 0.438925 0.574311 0.153745 0.81293
0 0.2709 0.55802 0.170256 0.850882
0 0.751199 0.7488 0.128873 0.468758
0 0.591748 0.56833 0.152416 0.84445
0 0.900864 0.554253 0.173916 0.835953
0 0.091187 0.788557 0.160822 0.388678
0 0.104765 0.372833 0.154789 0.426388
0 0.991085 0.583541 0.0178292 0.832917
0 0.438925 0.574311 0.153745 0.81293
0 0.2709 0.55802 0.170256 0.850882
0 0.751199 0.7488 0.128873 0.468758
0 0.591748 0.56833 0.152416 0.84445
0 0.900864 0.554253 0.173916 0.835953
0 0.091187 0.788557 0.160822 0.388678
0 0.104765 0.372833 0.154789 0.426388
0 0.991085 0.583541 0.0178292 0.832917
0 0.438925 0.574311 0.153745 0.81293
0 0.271089 0.57337 0.17336 0.841323
0 0.74391 0.717699 0.149414 0.532891
0 0.902835 0.562739 0.188074 0.818508
0 0.591779 0.580742 0.152054 0.838516
0 0.0990591 0.785279 0.165731 0.39643
0 0.103743 0.380703 0.162751 0.422282
0 0.589396 0.805371 0.143002 0.364976
0 0.44608 0.583416 0.141026 0.785279
0 0.449498 0.582764 0.133415 0.79802
0 0.593107 0.391818 0.145152 0.469388
0 0.271089 0.57337 0.17336 0.841323
0 0.74391 0.717699 0.149414 0.532891
0 0.902835 0.562739 0.188074 0.818508
0 0.591779 0.580742 0.152054 0.838516
0 0.0990591 0.785279 0.165731 0.39643
0 0.103743 0.380703 0.162751 0.422282
0 0.589396 0.805371 0.143002 0.364976
0 0.44608 0.583416 0.141026 0.785279
0 0.449498 0.582764 0.133415 0.79802
0 0.593107 0.391818 0.145152 0.469388
0 0.449503 0.584191 0.129635 0.790095
0 0.00914817 0.737564 0.0182963 0.490942
0 0.271089 0.57337 0.17336 0.841323
0 0.74391 0.717699 0.149414 0.532891
0 0.902835 0.562739 0.188074 0.818508
0 0.591779 0.580742 0.152054 0.838516
0 0.0990591 0.785279 0.165731 0.39643
0 0.103743 0.380703 0.162751 0.422282
0 0.589396 0.805371 0.143002 0.364976
0 0.44608 0.583416 0.141026 0.785279
0 0.449498 0.582764 0.133415 0.79802
0 0.593107 0.391818 0.145152 0.469388
0 0.271089 0.57337 0.17336 0.841323
0 0.74391 0.717699 0.149414 0.532891
0 0.902835 0.562739 0.188074 0.818508
0 0.591779 0.580742 0.152054 0.838516
0 0.0990591 0.785279 0.165731 0.39643
0 0.103743 0.380703 0.162751 0.422282
0 0.589396 0.805371 0.143002 0.364976
0 0.44608 0.583416 0.141026 0.785279
0 0.449498 0.582764 0.133415 0.79802
0 0.593107 0.391818 0.145152 0.469388
