0 0.59415 0.649485 0.161245 0.617367
0 0.292627 0.178691 0.152179 0.357383
0 0.586065 0.180438 0.146757 0.353527
0 0.275959 0.750991 0.154982 0.387594
0 0.733949 0.194875 0.14804 0.367713
0 0.040131 0.681496 0.0802619 0.533637
0 0.751548 0.65578 0.161729 0.622091
0 0.429581 0.656101 0.172474 0.602819
0 0.438972 0.187299 0.153254 0.357691
0 0.14539 0.613169 0.136788 0.668824
0 0.144753 0.61419 0.136122 0.667001
0 0.276403 0.752331 0.155141 0.38516
0 0.105345 0.684606 0.064235 0.493793
0 0.907232 0.657986 0.165285 0.635298
0 0.59415 0.649485 0.161245 0.617367
0 0.292627 0.178691 0.152179 0.357383
0 0.586065 0.180438 0.146757 0.353527
0 0.275959 0.750991 0.154982 0.387594
0 0.733949 0.194875 0.14804 0.367713
0 0.040131 0.681496 0.0802619 0.533637
0 0.751548 0.65578 0.161729 0.622091
0 0.429581 0.656101 0.172474 0.602819
0 0.438972 0.187299 0.153254 0.357691
0 0.14539 0.613169 0.136788 0.668824
0 0.144753 0.61419 0.136122 0.667001
0 0.276403 0.752331 0.155141 0.38516
0 0.105345 0.684606 0.064235 0.493793
0 0.907232 0.657986 0.165285 0.635298
0 0.59415 0.649485 0.161245 0.617367
0 0.292627 0.178691 0.152179 0.357383
0 0.586065 0.180438 0.146757 0.353527
0 0.275959 0.750991 0.154982 0.387594
0 0.733949 0.194875 0.14804 0.367713
0 0.040131 0.681496 0.0802619 0.533637
0 0.751548 0.65578 0.161729 0.622091
0 0.429581 0.656101 0.172474 0.602819
0 0.438972 0.187299 0.153254 0.357691
0 0.14539 0.613169 0.136788 0.668824
0 0.144753 0.61419 0.136122 0.667001
0 0.276403 0.752331 0.155141 0.38516
0 0.105345 0.684606 0.064235 0.493793
0 0.907232 0.657986 0.165285 0.635298
0 0.596304 0.658639 0.165284 0.646385
0 0.293596 0.183442 0.154425 0.35862
0 0.276004 0.769605 0.1551 0.434208
0 0.439121 0.197597 0.155366 0.359213
0 0.585725 0.184851 0.155997 0.367231
0 0.731564 0.194903 0.152628 0.387887
0 0.106754 0.70765 0.0650898 0.511693
0 0.432396 0.67345 0.172501 0.620271
0 0.163516 0.694017 0.0743625 0.527526
0 0.751885 0.658586 0.170602 0.629116
0 0.0407574 0.723828 0.0811824 0.510964
0 0.431388 0.705869 0.169307 0.536372
0 0.156983 0.160327 0.0545345 0.265194
0 0.753741 0.664632 0.168996 0.628927
0 0.908556 0.682335 0.177389 0.591507
0 0.285974 0.463946 0.126863 0.241173
0 0.874833 0.30413 0.147775 0.199422
0 0.596304 0.658639 0.165284 0.646385
0 0.293596 0.183442 0.154425 0.35862
0 0.276004 0.769605 0.1551 0.434208
0 0.439121 0.197597 0.155366 0.359213
0 0.585725 0.184851 0.155997 0.367231
0 0.731564 0.194903 0.152628 0.387887
0 0.106754 0.70765 0.0650898 0.511693
0 0.432396 0.67345 0.172501 0.620271
0 0.163516 0.694017 0.0743625 0.527526
0 0.751885 0.658586 0.170602 0.629116
0 0.0407574 0.723828 0.0811824 0.510964
0 0.431388 0.705869 0.169307 0.536372
0 0.156983 0.160327 0.0545345 0.265194
0 0.753741 0.664632 0.168996 0.628927
0 0.908556 0.682335 0.177389 0.591507
0 0.285974 0.463946 0.126863 0.241173
0 0.874833 0.30413 0.147775 0.199422
0 0.183019 0.158744 0.0793497 0.27469
0 0.969178 0.127312 0.0614071 0.254624
0 0.177515 0.155874 0.0927139 0.284246
0 0.903014 0.85736 0.160257 0.230048
0 0.911801 0.599456 0.163817 0.387604
0 0.596304 0.658639 0.165284 0.646385
0 0.293596 0.183442 0.154425 0.35862
0 0.276004 0.769605 0.1551 0.434208
0 0.439121 0.197597 0.155366 0.359213
0 0.585725 0.184851 0.155997 0.367231
0 0.731564 0.194903 0.152628 0.387887
0 0.106754 0.70765 0.0650898 0.511693
0 0.432396 0.67345 0.172501 0.620271
0 0.163516 0.694017 0.0743625 0.527526
0 0.751885 0.658586 0.170602 0.629116
0 0.0407574 0.723828 0.0811824 0.510964
0 0.431388 0.705869 0.169307 0.536372
0 0.156983 0.160327 0.0545345 0.265194
0 0.753741 0.664632 0.168996 0.628927
0 0.908556 0.682335 0.177389 0.591507
0 0.285974 0.463946 0.126863 0.241173
0 0.874833 0.30413 0.147775 0.199422
0 0.596304 0.658639 0.165284 0.646385
0 0.293596 0.183442 0.154425 0.35862
0 0.276004 0.769605 0.1551 0.434208
0 0.439121 0.197597 0.155366 0.359213
0 0.585725 0.184851 0.155997 0.367231
0 0.731564 0.194903 0.152628 0.387887
0 0.106754 0.70765 0.0650898 0.511693
0 0.432396 0.67345 0.172501 0.620271
0 0.163516 0.694017 0.0743625 0.527526
0 0.751885 0.658586 0.170602 0.629116
0 0.0407574 0.723828 0.0811824 0.510964
0 0.431388 0.705869 0.169307 0.536372
0 0.156983 0.160327 0.0545345 0.265194
0 0.753741 0.664632 0.168996 0.628927
0 0.908556 0.682335 0.177389 0.591507
0 0.285974 0.463946 0.126863 0.241173
0 0.874833 0.30413 0.147775 0.199422
