0 0.566282 0.54342 0.0763273 0.673104
0 0.489925 0.561073 0.0766638 0.67487
0 0.643407 0.525407 0.0780992 0.673624
0 0.723329 0.498798 0.0826913 0.68578
0 0.183529 0.627883 0.0772308 0.669381
0 0.807227 0.47097 0.0832039 0.703508
0 0.888938 0.444967 0.080112 0.712282
0 0.260224 0.594377 0.0768675 0.698564
0 0.0359683 0.665411 0.0714419 0.664611
0 0.963739 0.426142 0.0724586 0.713959
0 0.338697 0.570456 0.0796439 0.695769
0 0.109371 0.646367 0.0735 0.665878
0 0.414656 0.566937 0.074335 0.675646
0 0.963802 0.425041 0.0723967 0.70945
0 0.338921 0.571987 0.0805371 0.705529
0 0.566282 0.54342 0.0763273 0.673104
0 0.489925 0.561073 0.0766638 0.67487
0 0.643407 0.525407 0.0780992 0.673624
0 0.723329 0.498798 0.0826913 0.68578
0 0.183529 0.627883 0.0772308 0.669381
0 0.807227 0.47097 0.0832039 0.703508
0 0.888938 0.444967 0.080112 0.712282
0 0.260224 0.594377 0.0768675 0.698564
0 0.0359683 0.665411 0.0714419 0.664611
0 0.963739 0.426142 0.0724586 0.713959
0 0.338697 0.570456 0.0796439 0.695769
0 0.109371 0.646367 0.0735 0.665878
0 0.414656 0.566937 0.074335 0.675646
0 0.963802 0.425041 0.0723967 0.70945
0 0.338921 0.571987 0.0805371 0.705529
0 0.566282 0.54342 0.0763273 0.673104
0 0.489925 0.561073 0.0766638 0.67487
0 0.643407 0.525407 0.0780992 0.673624
0 0.723329 0.498798 0.0826913 0.68578
0 0.183529 0.627883 0.0772308 0.669381
0 0.807227 0.47097 0.0832039 0.703508
0 0.888938 0.444967 0.080112 0.712282
0 0.260224 0.594377 0.0768675 0.698564
0 0.0359683 0.665411 0.0714419 0.664611
0 0.963739 0.426142 0.0724586 0.713959
0 0.338697 0.570456 0.0796439 0.695769
0 0.109371 0.646367 0.0735 0.665878
0 0.414656 0.566937 0.074335 0.675646
0 0.963802 0.425041 0.0723967 0.70945
0 0.338921 0.571987 0.0805371 0.705529
0 0.643081 0.525961 0.0791539 0.669562
0 0.414014 0.57679 0.0764279 0.674769
0 0.963188 0.42278 0.073624 0.719233
0 0.887518 0.446437 0.0825338 0.715763
0 0.108787 0.64588 0.0729649 0.66126
0 0.337569 0.58291 0.0819171 0.708744
0 0.805671 0.482411 0.0819382 0.699896
0 0.566252 0.542295 0.0782364 0.670624
0 0.182864 0.629152 0.0771039 0.676357
0 0.489421 0.563364 0.078157 0.667761
0 0.259179 0.601864 0.077167 0.712706
0 0.723285 0.508948 0.0834698 0.698485
0 0.036502 0.669876 0.0729349 0.660248
0 0.643081 0.525961 0.0791539 0.669562
0 0.414014 0.57679 0.0764279 0.674769
0 0.963188 0.42278 0.073624 0.719233
0 0.887518 0.446437 0.0825338 0.715763
0 0.108787 0.64588 0.0729649 0.66126
0 0.337569 0.58291 0.0819171 0.708744
0 0.805671 0.482411 0.0819382 0.699896
0 0.566252 0.542295 0.0782364 0.670624
0 0.182864 0.629152 0.0771039 0.676357
0 0.489421 0.563364 0.078157 0.667761
0 0.259179 0.601864 0.077167 0.712706
0 0.723285 0.508948 0.0834698 0.698485
0 0.036502 0.669876 0.0729349 0.660248
0 0.643081 0.525961 0.0791539 0.669562
0 0.414014 0.57679 0.0764279 0.674769
0 0.963188 0.42278 0.073624 0.719233
0 0.887518 0.446437 0.0825338 0.715763
0 0.108787 0.64588 0.0729649 0.66126
0 0.337569 0.58291 0.0819171 0.708744
0 0.805671 0.482411 0.0819382 0.699896
0 0.566252 0.542295 0.0782364 0.670624
0 0.182864 0.629152 0.0771039 0.676357
0 0.489421 0.563364 0.078157 0.667761
0 0.259179 0.601864 0.077167 0.712706
0 0.723285 0.508948 0.0834698 0.698485
0 0.036502 0.669876 0.0729349 0.660248
0 0.643081 0.525961 0.0791539 0.669562
0 0.414014 0.57679 0.0764279 0.674769
0 0.963188 0.42278 0.073624 0.719233
0 0.887518 0.446437 0.0825338 0.715763
0 0.108787 0.64588 0.0729649 0.66126
0 0.337569 0.58291 0.0819171 0.708744
0 0.805671 0.482411 0.0819382 0.699896
0 0.566252 0.542295 0.0782364 0.670624
0 0.182864 0.629152 0.0771039 0.676357
0 0.489421 0.563364 0.078157 0.667761
0 0.259179 0.601864 0.077167 0.712706
0 0.723285 0.508948 0.0834698 0.698485
0 0.036502 0.669876 0.0729349 0.660248
