0 0.131502 0.668919 0.238272 0.611306
0 0.367251 0.668497 0.242744 0.611958
0 0.850312 0.697583 0.249164 0.604834
0 0.609608 0.682845 0.245235 0.61063
0 0.131502 0.668919 0.238272 0.611306
0 0.367251 0.668497 0.242744 0.611958
0 0.850312 0.697583 0.249164 0.604834
0 0.609608 0.682845 0.245235 0.61063
0 0.131502 0.668919 0.238272 0.611306
0 0.367251 0.668497 0.242744 0.611958
0 0.850312 0.697583 0.249164 0.604834
0 0.609608 0.682845 0.245235 0.61063
0 0.366934 0.674945 0.242271 0.62154
0 0.60996 0.6877 0.243633 0.62252
0 0.133983 0.673408 0.235149 0.611594
0 0.850792 0.700227 0.243541 0.599546
0 0.85093 0.699029 0.245472 0.601942
0 0.366934 0.674945 0.242271 0.62154
0 0.60996 0.6877 0.243633 0.62252
0 0.133983 0.673408 0.235149 0.611594
0 0.850792 0.700227 0.243541 0.599546
0 0.85093 0.699029 0.245472 0.601942
0 0.366934 0.674945 0.242271 0.62154
0 0.60996 0.6877 0.243633 0.62252
0 0.133983 0.673408 0.235149 0.611594
0 0.850792 0.700227 0.243541 0.599546
0 0.85093 0.699029 0.245472 0.601942
