0 0.866008 0.604535 0.201036 0.662599
0 0.375674 0.616329 0.113152 0.706887
0 0.710046 0.774598 0.106922 0.369884
0 0.160516 0.631224 0.120877 0.695728
0 0.493499 0.605388 0.120281 0.707326
0 0.0588822 0.645236 0.115098 0.68666
0 0.599959 0.778466 0.108074 0.349831
0 0.26878 0.628763 0.110293 0.70009
0 0.866008 0.604535 0.201036 0.662599
0 0.375674 0.616329 0.113152 0.706887
0 0.710046 0.774598 0.106922 0.369884
0 0.160516 0.631224 0.120877 0.695728
0 0.493499 0.605388 0.120281 0.707326
0 0.0588822 0.645236 0.115098 0.68666
0 0.599959 0.778466 0.108074 0.349831
0 0.26878 0.628763 0.110293 0.70009
0 0.866008 0.604535 0.201036 0.662599
0 0.375674 0.616329 0.113152 0.706887
0 0.710046 0.774598 0.106922 0.369884
0 0.160516 0.631224 0.120877 0.695728
0 0.493499 0.605388 0.120281 0.707326
0 0.0588822 0.645236 0.115098 0.68666
0 0.599959 0.778466 0.108074 0.349831
0 0.26878 0.628763 0.110293 0.70009
0 0.493926 0.616331 0.112884 0.687687
0 0.603876 0.609959 0.113758 0.696911
0 0.379102 0.61881 0.11436 0.703607
0 0.267842 0.62575 0.110031 0.692619
0 0.868276 0.481425 0.192195 0.935508
0 0.0589522 0.648811 0.108782 0.670756
0 0.712615 0.605025 0.114148 0.704016
0 0.493926 0.616331 0.112884 0.687687
0 0.603876 0.609959 0.113758 0.696911
0 0.379102 0.61881 0.11436 0.703607
0 0.267842 0.62575 0.110031 0.692619
0 0.868276 0.481425 0.192195 0.935508
0 0.0589522 0.648811 0.108782 0.670756
0 0.712615 0.605025 0.114148 0.704016
0 0.161141 0.633001 0.119362 0.689186
0 0.160007 0.634975 0.118762 0.684372
0 0.0580185 0.653544 0.108253 0.664055
0 0.162157 0.6374 0.115775 0.684316
0 0.493926 0.616331 0.112884 0.687687
0 0.603876 0.609959 0.113758 0.696911
0 0.379102 0.61881 0.11436 0.703607
0 0.267842 0.62575 0.110031 0.692619
0 0.868276 0.481425 0.192195 0.935508
0 0.0589522 0.648811 0.108782 0.670756
0 0.712615 0.605025 0.114148 0.704016
0 0.493926 0.616331 0.112884 0.687687
0 0.603876 0.609959 0.113758 0.696911
0 0.379102 0.61881 0.11436 0.703607
0 0.267842 0.62575 0.110031 0.692619
0 0.868276 0.481425 0.192195 0.935508
0 0.0589522 0.648811 0.108782 0.670756
0 0.712615 0.605025 0.114148 0.704016
