0 0.545437 0.704525 0.113546 0.536756
0 0.436871 0.706833 0.113837 0.548171
0 0.801975 0.654935 0.116226 0.645733
0 0.682171 0.63521 0.141033 0.687792
0 0.218762 0.502851 0.143974 0.977573
0 0.914063 0.681143 0.117835 0.594743
0 0.0913258 0.507113 0.148318 0.971624
0 0.328802 0.585645 0.118858 0.77324
0 0.0199931 0.469698 0.0399862 0.923696
0 0.973899 0.252427 0.0522012 0.390271
0 0.545437 0.704525 0.113546 0.536756
0 0.436871 0.706833 0.113837 0.548171
0 0.801975 0.654935 0.116226 0.645733
0 0.682171 0.63521 0.141033 0.687792
0 0.218762 0.502851 0.143974 0.977573
0 0.914063 0.681143 0.117835 0.594743
0 0.0913258 0.507113 0.148318 0.971624
0 0.328802 0.585645 0.118858 0.77324
0 0.0199931 0.469698 0.0399862 0.923696
0 0.973899 0.252427 0.0522012 0.390271
0 0.545437 0.704525 0.113546 0.536756
0 0.436871 0.706833 0.113837 0.548171
0 0.801975 0.654935 0.116226 0.645733
0 0.682171 0.63521 0.141033 0.687792
0 0.218762 0.502851 0.143974 0.977573
0 0.914063 0.681143 0.117835 0.594743
0 0.0913258 0.507113 0.148318 0.971624
0 0.328802 0.585645 0.118858 0.77324
0 0.0199931 0.469698 0.0399862 0.923696
0 0.973899 0.252427 0.0522012 0.390271
0 0.688173 0.647411 0.130665 0.655091
0 0.802605 0.647056 0.117925 0.657428
0 0.546848 0.658225 0.119802 0.63183
0 0.913302 0.656579 0.120547 0.645831
0 0.216165 0.519403 0.139903 0.936964
0 0.437908 0.656334 0.115155 0.639576
0 0.331577 0.566457 0.127413 0.845329
0 0.0933746 0.53548 0.138699 0.910488
0 0.0241252 0.464643 0.0482504 0.924601
0 0.688173 0.647411 0.130665 0.655091
0 0.802605 0.647056 0.117925 0.657428
0 0.546848 0.658225 0.119802 0.63183
0 0.913302 0.656579 0.120547 0.645831
0 0.216165 0.519403 0.139903 0.936964
0 0.437908 0.656334 0.115155 0.639576
0 0.331577 0.566457 0.127413 0.845329
0 0.0933746 0.53548 0.138699 0.910488
0 0.0241252 0.464643 0.0482504 0.924601
0 0.986434 0.650981 0.0271316 0.610747
0 0.688173 0.647411 0.130665 0.655091
0 0.802605 0.647056 0.117925 0.657428
0 0.546848 0.658225 0.119802 0.63183
0 0.913302 0.656579 0.120547 0.645831
0 0.216165 0.519403 0.139903 0.936964
0 0.437908 0.656334 0.115155 0.639576
0 0.331577 0.566457 0.127413 0.845329
0 0.0933746 0.53548 0.138699 0.910488
0 0.0241252 0.464643 0.0482504 0.924601
