0 0.338288 0.574058 0.0945362 0.380116
0 0.444382 0.50212 0.106742 0.377302
0 0.266846 0.614856 0.085439 0.39103
0 0.618069 0.380369 0.0768193 0.332248
0 0.562003 0.4127 0.0646268 0.334489
0 0.791782 0.276973 0.0720697 0.321867
0 0.391287 0.110245 0.0780117 0.219607
0 0.321382 0.132661 0.0935717 0.263433
0 0.523483 0.0693484 0.095728 0.137812
0 0.183633 0.75857 0.109619 0.236668
0 0.709904 0.325584 0.123918 0.337961
0 0.732612 0.32039 0.0738624 0.324701
0 0.0706941 0.730394 0.141388 0.46743
0 0.454476 0.0864181 0.0843775 0.17267
0 0.511464 0.452766 0.0743492 0.355295
0 0.338288 0.574058 0.0945362 0.380116
0 0.444382 0.50212 0.106742 0.377302
0 0.266846 0.614856 0.085439 0.39103
0 0.618069 0.380369 0.0768193 0.332248
0 0.562003 0.4127 0.0646268 0.334489
0 0.791782 0.276973 0.0720697 0.321867
0 0.391287 0.110245 0.0780117 0.219607
0 0.321382 0.132661 0.0935717 0.263433
0 0.523483 0.0693484 0.095728 0.137812
0 0.183633 0.75857 0.109619 0.236668
0 0.709904 0.325584 0.123918 0.337961
0 0.732612 0.32039 0.0738624 0.324701
0 0.0706941 0.730394 0.141388 0.46743
0 0.454476 0.0864181 0.0843775 0.17267
0 0.511464 0.452766 0.0743492 0.355295
0 0.338288 0.574058 0.0945362 0.380116
0 0.444382 0.50212 0.106742 0.377302
0 0.266846 0.614856 0.085439 0.39103
0 0.618069 0.380369 0.0768193 0.332248
0 0.562003 0.4127 0.0646268 0.334489
0 0.791782 0.276973 0.0720697 0.321867
0 0.391287 0.110245 0.0780117 0.219607
0 0.321382 0.132661 0.0935717 0.263433
0 0.523483 0.0693484 0.095728 0.137812
0 0.183633 0.75857 0.109619 0.236668
0 0.709904 0.325584 0.123918 0.337961
0 0.732612 0.32039 0.0738624 0.324701
0 0.0706941 0.730394 0.141388 0.46743
0 0.454476 0.0864181 0.0843775 0.17267
0 0.511464 0.452766 0.0743492 0.355295
0 0.845468 0.241334 0.0693535 0.299374
0 0.445489 0.50746 0.0934052 0.34005
0 0.614632 0.382979 0.0725319 0.320182
0 0.674899 0.343985 0.0686522 0.328257
0 0.732748 0.312204 0.0719271 0.317105
0 0.18483 0.610734 0.112695 0.514802
0 0.336759 0.575999 0.0843317 0.347007
0 0.514009 0.460485 0.0638458 0.328879
0 0.0704326 0.663463 0.139412 0.578688
0 0.789028 0.275412 0.0682499 0.313796
0 0.267864 0.605972 0.0766743 0.380198
0 0.267641 0.610452 0.0776938 0.384209
0 0.892115 0.194893 0.0515763 0.300381
0 0.561102 0.423962 0.0563164 0.316429
0 0.459979 0.0817918 0.0892707 0.16298
0 0.845468 0.241334 0.0693535 0.299374
0 0.445489 0.50746 0.0934052 0.34005
0 0.614632 0.382979 0.0725319 0.320182
0 0.674899 0.343985 0.0686522 0.328257
0 0.732748 0.312204 0.0719271 0.317105
0 0.18483 0.610734 0.112695 0.514802
0 0.336759 0.575999 0.0843317 0.347007
0 0.514009 0.460485 0.0638458 0.328879
0 0.0704326 0.663463 0.139412 0.578688
0 0.789028 0.275412 0.0682499 0.313796
0 0.267864 0.605972 0.0766743 0.380198
0 0.267641 0.610452 0.0776938 0.384209
0 0.892115 0.194893 0.0515763 0.300381
0 0.561102 0.423962 0.0563164 0.316429
0 0.459979 0.0817918 0.0892707 0.16298
0 0.732772 0.310668 0.0721805 0.318591
0 0.934402 0.166054 0.0569471 0.320814
0 0.974644 0.141303 0.0507122 0.281483
0 0.396717 0.0988402 0.0759316 0.196315
0 0.970756 0.150415 0.0584889 0.298809
0 0.845468 0.241334 0.0693535 0.299374
0 0.445489 0.50746 0.0934052 0.34005
0 0.614632 0.382979 0.0725319 0.320182
0 0.674899 0.343985 0.0686522 0.328257
0 0.732748 0.312204 0.0719271 0.317105
0 0.18483 0.610734 0.112695 0.514802
0 0.336759 0.575999 0.0843317 0.347007
0 0.514009 0.460485 0.0638458 0.328879
0 0.0704326 0.663463 0.139412 0.578688
0 0.789028 0.275412 0.0682499 0.313796
0 0.267864 0.605972 0.0766743 0.380198
0 0.267641 0.610452 0.0776938 0.384209
0 0.892115 0.194893 0.0515763 0.300381
0 0.561102 0.423962 0.0563164 0.316429
0 0.459979 0.0817918 0.0892707 0.16298
0 0.845468 0.241334 0.0693535 0.299374
0 0.445489 0.50746 0.0934052 0.34005
0 0.614632 0.382979 0.0725319 0.320182
0 0.674899 0.343985 0.0686522 0.328257
0 0.732748 0.312204 0.0719271 0.317105
0 0.18483 0.610734 0.112695 0.514802
0 0.336759 0.575999 0.0843317 0.347007
0 0.514009 0.460485 0.0638458 0.328879
0 0.0704326 0.663463 0.139412 0.578688
0 0.789028 0.275412 0.0682499 0.313796
0 0.267864 0.605972 0.0766743 0.380198
0 0.267641 0.610452 0.0776938 0.384209
0 0.892115 0.194893 0.0515763 0.300381
0 0.561102 0.423962 0.0563164 0.316429
0 0.459979 0.0817918 0.0892707 0.16298
