0 0.614735 0.497985 0.363695 0.3506
0 0.289138 0.475643 0.240396 0.730362
0 0.611203 0.523816 0.368783 0.396933
0 0.614735 0.497985 0.363695 0.3506
0 0.289138 0.475643 0.240396 0.730362
0 0.611203 0.523816 0.368783 0.396933
0 0.614735 0.497985 0.363695 0.3506
0 0.289138 0.475643 0.240396 0.730362
0 0.611203 0.523816 0.368783 0.396933
0 0.586399 0.555803 0.425705 0.504738
0 0.285865 0.47659 0.216252 0.70508
0 0.0371448 0.665461 0.0742896 0.236027
0 0.145706 0.664325 0.153003 0.251257
0 0.586399 0.555803 0.425705 0.504738
0 0.285865 0.47659 0.216252 0.70508
0 0.0371448 0.665461 0.0742896 0.236027
0 0.145706 0.664325 0.153003 0.251257
0 0.112402 0.66048 0.22277 0.27109
0 0.856106 0.749506 0.227119 0.28234
0 0.586399 0.555803 0.425705 0.504738
0 0.285865 0.47659 0.216252 0.70508
0 0.0371448 0.665461 0.0742896 0.236027
0 0.145706 0.664325 0.153003 0.251257
0 0.586399 0.555803 0.425705 0.504738
0 0.285865 0.47659 0.216252 0.70508
0 0.0371448 0.665461 0.0742896 0.236027
0 0.145706 0.664325 0.153003 0.251257
