0 0.47514 0.480608 0.361581 0.826281
0 0.212926 0.408299 0.301215 0.816598
0 0.47514 0.480608 0.361581 0.826281
0 0.212926 0.408299 0.301215 0.816598
0 0.47514 0.480608 0.361581 0.826281
0 0.212926 0.408299 0.301215 0.816598
0 0.478342 0.570078 0.299778 0.614282
0 0.827121 0.670722 0.319676 0.647515
0 0.210266 0.451269 0.25026 0.571899
0 0.478342 0.570078 0.299778 0.614282
0 0.827121 0.670722 0.319676 0.647515
0 0.210266 0.451269 0.25026 0.571899
0 0.478342 0.570078 0.299778 0.614282
0 0.827121 0.670722 0.319676 0.647515
0 0.210266 0.451269 0.25026 0.571899
0 0.478342 0.570078 0.299778 0.614282
0 0.827121 0.670722 0.319676 0.647515
0 0.210266 0.451269 0.25026 0.571899
