0 0.630345 0.281583 0.206979 0.401447
0 0.804556 0.214107 0.169444 0.329482
0 0.43437 0.391341 0.206291 0.458719
0 0.0952551 0.691802 0.188305 0.505002
0 0.630345 0.281583 0.206979 0.401447
0 0.804556 0.214107 0.169444 0.329482
0 0.43437 0.391341 0.206291 0.458719
0 0.0952551 0.691802 0.188305 0.505002
0 0.630345 0.281583 0.206979 0.401447
0 0.804556 0.214107 0.169444 0.329482
0 0.43437 0.391341 0.206291 0.458719
0 0.0952551 0.691802 0.188305 0.505002
0 0.0956214 0.665715 0.185685 0.571976
0 0.407068 0.407847 0.111176 0.378098
0 0.318906 0.478688 0.0806845 0.306991
0 0.635782 0.249824 0.208422 0.481798
0 0.489155 0.354586 0.0803865 0.348294
0 0.803242 0.198585 0.170597 0.39717
0 0.597196 0.352112 0.119741 0.26155
0 0.0956214 0.665715 0.185685 0.571976
0 0.407068 0.407847 0.111176 0.378098
0 0.318906 0.478688 0.0806845 0.306991
0 0.635782 0.249824 0.208422 0.481798
0 0.489155 0.354586 0.0803865 0.348294
0 0.803242 0.198585 0.170597 0.39717
0 0.597196 0.352112 0.119741 0.26155
0 0.23039 0.517765 0.118661 0.397099
0 0.0956214 0.665715 0.185685 0.571976
0 0.407068 0.407847 0.111176 0.378098
0 0.318906 0.478688 0.0806845 0.306991
0 0.635782 0.249824 0.208422 0.481798
0 0.489155 0.354586 0.0803865 0.348294
0 0.803242 0.198585 0.170597 0.39717
0 0.597196 0.352112 0.119741 0.26155
0 0.0956214 0.665715 0.185685 0.571976
0 0.407068 0.407847 0.111176 0.378098
0 0.318906 0.478688 0.0806845 0.306991
0 0.635782 0.249824 0.208422 0.481798
0 0.489155 0.354586 0.0803865 0.348294
0 0.803242 0.198585 0.170597 0.39717
0 0.597196 0.352112 0.119741 0.26155
