0 0.230028 0.526584 0.168882 0.871399
0 0.36141 0.528984 0.1745 0.873229
0 0.477226 0.550183 0.170693 0.845039
0 0.102394 0.51036 0.188384 0.927869
0 0.595427 0.555344 0.161321 0.818379
0 0.798514 0.680054 0.135275 0.570072
0 0.0933888 0.640704 0.173089 0.643605
0 0.230028 0.526584 0.168882 0.871399
0 0.36141 0.528984 0.1745 0.873229
0 0.477226 0.550183 0.170693 0.845039
0 0.102394 0.51036 0.188384 0.927869
0 0.595427 0.555344 0.161321 0.818379
0 0.798514 0.680054 0.135275 0.570072
0 0.0933888 0.640704 0.173089 0.643605
0 0.230028 0.526584 0.168882 0.871399
0 0.36141 0.528984 0.1745 0.873229
0 0.477226 0.550183 0.170693 0.845039
0 0.102394 0.51036 0.188384 0.927869
0 0.595427 0.555344 0.161321 0.818379
0 0.798514 0.680054 0.135275 0.570072
0 0.0933888 0.640704 0.173089 0.643605
0 0.232136 0.556244 0.162222 0.829886
0 0.59481 0.574846 0.153725 0.795655
0 0.482077 0.568378 0.155141 0.814532
0 0.360189 0.561476 0.160833 0.817408
0 0.101008 0.548632 0.172874 0.848788
0 0.358874 0.560247 0.160914 0.813178
0 0.696895 0.586127 0.130928 0.783842
0 0.232136 0.556244 0.162222 0.829886
0 0.59481 0.574846 0.153725 0.795655
0 0.482077 0.568378 0.155141 0.814532
0 0.360189 0.561476 0.160833 0.817408
0 0.101008 0.548632 0.172874 0.848788
0 0.358874 0.560247 0.160914 0.813178
0 0.696895 0.586127 0.130928 0.783842
0 0.893713 0.586975 0.161073 0.766062
0 0.823142 0.583315 0.318299 0.779355
0 0.232136 0.556244 0.162222 0.829886
0 0.59481 0.574846 0.153725 0.795655
0 0.482077 0.568378 0.155141 0.814532
0 0.360189 0.561476 0.160833 0.817408
0 0.101008 0.548632 0.172874 0.848788
0 0.358874 0.560247 0.160914 0.813178
0 0.696895 0.586127 0.130928 0.783842
