0 0.811966 0.366475 0.120992 0.541925
0 0.916438 0.340667 0.0993463 0.535436
0 0.573526 0.517337 0.0668755 0.48349
0 0.396782 0.20343 0.172593 0.406859
0 0.29935 0.680313 0.0816303 0.40558
0 0.662636 0.482535 0.125795 0.497731
0 0.983889 0.286139 0.0322226 0.572278
0 0.411777 0.602705 0.145732 0.472389
0 0.67397 0.464592 0.148167 0.504341
0 0.204561 0.727874 0.129061 0.401306
0 0.811966 0.366475 0.120992 0.541925
0 0.916438 0.340667 0.0993463 0.535436
0 0.573526 0.517337 0.0668755 0.48349
0 0.396782 0.20343 0.172593 0.406859
0 0.29935 0.680313 0.0816303 0.40558
0 0.662636 0.482535 0.125795 0.497731
0 0.983889 0.286139 0.0322226 0.572278
0 0.411777 0.602705 0.145732 0.472389
0 0.67397 0.464592 0.148167 0.504341
0 0.204561 0.727874 0.129061 0.401306
0 0.811966 0.366475 0.120992 0.541925
0 0.916438 0.340667 0.0993463 0.535436
0 0.573526 0.517337 0.0668755 0.48349
0 0.396782 0.20343 0.172593 0.406859
0 0.29935 0.680313 0.0816303 0.40558
0 0.662636 0.482535 0.125795 0.497731
0 0.983889 0.286139 0.0322226 0.572278
0 0.411777 0.602705 0.145732 0.472389
0 0.67397 0.464592 0.148167 0.504341
0 0.204561 0.727874 0.129061 0.401306
0 0.812409 0.372439 0.123458 0.527335
0 0.916211 0.334448 0.10041 0.526261
0 0.439248 0.590576 0.201031 0.507799
0 0.300674 0.678036 0.0820317 0.4243
0 0.0180551 0.774442 0.0361101 0.451116
0 0.649727 0.484364 0.205972 0.51599
0 0.209315 0.490667 0.238938 0.851303
0 0.98413 0.297082 0.0317177 0.533968
0 0.203498 0.731589 0.137791 0.417227
0 0.0535621 0.33912 0.103903 0.411837
0 0.419261 0.410889 0.216258 0.821778
0 0.131099 0.329778 0.0742679 0.435265
0 0.489774 0.569964 0.100403 0.484362
0 0.666168 0.132164 0.145649 0.264328
0 0.0883072 0.696641 0.123846 0.414199
0 0.812409 0.372439 0.123458 0.527335
0 0.916211 0.334448 0.10041 0.526261
0 0.439248 0.590576 0.201031 0.507799
0 0.300674 0.678036 0.0820317 0.4243
0 0.0180551 0.774442 0.0361101 0.451116
0 0.649727 0.484364 0.205972 0.51599
0 0.209315 0.490667 0.238938 0.851303
0 0.98413 0.297082 0.0317177 0.533968
0 0.203498 0.731589 0.137791 0.417227
0 0.0535621 0.33912 0.103903 0.411837
0 0.419261 0.410889 0.216258 0.821778
0 0.131099 0.329778 0.0742679 0.435265
0 0.489774 0.569964 0.100403 0.484362
0 0.666168 0.132164 0.145649 0.264328
0 0.0883072 0.696641 0.123846 0.414199
0 0.418431 0.19912 0.192408 0.398241
0 0.204019 0.729011 0.138186 0.426581
0 0.173269 0.31841 0.149789 0.461692
0 0.646838 0.493416 0.213039 0.521212
0 0.712377 0.450839 0.0825695 0.498587
0 0.646869 0.497141 0.217725 0.535319
0 0.812409 0.372439 0.123458 0.527335
0 0.916211 0.334448 0.10041 0.526261
0 0.439248 0.590576 0.201031 0.507799
0 0.300674 0.678036 0.0820317 0.4243
0 0.0180551 0.774442 0.0361101 0.451116
0 0.649727 0.484364 0.205972 0.51599
0 0.209315 0.490667 0.238938 0.851303
0 0.98413 0.297082 0.0317177 0.533968
0 0.203498 0.731589 0.137791 0.417227
0 0.0535621 0.33912 0.103903 0.411837
0 0.419261 0.410889 0.216258 0.821778
0 0.131099 0.329778 0.0742679 0.435265
0 0.489774 0.569964 0.100403 0.484362
0 0.666168 0.132164 0.145649 0.264328
0 0.0883072 0.696641 0.123846 0.414199
0 0.812409 0.372439 0.123458 0.527335
0 0.916211 0.334448 0.10041 0.526261
0 0.439248 0.590576 0.201031 0.507799
0 0.300674 0.678036 0.0820317 0.4243
0 0.0180551 0.774442 0.0361101 0.451116
0 0.649727 0.484364 0.205972 0.51599
0 0.209315 0.490667 0.238938 0.851303
0 0.98413 0.297082 0.0317177 0.533968
0 0.203498 0.731589 0.137791 0.417227
0 0.0535621 0.33912 0.103903 0.411837
0 0.419261 0.410889 0.216258 0.821778
0 0.131099 0.329778 0.0742679 0.435265
0 0.489774 0.569964 0.100403 0.484362
0 0.666168 0.132164 0.145649 0.264328
0 0.0883072 0.696641 0.123846 0.414199
