0 0.899856 0.562757 0.158719 0.851305
0 0.280645 0.522684 0.163133 0.925452
0 0.595491 0.498382 0.14891 0.922812
0 0.143127 0.555305 0.0796369 0.85986
0 0.0669413 0.553416 0.0799815 0.868438
0 0.443656 0.506732 0.155948 0.907586
0 0.987997 0.562962 0.0240054 0.861673
0 0.441842 0.497982 0.15508 0.905674
0 0.899856 0.562757 0.158719 0.851305
0 0.280645 0.522684 0.163133 0.925452
0 0.595491 0.498382 0.14891 0.922812
0 0.143127 0.555305 0.0796369 0.85986
0 0.0669413 0.553416 0.0799815 0.868438
0 0.443656 0.506732 0.155948 0.907586
0 0.987997 0.562962 0.0240054 0.861673
0 0.441842 0.497982 0.15508 0.905674
0 0.899856 0.562757 0.158719 0.851305
0 0.280645 0.522684 0.163133 0.925452
0 0.595491 0.498382 0.14891 0.922812
0 0.143127 0.555305 0.0796369 0.85986
0 0.0669413 0.553416 0.0799815 0.868438
0 0.443656 0.506732 0.155948 0.907586
0 0.987997 0.562962 0.0240054 0.861673
0 0.441842 0.497982 0.15508 0.905674
0 0.746196 0.525411 0.154993 0.903674
0 0.900377 0.559643 0.160866 0.849575
0 0.443167 0.492195 0.15733 0.981125
0 0.28027 0.521467 0.157396 0.917629
0 0.598057 0.510215 0.151049 0.918567
0 0.143574 0.531536 0.0851976 0.908818
0 0.0676534 0.54996 0.0805394 0.882284
0 0.0997866 0.558071 0.168404 0.883859
0 0.987659 0.531284 0.0246752 0.867786
0 0.143139 0.541276 0.0847582 0.910947
0 0.28138 0.530086 0.157929 0.934712
0 0.597105 0.506679 0.151011 0.947334
0 0.0681742 0.556316 0.0785279 0.887368
0 0.746196 0.525411 0.154993 0.903674
0 0.900377 0.559643 0.160866 0.849575
0 0.443167 0.492195 0.15733 0.981125
0 0.28027 0.521467 0.157396 0.917629
0 0.598057 0.510215 0.151049 0.918567
0 0.143574 0.531536 0.0851976 0.908818
0 0.0676534 0.54996 0.0805394 0.882284
0 0.0997866 0.558071 0.168404 0.883859
0 0.987659 0.531284 0.0246752 0.867786
0 0.143139 0.541276 0.0847582 0.910947
0 0.28138 0.530086 0.157929 0.934712
0 0.597105 0.506679 0.151011 0.947334
0 0.0681742 0.556316 0.0785279 0.887368
0 0.746196 0.525411 0.154993 0.903674
0 0.900377 0.559643 0.160866 0.849575
0 0.443167 0.492195 0.15733 0.981125
0 0.28027 0.521467 0.157396 0.917629
0 0.598057 0.510215 0.151049 0.918567
0 0.143574 0.531536 0.0851976 0.908818
0 0.0676534 0.54996 0.0805394 0.882284
0 0.0997866 0.558071 0.168404 0.883859
0 0.987659 0.531284 0.0246752 0.867786
0 0.143139 0.541276 0.0847582 0.910947
0 0.28138 0.530086 0.157929 0.934712
0 0.597105 0.506679 0.151011 0.947334
0 0.0681742 0.556316 0.0785279 0.887368
0 0.746196 0.525411 0.154993 0.903674
0 0.900377 0.559643 0.160866 0.849575
0 0.443167 0.492195 0.15733 0.981125
0 0.28027 0.521467 0.157396 0.917629
0 0.598057 0.510215 0.151049 0.918567
0 0.143574 0.531536 0.0851976 0.908818
0 0.0676534 0.54996 0.0805394 0.882284
0 0.0997866 0.558071 0.168404 0.883859
0 0.987659 0.531284 0.0246752 0.867786
0 0.143139 0.541276 0.0847582 0.910947
0 0.28138 0.530086 0.157929 0.934712
0 0.597105 0.506679 0.151011 0.947334
0 0.0681742 0.556316 0.0785279 0.887368
