0 0.0666816 0.465645 0.128963 0.921699
0 0.933028 0.441921 0.118696 0.716258
0 0.619531 0.492412 0.116398 0.916146
0 0.174461 0.471639 0.11341 0.928777
0 0.283772 0.4771 0.114824 0.908532
0 0.39789 0.486781 0.120589 0.919181
0 0.776361 0.495034 0.212204 0.872581
0 0.510229 0.490338 0.115432 0.910545
0 0.0666816 0.465645 0.128963 0.921699
0 0.933028 0.441921 0.118696 0.716258
0 0.619531 0.492412 0.116398 0.916146
0 0.174461 0.471639 0.11341 0.928777
0 0.283772 0.4771 0.114824 0.908532
0 0.39789 0.486781 0.120589 0.919181
0 0.776361 0.495034 0.212204 0.872581
0 0.510229 0.490338 0.115432 0.910545
0 0.0666816 0.465645 0.128963 0.921699
0 0.933028 0.441921 0.118696 0.716258
0 0.619531 0.492412 0.116398 0.916146
0 0.174461 0.471639 0.11341 0.928777
0 0.283772 0.4771 0.114824 0.908532
0 0.39789 0.486781 0.120589 0.919181
0 0.776361 0.495034 0.212204 0.872581
0 0.510229 0.490338 0.115432 0.910545
0 0.511153 0.499957 0.120159 0.896502
0 0.176452 0.481012 0.115318 0.910386
0 0.39938 0.497398 0.12122 0.901601
0 0.6186 0.504719 0.118522 0.892466
0 0.286043 0.492542 0.120733 0.90374
0 0.829745 0.491682 0.107431 0.840316
0 0.730572 0.498522 0.112406 0.869676
0 0.933281 0.504824 0.121299 0.797772
0 0.0660474 0.46333 0.123684 0.885703
0 0.72944 0.50108 0.112748 0.864574
0 0.511153 0.499957 0.120159 0.896502
0 0.176452 0.481012 0.115318 0.910386
0 0.39938 0.497398 0.12122 0.901601
0 0.6186 0.504719 0.118522 0.892466
0 0.286043 0.492542 0.120733 0.90374
0 0.829745 0.491682 0.107431 0.840316
0 0.730572 0.498522 0.112406 0.869676
0 0.933281 0.504824 0.121299 0.797772
0 0.0660474 0.46333 0.123684 0.885703
0 0.72944 0.50108 0.112748 0.864574
0 0.511153 0.499957 0.120159 0.896502
0 0.176452 0.481012 0.115318 0.910386
0 0.39938 0.497398 0.12122 0.901601
0 0.6186 0.504719 0.118522 0.892466
0 0.286043 0.492542 0.120733 0.90374
0 0.829745 0.491682 0.107431 0.840316
0 0.730572 0.498522 0.112406 0.869676
0 0.933281 0.504824 0.121299 0.797772
0 0.0660474 0.46333 0.123684 0.885703
0 0.72944 0.50108 0.112748 0.864574
0 0.511153 0.499957 0.120159 0.896502
0 0.176452 0.481012 0.115318 0.910386
0 0.39938 0.497398 0.12122 0.901601
0 0.6186 0.504719 0.118522 0.892466
0 0.286043 0.492542 0.120733 0.90374
0 0.829745 0.491682 0.107431 0.840316
0 0.730572 0.498522 0.112406 0.869676
0 0.933281 0.504824 0.121299 0.797772
0 0.0660474 0.46333 0.123684 0.885703
0 0.72944 0.50108 0.112748 0.864574
