0 0.369459 0.623272 0.0947632 0.748228
0 0.462551 0.611718 0.0939706 0.770806
0 0.26894 0.582816 0.103414 0.834368
0 0.835573 0.361939 0.090965 0.629008
0 0.924832 0.440358 0.092077 0.793166
0 0.0633065 0.580845 0.120322 0.83831
0 0.734099 0.366307 0.104444 0.600051
0 0.165565 0.567648 0.106406 0.864705
0 0.985199 0.478225 0.0296019 0.888157
0 0.0658835 0.523093 0.109262 0.700716
0 0.0112878 0.52463 0.0225756 0.720998
0 0.369459 0.623272 0.0947632 0.748228
0 0.462551 0.611718 0.0939706 0.770806
0 0.26894 0.582816 0.103414 0.834368
0 0.835573 0.361939 0.090965 0.629008
0 0.924832 0.440358 0.092077 0.793166
0 0.0633065 0.580845 0.120322 0.83831
0 0.734099 0.366307 0.104444 0.600051
0 0.165565 0.567648 0.106406 0.864705
0 0.985199 0.478225 0.0296019 0.888157
0 0.0658835 0.523093 0.109262 0.700716
0 0.0112878 0.52463 0.0225756 0.720998
0 0.369459 0.623272 0.0947632 0.748228
0 0.462551 0.611718 0.0939706 0.770806
0 0.26894 0.582816 0.103414 0.834368
0 0.835573 0.361939 0.090965 0.629008
0 0.924832 0.440358 0.092077 0.793166
0 0.0633065 0.580845 0.120322 0.83831
0 0.734099 0.366307 0.104444 0.600051
0 0.165565 0.567648 0.106406 0.864705
0 0.985199 0.478225 0.0296019 0.888157
0 0.0658835 0.523093 0.109262 0.700716
0 0.0112878 0.52463 0.0225756 0.720998
0 0.165999 0.57549 0.110492 0.84902
0 0.370117 0.635217 0.0976573 0.72838
0 0.46283 0.63023 0.0950368 0.736012
0 0.270715 0.57337 0.108726 0.85326
0 0.06667 0.575767 0.112565 0.848466
0 0.548774 0.592028 0.0830087 0.78935
0 0.92525 0.414836 0.0938563 0.790711
0 0.984351 0.440899 0.0312987 0.835575
0 0.0124281 0.583676 0.0248563 0.832649
0 0.165999 0.57549 0.110492 0.84902
0 0.370117 0.635217 0.0976573 0.72838
0 0.46283 0.63023 0.0950368 0.736012
0 0.270715 0.57337 0.108726 0.85326
0 0.06667 0.575767 0.112565 0.848466
0 0.548774 0.592028 0.0830087 0.78935
0 0.92525 0.414836 0.0938563 0.790711
0 0.984351 0.440899 0.0312987 0.835575
0 0.0124281 0.583676 0.0248563 0.832649
0 0.737583 0.532733 0.101725 0.934535
0 0.835452 0.362141 0.0944739 0.633133
0 0.737665 0.394128 0.0995587 0.636592
0 0.835177 0.366868 0.0951675 0.637563
