0 0.463953 0.54046 0.289872 0.75541
0 0.107843 0.560964 0.184843 0.771462
0 0.257768 0.558782 0.139769 0.769637
0 0.938111 0.582881 0.121615 0.59988
0 0.737804 0.541389 0.286605 0.725372
0 0.463953 0.54046 0.289872 0.75541
0 0.107843 0.560964 0.184843 0.771462
0 0.257768 0.558782 0.139769 0.769637
0 0.938111 0.582881 0.121615 0.59988
0 0.737804 0.541389 0.286605 0.725372
0 0.463953 0.54046 0.289872 0.75541
0 0.107843 0.560964 0.184843 0.771462
0 0.257768 0.558782 0.139769 0.769637
0 0.938111 0.582881 0.121615 0.59988
0 0.737804 0.541389 0.286605 0.725372
0 0.936955 0.591338 0.12609 0.600108
0 0.467333 0.555722 0.29191 0.754703
0 0.736489 0.536491 0.283359 0.741109
0 0.936955 0.591338 0.12609 0.600108
0 0.467333 0.555722 0.29191 0.754703
0 0.736489 0.536491 0.283359 0.741109
0 0.936955 0.591338 0.12609 0.600108
0 0.467333 0.555722 0.29191 0.754703
0 0.736489 0.536491 0.283359 0.741109
