0 0.123386 0.5102 0.240622 0.9558
0 0.921246 0.394101 0.153742 0.717301
0 0.777518 0.409599 0.140239 0.749302
0 0.321903 0.510015 0.18156 0.903244
0 0.465657 0.52647 0.15178 0.89379
0 0.616397 0.498811 0.214122 0.922328
0 0.123386 0.5102 0.240622 0.9558
0 0.921246 0.394101 0.153742 0.717301
0 0.777518 0.409599 0.140239 0.749302
0 0.321903 0.510015 0.18156 0.903244
0 0.465657 0.52647 0.15178 0.89379
0 0.616397 0.498811 0.214122 0.922328
0 0.123386 0.5102 0.240622 0.9558
0 0.921246 0.394101 0.153742 0.717301
0 0.777518 0.409599 0.140239 0.749302
0 0.321903 0.510015 0.18156 0.903244
0 0.465657 0.52647 0.15178 0.89379
0 0.616397 0.498811 0.214122 0.922328
0 0.122019 0.494493 0.242424 0.981144
0 0.321883 0.511594 0.173491 0.911381
0 0.92278 0.384339 0.154439 0.72912
0 0.781338 0.40034 0.142707 0.747916
0 0.621109 0.486516 0.204739 0.934774
0 0.462607 0.519566 0.145402 0.892126
0 0.122019 0.494493 0.242424 0.981144
0 0.321883 0.511594 0.173491 0.911381
0 0.92278 0.384339 0.154439 0.72912
0 0.781338 0.40034 0.142707 0.747916
0 0.621109 0.486516 0.204739 0.934774
0 0.462607 0.519566 0.145402 0.892126
0 0.122019 0.494493 0.242424 0.981144
0 0.321883 0.511594 0.173491 0.911381
0 0.92278 0.384339 0.154439 0.72912
0 0.781338 0.40034 0.142707 0.747916
0 0.621109 0.486516 0.204739 0.934774
0 0.462607 0.519566 0.145402 0.892126
0 0.122019 0.494493 0.242424 0.981144
0 0.321883 0.511594 0.173491 0.911381
0 0.92278 0.384339 0.154439 0.72912
0 0.781338 0.40034 0.142707 0.747916
0 0.621109 0.486516 0.204739 0.934774
0 0.462607 0.519566 0.145402 0.892126
