0 0.195371 0.463676 0.257466 0.401742
0 0.402752 0.408094 0.231726 0.422307
0 0.61862 0.408609 0.239354 0.381345
0 0.828197 0.383906 0.237465 0.412932
0 0.618975 0.408535 0.237368 0.382325
0 0.403362 0.408876 0.230391 0.425124
0 0.195371 0.463676 0.257466 0.401742
0 0.402752 0.408094 0.231726 0.422307
0 0.61862 0.408609 0.239354 0.381345
0 0.828197 0.383906 0.237465 0.412932
0 0.618975 0.408535 0.237368 0.382325
0 0.403362 0.408876 0.230391 0.425124
0 0.195371 0.463676 0.257466 0.401742
0 0.402752 0.408094 0.231726 0.422307
0 0.61862 0.408609 0.239354 0.381345
0 0.828197 0.383906 0.237465 0.412932
0 0.618975 0.408535 0.237368 0.382325
0 0.403362 0.408876 0.230391 0.425124
0 0.61784 0.415823 0.214821 0.358904
0 0.409738 0.41312 0.205837 0.403737
0 0.196461 0.463583 0.235038 0.400956
0 0.829297 0.39408 0.203949 0.407388
0 0.61784 0.415823 0.214821 0.358904
0 0.409738 0.41312 0.205837 0.403737
0 0.196461 0.463583 0.235038 0.400956
0 0.829297 0.39408 0.203949 0.407388
0 0.955391 0.0550045 0.0892181 0.110009
0 0.830422 0.0878422 0.215239 0.175684
0 0.61784 0.415823 0.214821 0.358904
0 0.409738 0.41312 0.205837 0.403737
0 0.196461 0.463583 0.235038 0.400956
0 0.829297 0.39408 0.203949 0.407388
0 0.61784 0.415823 0.214821 0.358904
0 0.409738 0.41312 0.205837 0.403737
0 0.196461 0.463583 0.235038 0.400956
0 0.829297 0.39408 0.203949 0.407388
