0 0.837526 0.355538 0.0388213 0.514365
0 0.0520366 0.712595 0.0614994 0.509452
0 0.272051 0.675291 0.0561412 0.451695
0 0.220202 0.683661 0.0547738 0.468506
0 0.80233 0.361094 0.0376462 0.517389
0 0.908392 0.340617 0.034634 0.5228
0 0.727959 0.378279 0.0415999 0.547254
0 0.524601 0.394751 0.0525259 0.624485
0 0.167292 0.717985 0.0514531 0.431354
0 0.0124429 0.714502 0.0246041 0.508037
0 0.56998 0.396836 0.0462616 0.591183
0 0.112076 0.729872 0.061052 0.451686
0 0.87369 0.353975 0.0397452 0.512703
0 0.327766 0.665047 0.0595167 0.425516
0 0.765707 0.371269 0.0419427 0.542016
0 0.383353 0.257773 0.0469553 0.414063
0 0.99159 0.321289 0.0168194 0.553662
0 0.610042 0.396393 0.0434288 0.571814
0 0.955883 0.321439 0.0635516 0.559925
0 0.689268 0.385768 0.0424037 0.555841
0 0.377276 0.679246 0.0431886 0.361785
0 0.650877 0.393307 0.0425595 0.569966
0 0.377242 0.677367 0.0429656 0.377001
0 0.329614 0.669353 0.0559807 0.415572
0 0.651076 0.38937 0.0433899 0.562
0 0.837526 0.355538 0.0388213 0.514365
0 0.0520366 0.712595 0.0614994 0.509452
0 0.272051 0.675291 0.0561412 0.451695
0 0.220202 0.683661 0.0547738 0.468506
0 0.80233 0.361094 0.0376462 0.517389
0 0.908392 0.340617 0.034634 0.5228
0 0.727959 0.378279 0.0415999 0.547254
0 0.524601 0.394751 0.0525259 0.624485
0 0.167292 0.717985 0.0514531 0.431354
0 0.0124429 0.714502 0.0246041 0.508037
0 0.56998 0.396836 0.0462616 0.591183
0 0.112076 0.729872 0.061052 0.451686
0 0.87369 0.353975 0.0397452 0.512703
0 0.327766 0.665047 0.0595167 0.425516
0 0.765707 0.371269 0.0419427 0.542016
0 0.383353 0.257773 0.0469553 0.414063
0 0.99159 0.321289 0.0168194 0.553662
0 0.610042 0.396393 0.0434288 0.571814
0 0.955883 0.321439 0.0635516 0.559925
0 0.689268 0.385768 0.0424037 0.555841
0 0.377276 0.679246 0.0431886 0.361785
0 0.650877 0.393307 0.0425595 0.569966
0 0.377242 0.677367 0.0429656 0.377001
0 0.329614 0.669353 0.0559807 0.415572
0 0.651076 0.38937 0.0433899 0.562
0 0.837526 0.355538 0.0388213 0.514365
0 0.0520366 0.712595 0.0614994 0.509452
0 0.272051 0.675291 0.0561412 0.451695
0 0.220202 0.683661 0.0547738 0.468506
0 0.80233 0.361094 0.0376462 0.517389
0 0.908392 0.340617 0.034634 0.5228
0 0.727959 0.378279 0.0415999 0.547254
0 0.524601 0.394751 0.0525259 0.624485
0 0.167292 0.717985 0.0514531 0.431354
0 0.0124429 0.714502 0.0246041 0.508037
0 0.56998 0.396836 0.0462616 0.591183
0 0.112076 0.729872 0.061052 0.451686
0 0.87369 0.353975 0.0397452 0.512703
0 0.327766 0.665047 0.0595167 0.425516
0 0.765707 0.371269 0.0419427 0.542016
0 0.383353 0.257773 0.0469553 0.414063
0 0.99159 0.321289 0.0168194 0.553662
0 0.610042 0.396393 0.0434288 0.571814
0 0.955883 0.321439 0.0635516 0.559925
0 0.689268 0.385768 0.0424037 0.555841
0 0.377276 0.679246 0.0431886 0.361785
0 0.650877 0.393307 0.0425595 0.569966
0 0.377242 0.677367 0.0429656 0.377001
0 0.329614 0.669353 0.0559807 0.415572
0 0.651076 0.38937 0.0433899 0.562
0 0.650818 0.39689 0.0458807 0.555672
0 0.727827 0.388287 0.04406 0.528456
0 0.766091 0.380749 0.0447327 0.522898
0 0.610151 0.401906 0.048069 0.563949
0 0.837801 0.370905 0.0413647 0.50545
0 0.95457 0.322947 0.062409 0.557327
0 0.802188 0.377734 0.0416058 0.511341
0 0.689938 0.393242 0.0451699 0.541904
0 0.523495 0.394664 0.0568332 0.610997
0 0.0512825 0.72059 0.064938 0.511062
0 0.219507 0.693916 0.0576428 0.452995
0 0.111698 0.743713 0.0621925 0.42002
0 0.272212 0.673893 0.0561181 0.446127
0 0.874445 0.362464 0.0429537 0.507435
0 0.908181 0.353527 0.0406698 0.512775
0 0.164724 0.730298 0.0532848 0.415513
0 0.0128187 0.728011 0.0255647 0.499353
0 0.330466 0.244177 0.0661386 0.467278
0 0.328037 0.674773 0.0601275 0.430735
0 0.991706 0.32692 0.0165877 0.541968
0 0.377676 0.675005 0.0476822 0.388401
0 0.569657 0.399909 0.0477506 0.571863
0 0.569579 0.403632 0.04753 0.566009
0 0.143103 0.286425 0.118695 0.506951
0 0.382194 0.246008 0.0512235 0.452194
0 0.650818 0.39689 0.0458807 0.555672
0 0.727827 0.388287 0.04406 0.528456
0 0.766091 0.380749 0.0447327 0.522898
0 0.610151 0.401906 0.048069 0.563949
0 0.837801 0.370905 0.0413647 0.50545
0 0.95457 0.322947 0.062409 0.557327
0 0.802188 0.377734 0.0416058 0.511341
0 0.689938 0.393242 0.0451699 0.541904
0 0.523495 0.394664 0.0568332 0.610997
0 0.0512825 0.72059 0.064938 0.511062
0 0.219507 0.693916 0.0576428 0.452995
0 0.111698 0.743713 0.0621925 0.42002
0 0.272212 0.673893 0.0561181 0.446127
0 0.874445 0.362464 0.0429537 0.507435
0 0.908181 0.353527 0.0406698 0.512775
0 0.164724 0.730298 0.0532848 0.415513
0 0.0128187 0.728011 0.0255647 0.499353
0 0.330466 0.244177 0.0661386 0.467278
0 0.328037 0.674773 0.0601275 0.430735
0 0.991706 0.32692 0.0165877 0.541968
0 0.377676 0.675005 0.0476822 0.388401
0 0.569657 0.399909 0.0477506 0.571863
0 0.569579 0.403632 0.04753 0.566009
0 0.143103 0.286425 0.118695 0.506951
0 0.382194 0.246008 0.0512235 0.452194
0 0.762503 0.926732 0.118438 0.146535
0 0.873339 0.368225 0.0410903 0.498896
0 0.944982 0.955529 0.105884 0.0889424
0 0.86324 0.918985 0.103138 0.160459
0 0.763998 0.936145 0.11309 0.127709
0 0.143879 0.492101 0.135893 0.967875
