0 0.569047 0.534908 0.241678 0.833886
0 0.209744 0.350796 0.261798 0.550883
0 0.829377 0.555376 0.244462 0.866524
0 0.569047 0.534908 0.241678 0.833886
0 0.209744 0.350796 0.261798 0.550883
0 0.829377 0.555376 0.244462 0.866524
0 0.569047 0.534908 0.241678 0.833886
0 0.209744 0.350796 0.261798 0.550883
0 0.829377 0.555376 0.244462 0.866524
0 0.842648 0.554378 0.278233 0.877287
0 0.56941 0.527041 0.254212 0.830047
0 0.228743 0.479355 0.368546 0.844429
0 0.842648 0.554378 0.278233 0.877287
0 0.56941 0.527041 0.254212 0.830047
0 0.228743 0.479355 0.368546 0.844429
0 0.842648 0.554378 0.278233 0.877287
0 0.56941 0.527041 0.254212 0.830047
0 0.228743 0.479355 0.368546 0.844429
