0 0.636421 0.538533 0.230645 0.78867
0 0.379235 0.483853 0.235164 0.776699
0 0.176131 0.439533 0.221957 0.756197
0 0.833314 0.562931 0.229648 0.829481
0 0.636421 0.538533 0.230645 0.78867
0 0.379235 0.483853 0.235164 0.776699
0 0.176131 0.439533 0.221957 0.756197
0 0.833314 0.562931 0.229648 0.829481
0 0.636421 0.538533 0.230645 0.78867
0 0.379235 0.483853 0.235164 0.776699
0 0.176131 0.439533 0.221957 0.756197
0 0.833314 0.562931 0.229648 0.829481
0 0.646067 0.559204 0.202812 0.759909
0 0.375497 0.503725 0.214502 0.761059
0 0.181622 0.459536 0.201422 0.718445
0 0.830909 0.593157 0.212608 0.787607
0 0.646067 0.559204 0.202812 0.759909
0 0.375497 0.503725 0.214502 0.761059
0 0.181622 0.459536 0.201422 0.718445
0 0.830909 0.593157 0.212608 0.787607
0 0.646067 0.559204 0.202812 0.759909
0 0.375497 0.503725 0.214502 0.761059
0 0.181622 0.459536 0.201422 0.718445
0 0.830909 0.593157 0.212608 0.787607
0 0.646067 0.559204 0.202812 0.759909
0 0.375497 0.503725 0.214502 0.761059
0 0.181622 0.459536 0.201422 0.718445
0 0.830909 0.593157 0.212608 0.787607
