0 0.174783 0.511234 0.247272 0.687362
0 0.409233 0.546933 0.203839 0.61434
0 0.876436 0.664191 0.242568 0.624388
0 0.625712 0.573023 0.247743 0.633022
0 0.625192 0.573721 0.245479 0.631126
0 0.174783 0.511234 0.247272 0.687362
0 0.409233 0.546933 0.203839 0.61434
0 0.876436 0.664191 0.242568 0.624388
0 0.625712 0.573023 0.247743 0.633022
0 0.625192 0.573721 0.245479 0.631126
0 0.174783 0.511234 0.247272 0.687362
0 0.409233 0.546933 0.203839 0.61434
0 0.876436 0.664191 0.242568 0.624388
0 0.625712 0.573023 0.247743 0.633022
0 0.625192 0.573721 0.245479 0.631126
0 0.170282 0.509405 0.249124 0.679202
0 0.622376 0.573389 0.237593 0.641972
0 0.873346 0.661684 0.239641 0.655561
0 0.406613 0.542403 0.200998 0.603867
0 0.170282 0.509405 0.249124 0.679202
0 0.622376 0.573389 0.237593 0.641972
0 0.873346 0.661684 0.239641 0.655561
0 0.406613 0.542403 0.200998 0.603867
0 0.0126482 0.503348 0.0252964 0.525553
0 0.170282 0.509405 0.249124 0.679202
0 0.622376 0.573389 0.237593 0.641972
0 0.873346 0.661684 0.239641 0.655561
0 0.406613 0.542403 0.200998 0.603867
0 0.170282 0.509405 0.249124 0.679202
0 0.622376 0.573389 0.237593 0.641972
0 0.873346 0.661684 0.239641 0.655561
0 0.406613 0.542403 0.200998 0.603867
