0 0.367138 0.527244 0.22294 0.837743
0 0.59308 0.589668 0.233445 0.694095
0 0.147493 0.533958 0.227441 0.844727
0 0.834621 0.507288 0.253865 0.902204
0 0.82669 0.584802 0.23542 0.69669
0 0.367138 0.527244 0.22294 0.837743
0 0.59308 0.589668 0.233445 0.694095
0 0.147493 0.533958 0.227441 0.844727
0 0.834621 0.507288 0.253865 0.902204
0 0.82669 0.584802 0.23542 0.69669
0 0.367138 0.527244 0.22294 0.837743
0 0.59308 0.589668 0.233445 0.694095
0 0.147493 0.533958 0.227441 0.844727
0 0.834621 0.507288 0.253865 0.902204
0 0.82669 0.584802 0.23542 0.69669
0 0.36593 0.549539 0.207845 0.808538
0 0.147676 0.552102 0.219456 0.827729
0 0.595476 0.580591 0.220501 0.722585
0 0.835101 0.495732 0.241435 0.923185
0 0.596691 0.506749 0.230577 0.910331
0 0.36593 0.549539 0.207845 0.808538
0 0.147676 0.552102 0.219456 0.827729
0 0.595476 0.580591 0.220501 0.722585
0 0.835101 0.495732 0.241435 0.923185
0 0.596691 0.506749 0.230577 0.910331
0 0.827769 0.52777 0.223179 0.819278
0 0.830472 0.501643 0.230646 0.884644
0 0.36593 0.549539 0.207845 0.808538
0 0.147676 0.552102 0.219456 0.827729
0 0.595476 0.580591 0.220501 0.722585
0 0.835101 0.495732 0.241435 0.923185
0 0.596691 0.506749 0.230577 0.910331
0 0.36593 0.549539 0.207845 0.808538
0 0.147676 0.552102 0.219456 0.827729
0 0.595476 0.580591 0.220501 0.722585
0 0.835101 0.495732 0.241435 0.923185
0 0.596691 0.506749 0.230577 0.910331
