0 0.862831 0.553439 0.226656 0.830537
0 0.61975 0.536598 0.225886 0.869291
0 0.366406 0.49341 0.223662 0.974172
0 0.154135 0.532336 0.221849 0.925196
0 0.862831 0.553439 0.226656 0.830537
0 0.61975 0.536598 0.225886 0.869291
0 0.366406 0.49341 0.223662 0.974172
0 0.154135 0.532336 0.221849 0.925196
0 0.862831 0.553439 0.226656 0.830537
0 0.61975 0.536598 0.225886 0.869291
0 0.366406 0.49341 0.223662 0.974172
0 0.154135 0.532336 0.221849 0.925196
0 0.622591 0.535796 0.215527 0.892957
0 0.368177 0.509089 0.219958 0.954787
0 0.153267 0.616018 0.214178 0.765483
0 0.622591 0.535796 0.215527 0.892957
0 0.368177 0.509089 0.219958 0.954787
0 0.153267 0.616018 0.214178 0.765483
0 0.622591 0.535796 0.215527 0.892957
0 0.368177 0.509089 0.219958 0.954787
0 0.153267 0.616018 0.214178 0.765483
