0 0.623028 0.680746 0.264611 0.515692
0 0.41604 0.704077 0.0747107 0.387318
0 0.929904 0.693831 0.0792338 0.384123
0 0.82725 0.687438 0.142704 0.373113
0 0.33762 0.695626 0.0999834 0.386006
0 0.980375 0.746743 0.0392504 0.484955
0 0.823956 0.683129 0.142056 0.382808
0 0.143705 0.262375 0.0617703 0.295244
0 0.141712 0.618757 0.0632408 0.277723
0 0.336301 0.697874 0.0989938 0.382517
0 0.0622759 0.570675 0.10528 0.356621
0 0.860649 0.32697 0.274415 0.378686
0 0.623028 0.680746 0.264611 0.515692
0 0.41604 0.704077 0.0747107 0.387318
0 0.929904 0.693831 0.0792338 0.384123
0 0.82725 0.687438 0.142704 0.373113
0 0.33762 0.695626 0.0999834 0.386006
0 0.980375 0.746743 0.0392504 0.484955
0 0.823956 0.683129 0.142056 0.382808
0 0.143705 0.262375 0.0617703 0.295244
0 0.141712 0.618757 0.0632408 0.277723
0 0.336301 0.697874 0.0989938 0.382517
0 0.0622759 0.570675 0.10528 0.356621
0 0.860649 0.32697 0.274415 0.378686
0 0.623028 0.680746 0.264611 0.515692
0 0.41604 0.704077 0.0747107 0.387318
0 0.929904 0.693831 0.0792338 0.384123
0 0.82725 0.687438 0.142704 0.373113
0 0.33762 0.695626 0.0999834 0.386006
0 0.980375 0.746743 0.0392504 0.484955
0 0.823956 0.683129 0.142056 0.382808
0 0.143705 0.262375 0.0617703 0.295244
0 0.141712 0.618757 0.0632408 0.277723
0 0.336301 0.697874 0.0989938 0.382517
0 0.0622759 0.570675 0.10528 0.356621
0 0.860649 0.32697 0.274415 0.378686
0 0.62211 0.674891 0.272254 0.54014
0 0.432729 0.708677 0.108612 0.395431
0 0.334791 0.694464 0.103862 0.383479
0 0.92757 0.693174 0.0781714 0.380367
0 0.161105 0.609337 0.105186 0.304366
0 0.112776 0.578094 0.205928 0.36934
0 0.0651852 0.627873 0.103105 0.240894
0 0.980748 0.711643 0.0385045 0.421408
0 0.824965 0.683976 0.149496 0.385604
0 0.62211 0.674891 0.272254 0.54014
0 0.432729 0.708677 0.108612 0.395431
0 0.334791 0.694464 0.103862 0.383479
0 0.92757 0.693174 0.0781714 0.380367
0 0.161105 0.609337 0.105186 0.304366
0 0.112776 0.578094 0.205928 0.36934
0 0.0651852 0.627873 0.103105 0.240894
0 0.980748 0.711643 0.0385045 0.421408
0 0.824965 0.683976 0.149496 0.385604
0 0.0596847 0.201718 0.111382 0.403436
0 0.142341 0.265156 0.0646103 0.284858
0 0.149775 0.261137 0.0804604 0.296848
0 0.62211 0.674891 0.272254 0.54014
0 0.432729 0.708677 0.108612 0.395431
0 0.334791 0.694464 0.103862 0.383479
0 0.92757 0.693174 0.0781714 0.380367
0 0.161105 0.609337 0.105186 0.304366
0 0.112776 0.578094 0.205928 0.36934
0 0.0651852 0.627873 0.103105 0.240894
0 0.980748 0.711643 0.0385045 0.421408
0 0.824965 0.683976 0.149496 0.385604
0 0.62211 0.674891 0.272254 0.54014
0 0.432729 0.708677 0.108612 0.395431
0 0.334791 0.694464 0.103862 0.383479
0 0.92757 0.693174 0.0781714 0.380367
0 0.161105 0.609337 0.105186 0.304366
0 0.112776 0.578094 0.205928 0.36934
0 0.0651852 0.627873 0.103105 0.240894
0 0.980748 0.711643 0.0385045 0.421408
0 0.824965 0.683976 0.149496 0.385604
