0 0.532273 0.581859 0.205004 0.575456
0 0.706478 0.511546 0.173758 0.585964
0 0.870789 0.459389 0.201943 0.579266
0 0.228815 0.554098 0.45763 0.83298
0 0.532273 0.581859 0.205004 0.575456
0 0.706478 0.511546 0.173758 0.585964
0 0.870789 0.459389 0.201943 0.579266
0 0.228815 0.554098 0.45763 0.83298
0 0.532273 0.581859 0.205004 0.575456
0 0.706478 0.511546 0.173758 0.585964
0 0.870789 0.459389 0.201943 0.579266
0 0.228815 0.554098 0.45763 0.83298
0 0.345806 0.618632 0.192347 0.570602
0 0.532093 0.58834 0.195141 0.554736
0 0.872917 0.460935 0.187234 0.553947
0 0.700634 0.520983 0.187063 0.559256
0 0.155651 0.673135 0.204609 0.578549
0 0.345806 0.618632 0.192347 0.570602
0 0.532093 0.58834 0.195141 0.554736
0 0.872917 0.460935 0.187234 0.553947
0 0.700634 0.520983 0.187063 0.559256
0 0.155651 0.673135 0.204609 0.578549
0 0.345806 0.618632 0.192347 0.570602
0 0.532093 0.58834 0.195141 0.554736
0 0.872917 0.460935 0.187234 0.553947
0 0.700634 0.520983 0.187063 0.559256
0 0.155651 0.673135 0.204609 0.578549
0 0.345806 0.618632 0.192347 0.570602
0 0.532093 0.58834 0.195141 0.554736
0 0.872917 0.460935 0.187234 0.553947
0 0.700634 0.520983 0.187063 0.559256
0 0.155651 0.673135 0.204609 0.578549
