0 0.777715 0.596752 0.0972641 0.658648
0 0.867396 0.598646 0.0969231 0.655891
0 0.363446 0.655908 0.0858642 0.597083
0 0.525477 0.628765 0.0823424 0.630298
0 0.952886 0.588918 0.0906665 0.664854
0 0.442787 0.641626 0.0862304 0.61981
0 0.283073 0.583678 0.0825027 0.744205
0 0.205715 0.571154 0.0760442 0.763338
0 0.609155 0.620951 0.0896632 0.646704
0 0.0602671 0.57724 0.0787278 0.766195
0 0.133017 0.571723 0.0801782 0.765608
0 0.283068 0.656311 0.0819113 0.594972
0 0.0134024 0.713697 0.0264649 0.523549
0 0.777715 0.596752 0.0972641 0.658648
0 0.867396 0.598646 0.0969231 0.655891
0 0.363446 0.655908 0.0858642 0.597083
0 0.525477 0.628765 0.0823424 0.630298
0 0.952886 0.588918 0.0906665 0.664854
0 0.442787 0.641626 0.0862304 0.61981
0 0.283073 0.583678 0.0825027 0.744205
0 0.205715 0.571154 0.0760442 0.763338
0 0.609155 0.620951 0.0896632 0.646704
0 0.0602671 0.57724 0.0787278 0.766195
0 0.133017 0.571723 0.0801782 0.765608
0 0.283068 0.656311 0.0819113 0.594972
0 0.0134024 0.713697 0.0264649 0.523549
0 0.777715 0.596752 0.0972641 0.658648
0 0.867396 0.598646 0.0969231 0.655891
0 0.363446 0.655908 0.0858642 0.597083
0 0.525477 0.628765 0.0823424 0.630298
0 0.952886 0.588918 0.0906665 0.664854
0 0.442787 0.641626 0.0862304 0.61981
0 0.283073 0.583678 0.0825027 0.744205
0 0.205715 0.571154 0.0760442 0.763338
0 0.609155 0.620951 0.0896632 0.646704
0 0.0602671 0.57724 0.0787278 0.766195
0 0.133017 0.571723 0.0801782 0.765608
0 0.283068 0.656311 0.0819113 0.594972
0 0.0134024 0.713697 0.0264649 0.523549
0 0.52612 0.633148 0.0840267 0.630801
0 0.954121 0.587368 0.0917589 0.656778
0 0.443057 0.641545 0.0868057 0.611688
0 0.362445 0.656094 0.0855951 0.593719
0 0.775153 0.597262 0.10109 0.657516
0 0.866657 0.597828 0.0956119 0.649523
0 0.611572 0.621436 0.0862535 0.64246
0 0.133243 0.562962 0.0845741 0.786917
0 0.208313 0.564401 0.0803826 0.795358
0 0.0610665 0.567986 0.0787231 0.802492
0 0.017096 0.531412 0.0338092 0.89572
0 0.678073 0.566392 0.0567515 0.723051
0 0.282942 0.574091 0.0805253 0.776791
0 0.282669 0.615065 0.0805647 0.685769
0 0.52612 0.633148 0.0840267 0.630801
0 0.954121 0.587368 0.0917589 0.656778
0 0.443057 0.641545 0.0868057 0.611688
0 0.362445 0.656094 0.0855951 0.593719
0 0.775153 0.597262 0.10109 0.657516
0 0.866657 0.597828 0.0956119 0.649523
0 0.611572 0.621436 0.0862535 0.64246
0 0.133243 0.562962 0.0845741 0.786917
0 0.208313 0.564401 0.0803826 0.795358
0 0.0610665 0.567986 0.0787231 0.802492
0 0.017096 0.531412 0.0338092 0.89572
0 0.678073 0.566392 0.0567515 0.723051
0 0.282942 0.574091 0.0805253 0.776791
0 0.282669 0.615065 0.0805647 0.685769
0 0.0150153 0.781364 0.0300305 0.364199
0 0.0141018 0.574926 0.0282036 0.794269
0 0.0622192 0.734058 0.0752898 0.449985
0 0.67753 0.559571 0.0546189 0.709073
0 0.52612 0.633148 0.0840267 0.630801
0 0.954121 0.587368 0.0917589 0.656778
0 0.443057 0.641545 0.0868057 0.611688
0 0.362445 0.656094 0.0855951 0.593719
0 0.775153 0.597262 0.10109 0.657516
0 0.866657 0.597828 0.0956119 0.649523
0 0.611572 0.621436 0.0862535 0.64246
0 0.133243 0.562962 0.0845741 0.786917
0 0.208313 0.564401 0.0803826 0.795358
0 0.0610665 0.567986 0.0787231 0.802492
0 0.017096 0.531412 0.0338092 0.89572
0 0.678073 0.566392 0.0567515 0.723051
0 0.282942 0.574091 0.0805253 0.776791
0 0.282669 0.615065 0.0805647 0.685769
0 0.52612 0.633148 0.0840267 0.630801
0 0.954121 0.587368 0.0917589 0.656778
0 0.443057 0.641545 0.0868057 0.611688
0 0.362445 0.656094 0.0855951 0.593719
0 0.775153 0.597262 0.10109 0.657516
0 0.866657 0.597828 0.0956119 0.649523
0 0.611572 0.621436 0.0862535 0.64246
0 0.133243 0.562962 0.0845741 0.786917
0 0.208313 0.564401 0.0803826 0.795358
0 0.0610665 0.567986 0.0787231 0.802492
0 0.017096 0.531412 0.0338092 0.89572
0 0.678073 0.566392 0.0567515 0.723051
0 0.282942 0.574091 0.0805253 0.776791
0 0.282669 0.615065 0.0805647 0.685769
