0 0.358922 0.492566 0.115691 0.707502
0 0.760668 0.599112 0.127764 0.714927
0 0.653961 0.571641 0.115993 0.713869
0 0.906455 0.584231 0.182645 0.816587
0 0.26422 0.405246 0.0981362 0.576805
0 0.559672 0.544261 0.113832 0.729461
0 0.265156 0.425799 0.103022 0.610332
0 0.171971 0.385994 0.0975317 0.565597
0 0.172464 0.382544 0.0984353 0.556751
0 0.191829 0.842936 0.179963 0.314127
0 0.461277 0.517775 0.113013 0.724263
0 0.358922 0.492566 0.115691 0.707502
0 0.760668 0.599112 0.127764 0.714927
0 0.653961 0.571641 0.115993 0.713869
0 0.906455 0.584231 0.182645 0.816587
0 0.26422 0.405246 0.0981362 0.576805
0 0.559672 0.544261 0.113832 0.729461
0 0.265156 0.425799 0.103022 0.610332
0 0.171971 0.385994 0.0975317 0.565597
0 0.172464 0.382544 0.0984353 0.556751
0 0.191829 0.842936 0.179963 0.314127
0 0.461277 0.517775 0.113013 0.724263
0 0.358922 0.492566 0.115691 0.707502
0 0.760668 0.599112 0.127764 0.714927
0 0.653961 0.571641 0.115993 0.713869
0 0.906455 0.584231 0.182645 0.816587
0 0.26422 0.405246 0.0981362 0.576805
0 0.559672 0.544261 0.113832 0.729461
0 0.265156 0.425799 0.103022 0.610332
0 0.171971 0.385994 0.0975317 0.565597
0 0.172464 0.382544 0.0984353 0.556751
0 0.191829 0.842936 0.179963 0.314127
0 0.461277 0.517775 0.113013 0.724263
0 0.761309 0.609389 0.123339 0.688688
0 0.0781269 0.345893 0.0996473 0.527687
0 0.654354 0.576888 0.109901 0.690897
0 0.26327 0.415602 0.096335 0.573559
0 0.91463 0.587609 0.168134 0.794145
0 0.357939 0.493504 0.112963 0.66523
0 0.171157 0.396271 0.0935087 0.552989
0 0.459102 0.515377 0.110919 0.696724
0 0.55633 0.544281 0.107279 0.701789
0 0.761309 0.609389 0.123339 0.688688
0 0.0781269 0.345893 0.0996473 0.527687
0 0.654354 0.576888 0.109901 0.690897
0 0.26327 0.415602 0.096335 0.573559
0 0.91463 0.587609 0.168134 0.794145
0 0.357939 0.493504 0.112963 0.66523
0 0.171157 0.396271 0.0935087 0.552989
0 0.459102 0.515377 0.110919 0.696724
0 0.55633 0.544281 0.107279 0.701789
0 0.016935 0.356567 0.0336426 0.667264
0 0.171598 0.393512 0.0937747 0.56001
0 0.761309 0.609389 0.123339 0.688688
0 0.0781269 0.345893 0.0996473 0.527687
0 0.654354 0.576888 0.109901 0.690897
0 0.26327 0.415602 0.096335 0.573559
0 0.91463 0.587609 0.168134 0.794145
0 0.357939 0.493504 0.112963 0.66523
0 0.171157 0.396271 0.0935087 0.552989
0 0.459102 0.515377 0.110919 0.696724
0 0.55633 0.544281 0.107279 0.701789
