0 0.257047 0.485898 0.111122 0.668779
0 0.456686 0.568005 0.110887 0.699195
0 0.666894 0.562793 0.116952 0.768112
0 0.82847 0.562512 0.204966 0.587439
0 0.559912 0.569584 0.112081 0.709105
0 0.559713 0.554697 0.116586 0.759101
0 0.356031 0.545175 0.103798 0.745784
0 0.257047 0.485898 0.111122 0.668779
0 0.456686 0.568005 0.110887 0.699195
0 0.666894 0.562793 0.116952 0.768112
0 0.82847 0.562512 0.204966 0.587439
0 0.559912 0.569584 0.112081 0.709105
0 0.559713 0.554697 0.116586 0.759101
0 0.356031 0.545175 0.103798 0.745784
0 0.257047 0.485898 0.111122 0.668779
0 0.456686 0.568005 0.110887 0.699195
0 0.666894 0.562793 0.116952 0.768112
0 0.82847 0.562512 0.204966 0.587439
0 0.559912 0.569584 0.112081 0.709105
0 0.559713 0.554697 0.116586 0.759101
0 0.356031 0.545175 0.103798 0.745784
0 0.454498 0.561497 0.110374 0.694277
0 0.256201 0.483206 0.108331 0.598898
0 0.558376 0.564015 0.109672 0.709001
0 0.35558 0.531451 0.0994532 0.655585
0 0.833473 0.474613 0.213412 0.788785
0 0.665923 0.57133 0.114326 0.73127
0 0.454498 0.561497 0.110374 0.694277
0 0.256201 0.483206 0.108331 0.598898
0 0.558376 0.564015 0.109672 0.709001
0 0.35558 0.531451 0.0994532 0.655585
0 0.833473 0.474613 0.213412 0.788785
0 0.665923 0.57133 0.114326 0.73127
0 0.454498 0.561497 0.110374 0.694277
0 0.256201 0.483206 0.108331 0.598898
0 0.558376 0.564015 0.109672 0.709001
0 0.35558 0.531451 0.0994532 0.655585
0 0.833473 0.474613 0.213412 0.788785
0 0.665923 0.57133 0.114326 0.73127
0 0.454498 0.561497 0.110374 0.694277
0 0.256201 0.483206 0.108331 0.598898
0 0.558376 0.564015 0.109672 0.709001
0 0.35558 0.531451 0.0994532 0.655585
0 0.833473 0.474613 0.213412 0.788785
0 0.665923 0.57133 0.114326 0.73127
