0 0.391321 0.683384 0.0607891 0.491348
0 0.0465125 0.60046 0.0667513 0.515923
0 0.500172 0.705835 0.0547146 0.487328
0 0.447061 0.698525 0.0566482 0.484542
0 0.552224 0.71906 0.0532193 0.469685
0 0.600175 0.720872 0.0476955 0.446451
0 0.868116 0.77155 0.0566418 0.456899
0 0.92069 0.778398 0.0558771 0.443204
0 0.649445 0.724198 0.0526815 0.434235
0 0.550893 0.290409 0.0545278 0.386093
0 0.108082 0.613516 0.0626046 0.519034
0 0.603554 0.300587 0.0532523 0.38564
0 0.971333 0.785525 0.0514704 0.428949
0 0.336047 0.649024 0.0464013 0.490006
0 0.807246 0.738792 0.0718201 0.491747
0 0.287221 0.647698 0.0611013 0.496367
0 0.891507 0.347573 0.0721726 0.35885
0 0.49641 0.273037 0.0554645 0.358472
0 0.808588 0.744476 0.0699451 0.486906
0 0.00920578 0.615955 0.0179077 0.512522
0 0.653343 0.305783 0.0498744 0.381918
0 0.950427 0.360122 0.0500076 0.362433
0 0.391321 0.683384 0.0607891 0.491348
0 0.0465125 0.60046 0.0667513 0.515923
0 0.500172 0.705835 0.0547146 0.487328
0 0.447061 0.698525 0.0566482 0.484542
0 0.552224 0.71906 0.0532193 0.469685
0 0.600175 0.720872 0.0476955 0.446451
0 0.868116 0.77155 0.0566418 0.456899
0 0.92069 0.778398 0.0558771 0.443204
0 0.649445 0.724198 0.0526815 0.434235
0 0.550893 0.290409 0.0545278 0.386093
0 0.108082 0.613516 0.0626046 0.519034
0 0.603554 0.300587 0.0532523 0.38564
0 0.971333 0.785525 0.0514704 0.428949
0 0.336047 0.649024 0.0464013 0.490006
0 0.807246 0.738792 0.0718201 0.491747
0 0.287221 0.647698 0.0611013 0.496367
0 0.891507 0.347573 0.0721726 0.35885
0 0.49641 0.273037 0.0554645 0.358472
0 0.808588 0.744476 0.0699451 0.486906
0 0.00920578 0.615955 0.0179077 0.512522
0 0.653343 0.305783 0.0498744 0.381918
0 0.950427 0.360122 0.0500076 0.362433
0 0.391321 0.683384 0.0607891 0.491348
0 0.0465125 0.60046 0.0667513 0.515923
0 0.500172 0.705835 0.0547146 0.487328
0 0.447061 0.698525 0.0566482 0.484542
0 0.552224 0.71906 0.0532193 0.469685
0 0.600175 0.720872 0.0476955 0.446451
0 0.868116 0.77155 0.0566418 0.456899
0 0.92069 0.778398 0.0558771 0.443204
0 0.649445 0.724198 0.0526815 0.434235
0 0.550893 0.290409 0.0545278 0.386093
0 0.108082 0.613516 0.0626046 0.519034
0 0.603554 0.300587 0.0532523 0.38564
0 0.971333 0.785525 0.0514704 0.428949
0 0.336047 0.649024 0.0464013 0.490006
0 0.807246 0.738792 0.0718201 0.491747
0 0.287221 0.647698 0.0611013 0.496367
0 0.891507 0.347573 0.0721726 0.35885
0 0.49641 0.273037 0.0554645 0.358472
0 0.808588 0.744476 0.0699451 0.486906
0 0.00920578 0.615955 0.0179077 0.512522
0 0.653343 0.305783 0.0498744 0.381918
0 0.950427 0.360122 0.0500076 0.362433
0 0.108091 0.621774 0.0633568 0.500869
0 0.602539 0.297375 0.0524774 0.367722
0 0.499977 0.711494 0.0539146 0.470407
0 0.549987 0.289191 0.0530904 0.36989
0 0.0473353 0.608949 0.0622238 0.490219
0 0.447208 0.705713 0.0533701 0.469612
0 0.552498 0.722883 0.0532268 0.460334
0 0.808466 0.753557 0.0710429 0.482464
0 0.60008 0.724858 0.0469405 0.440059
0 0.914935 0.349344 0.116482 0.348259
0 0.49584 0.281754 0.0526642 0.349419
0 0.648999 0.732249 0.0527032 0.429203
0 0.335698 0.64496 0.046055 0.50339
0 0.866655 0.777808 0.0542729 0.444385
0 0.285679 0.651233 0.0585896 0.504308
0 0.653609 0.304662 0.0506316 0.37257
0 0.920233 0.784212 0.0562453 0.431575
0 0.00916053 0.626706 0.0183211 0.478098
0 0.391528 0.691142 0.0596967 0.480449
0 0.971126 0.787529 0.0510965 0.424941
0 0.199073 0.750327 0.112096 0.312553
0 0.303492 0.654769 0.0941561 0.511962
0 0.108091 0.621774 0.0633568 0.500869
0 0.602539 0.297375 0.0524774 0.367722
0 0.499977 0.711494 0.0539146 0.470407
0 0.549987 0.289191 0.0530904 0.36989
0 0.0473353 0.608949 0.0622238 0.490219
0 0.447208 0.705713 0.0533701 0.469612
0 0.552498 0.722883 0.0532268 0.460334
0 0.808466 0.753557 0.0710429 0.482464
0 0.60008 0.724858 0.0469405 0.440059
0 0.914935 0.349344 0.116482 0.348259
0 0.49584 0.281754 0.0526642 0.349419
0 0.648999 0.732249 0.0527032 0.429203
0 0.335698 0.64496 0.046055 0.50339
0 0.866655 0.777808 0.0542729 0.444385
0 0.285679 0.651233 0.0585896 0.504308
0 0.653609 0.304662 0.0506316 0.37257
0 0.920233 0.784212 0.0562453 0.431575
0 0.00916053 0.626706 0.0183211 0.478098
0 0.391528 0.691142 0.0596967 0.480449
0 0.971126 0.787529 0.0510965 0.424941
0 0.199073 0.750327 0.112096 0.312553
0 0.303492 0.654769 0.0941561 0.511962
0 0.920005 0.782123 0.0550074 0.435753
0 0.97308 0.788056 0.05384 0.423889
0 0.765206 0.0835141 0.0746998 0.167028
0 0.108091 0.621774 0.0633568 0.500869
0 0.602539 0.297375 0.0524774 0.367722
0 0.499977 0.711494 0.0539146 0.470407
0 0.549987 0.289191 0.0530904 0.36989
0 0.0473353 0.608949 0.0622238 0.490219
0 0.447208 0.705713 0.0533701 0.469612
0 0.552498 0.722883 0.0532268 0.460334
0 0.808466 0.753557 0.0710429 0.482464
0 0.60008 0.724858 0.0469405 0.440059
0 0.914935 0.349344 0.116482 0.348259
0 0.49584 0.281754 0.0526642 0.349419
0 0.648999 0.732249 0.0527032 0.429203
0 0.335698 0.64496 0.046055 0.50339
0 0.866655 0.777808 0.0542729 0.444385
0 0.285679 0.651233 0.0585896 0.504308
0 0.653609 0.304662 0.0506316 0.37257
0 0.920233 0.784212 0.0562453 0.431575
0 0.00916053 0.626706 0.0183211 0.478098
0 0.391528 0.691142 0.0596967 0.480449
0 0.971126 0.787529 0.0510965 0.424941
0 0.199073 0.750327 0.112096 0.312553
0 0.303492 0.654769 0.0941561 0.511962
0 0.108091 0.621774 0.0633568 0.500869
0 0.602539 0.297375 0.0524774 0.367722
0 0.499977 0.711494 0.0539146 0.470407
0 0.549987 0.289191 0.0530904 0.36989
0 0.0473353 0.608949 0.0622238 0.490219
0 0.447208 0.705713 0.0533701 0.469612
0 0.552498 0.722883 0.0532268 0.460334
0 0.808466 0.753557 0.0710429 0.482464
0 0.60008 0.724858 0.0469405 0.440059
0 0.914935 0.349344 0.116482 0.348259
0 0.49584 0.281754 0.0526642 0.349419
0 0.648999 0.732249 0.0527032 0.429203
0 0.335698 0.64496 0.046055 0.50339
0 0.866655 0.777808 0.0542729 0.444385
0 0.285679 0.651233 0.0585896 0.504308
0 0.653609 0.304662 0.0506316 0.37257
0 0.920233 0.784212 0.0562453 0.431575
0 0.00916053 0.626706 0.0183211 0.478098
0 0.391528 0.691142 0.0596967 0.480449
0 0.971126 0.787529 0.0510965 0.424941
0 0.199073 0.750327 0.112096 0.312553
0 0.303492 0.654769 0.0941561 0.511962
