0 0.597306 0.540601 0.205376 0.918797
0 0.419625 0.541406 0.214753 0.903947
0 0.770933 0.572061 0.202219 0.842195
0 0.221266 0.521608 0.247428 0.942248
0 0.221722 0.522949 0.246773 0.943965
0 0.597306 0.540601 0.205376 0.918797
0 0.419625 0.541406 0.214753 0.903947
0 0.770933 0.572061 0.202219 0.842195
0 0.221266 0.521608 0.247428 0.942248
0 0.221722 0.522949 0.246773 0.943965
0 0.597306 0.540601 0.205376 0.918797
0 0.419625 0.541406 0.214753 0.903947
0 0.770933 0.572061 0.202219 0.842195
0 0.221266 0.521608 0.247428 0.942248
0 0.221722 0.522949 0.246773 0.943965
0 0.779076 0.5862 0.178423 0.827599
0 0.225476 0.526091 0.235423 0.935135
0 0.601591 0.552502 0.187711 0.887282
0 0.421182 0.547196 0.19711 0.888437
0 0.963933 0.510571 0.0721343 0.978859
0 0.779076 0.5862 0.178423 0.827599
0 0.225476 0.526091 0.235423 0.935135
0 0.601591 0.552502 0.187711 0.887282
0 0.421182 0.547196 0.19711 0.888437
0 0.963933 0.510571 0.0721343 0.978859
0 0.965022 0.573008 0.0699561 0.853985
0 0.0438185 0.143219 0.087637 0.286438
0 0.963054 0.5 0.0738912 1
0 0.779076 0.5862 0.178423 0.827599
0 0.225476 0.526091 0.235423 0.935135
0 0.601591 0.552502 0.187711 0.887282
0 0.421182 0.547196 0.19711 0.888437
0 0.963933 0.510571 0.0721343 0.978859
0 0.779076 0.5862 0.178423 0.827599
0 0.225476 0.526091 0.235423 0.935135
0 0.601591 0.552502 0.187711 0.887282
0 0.421182 0.547196 0.19711 0.888437
0 0.963933 0.510571 0.0721343 0.978859
