0 0.856992 0.61765 0.244069 0.713799
0 0.635513 0.590247 0.2318 0.717089
0 0.117049 0.597177 0.159336 0.614066
0 0.279265 0.611738 0.150821 0.610461
0 0.438415 0.6153 0.175064 0.631983
0 0.0225829 0.62027 0.0451659 0.542471
0 0.856992 0.61765 0.244069 0.713799
0 0.635513 0.590247 0.2318 0.717089
0 0.117049 0.597177 0.159336 0.614066
0 0.279265 0.611738 0.150821 0.610461
0 0.438415 0.6153 0.175064 0.631983
0 0.0225829 0.62027 0.0451659 0.542471
0 0.856992 0.61765 0.244069 0.713799
0 0.635513 0.590247 0.2318 0.717089
0 0.117049 0.597177 0.159336 0.614066
0 0.279265 0.611738 0.150821 0.610461
0 0.438415 0.6153 0.175064 0.631983
0 0.0225829 0.62027 0.0451659 0.542471
0 0.638632 0.596229 0.223121 0.70623
0 0.282193 0.61761 0.144936 0.59218
0 0.856988 0.619066 0.229692 0.725565
0 0.440949 0.625543 0.160148 0.610631
0 0.120254 0.59951 0.159264 0.605881
0 0.119841 0.60352 0.160077 0.601326
0 0.638632 0.596229 0.223121 0.70623
0 0.282193 0.61761 0.144936 0.59218
0 0.856988 0.619066 0.229692 0.725565
0 0.440949 0.625543 0.160148 0.610631
0 0.120254 0.59951 0.159264 0.605881
0 0.119841 0.60352 0.160077 0.601326
0 0.0217399 0.634507 0.0433248 0.528325
0 0.0247784 0.626094 0.0463697 0.544098
0 0.380766 0.487721 0.0769741 0.405968
0 0.638632 0.596229 0.223121 0.70623
0 0.282193 0.61761 0.144936 0.59218
0 0.856988 0.619066 0.229692 0.725565
0 0.440949 0.625543 0.160148 0.610631
0 0.120254 0.59951 0.159264 0.605881
0 0.119841 0.60352 0.160077 0.601326
0 0.638632 0.596229 0.223121 0.70623
0 0.282193 0.61761 0.144936 0.59218
0 0.856988 0.619066 0.229692 0.725565
0 0.440949 0.625543 0.160148 0.610631
0 0.120254 0.59951 0.159264 0.605881
0 0.119841 0.60352 0.160077 0.601326
