0 0.61544 0.801875 0.0818556 0.361823
0 0.346816 0.800834 0.0850529 0.365284
0 0.260863 0.803919 0.0858277 0.364963
0 0.85416 0.811995 0.0806649 0.34579
0 0.532065 0.798389 0.0838673 0.356642
0 0.774724 0.816371 0.0765243 0.340614
0 0.695962 0.815463 0.0795887 0.345514
0 0.936335 0.80756 0.0820151 0.345202
0 0.442115 0.798974 0.0857599 0.350565
0 0.621733 0.235177 0.0544599 0.266664
0 0.349643 0.353402 0.0667256 0.531717
0 0.61544 0.801875 0.0818556 0.361823
0 0.346816 0.800834 0.0850529 0.365284
0 0.260863 0.803919 0.0858277 0.364963
0 0.85416 0.811995 0.0806649 0.34579
0 0.532065 0.798389 0.0838673 0.356642
0 0.774724 0.816371 0.0765243 0.340614
0 0.695962 0.815463 0.0795887 0.345514
0 0.936335 0.80756 0.0820151 0.345202
0 0.442115 0.798974 0.0857599 0.350565
0 0.621733 0.235177 0.0544599 0.266664
0 0.349643 0.353402 0.0667256 0.531717
0 0.61544 0.801875 0.0818556 0.361823
0 0.346816 0.800834 0.0850529 0.365284
0 0.260863 0.803919 0.0858277 0.364963
0 0.85416 0.811995 0.0806649 0.34579
0 0.532065 0.798389 0.0838673 0.356642
0 0.774724 0.816371 0.0765243 0.340614
0 0.695962 0.815463 0.0795887 0.345514
0 0.936335 0.80756 0.0820151 0.345202
0 0.442115 0.798974 0.0857599 0.350565
0 0.621733 0.235177 0.0544599 0.266664
0 0.349643 0.353402 0.0667256 0.531717
0 0.345944 0.805044 0.0853278 0.358784
0 0.853965 0.817449 0.0796855 0.342389
0 0.695472 0.817681 0.0802991 0.341966
0 0.614284 0.809989 0.0806094 0.34763
0 0.531235 0.803869 0.0834195 0.34748
0 0.77491 0.818139 0.0768973 0.339423
0 0.260633 0.806217 0.0832311 0.357448
0 0.441224 0.8032 0.0863456 0.347916
0 0.936527 0.812275 0.0847429 0.349461
0 0.699999 0.360553 0.0675316 0.562826
0 0.778117 0.356622 0.0711336 0.565979
0 0.860329 0.356144 0.076087 0.557967
0 0.0548911 0.795001 0.0824871 0.357643
0 0.614826 0.358051 0.0797891 0.522659
0 0.531818 0.353498 0.0735523 0.52679
0 0.350723 0.347664 0.0726131 0.517363
0 0.167494 0.802757 0.0780199 0.350441
0 0.943025 0.356831 0.0725522 0.550993
0 0.0493914 0.431473 0.0977723 0.767202
0 0.260411 0.348966 0.0769507 0.531452
0 0.345944 0.805044 0.0853278 0.358784
0 0.853965 0.817449 0.0796855 0.342389
0 0.695472 0.817681 0.0802991 0.341966
0 0.614284 0.809989 0.0806094 0.34763
0 0.531235 0.803869 0.0834195 0.34748
0 0.77491 0.818139 0.0768973 0.339423
0 0.260633 0.806217 0.0832311 0.357448
0 0.441224 0.8032 0.0863456 0.347916
0 0.936527 0.812275 0.0847429 0.349461
0 0.699999 0.360553 0.0675316 0.562826
0 0.778117 0.356622 0.0711336 0.565979
0 0.860329 0.356144 0.076087 0.557967
0 0.0548911 0.795001 0.0824871 0.357643
0 0.614826 0.358051 0.0797891 0.522659
0 0.531818 0.353498 0.0735523 0.52679
0 0.350723 0.347664 0.0726131 0.517363
0 0.167494 0.802757 0.0780199 0.350441
0 0.943025 0.356831 0.0725522 0.550993
0 0.0493914 0.431473 0.0977723 0.767202
0 0.260411 0.348966 0.0769507 0.531452
0 0.0485564 0.490444 0.0942904 0.90129
0 0.155318 0.35014 0.0833935 0.542363
0 0.443288 0.545442 0.0972609 0.909117
0 0.345944 0.805044 0.0853278 0.358784
0 0.853965 0.817449 0.0796855 0.342389
0 0.695472 0.817681 0.0802991 0.341966
0 0.614284 0.809989 0.0806094 0.34763
0 0.531235 0.803869 0.0834195 0.34748
0 0.77491 0.818139 0.0768973 0.339423
0 0.260633 0.806217 0.0832311 0.357448
0 0.441224 0.8032 0.0863456 0.347916
0 0.936527 0.812275 0.0847429 0.349461
0 0.699999 0.360553 0.0675316 0.562826
0 0.778117 0.356622 0.0711336 0.565979
0 0.860329 0.356144 0.076087 0.557967
0 0.0548911 0.795001 0.0824871 0.357643
0 0.614826 0.358051 0.0797891 0.522659
0 0.531818 0.353498 0.0735523 0.52679
0 0.350723 0.347664 0.0726131 0.517363
0 0.167494 0.802757 0.0780199 0.350441
0 0.943025 0.356831 0.0725522 0.550993
0 0.0493914 0.431473 0.0977723 0.767202
0 0.260411 0.348966 0.0769507 0.531452
0 0.345944 0.805044 0.0853278 0.358784
0 0.853965 0.817449 0.0796855 0.342389
0 0.695472 0.817681 0.0802991 0.341966
0 0.614284 0.809989 0.0806094 0.34763
0 0.531235 0.803869 0.0834195 0.34748
0 0.77491 0.818139 0.0768973 0.339423
0 0.260633 0.806217 0.0832311 0.357448
0 0.441224 0.8032 0.0863456 0.347916
0 0.936527 0.812275 0.0847429 0.349461
0 0.699999 0.360553 0.0675316 0.562826
0 0.778117 0.356622 0.0711336 0.565979
0 0.860329 0.356144 0.076087 0.557967
0 0.0548911 0.795001 0.0824871 0.357643
0 0.614826 0.358051 0.0797891 0.522659
0 0.531818 0.353498 0.0735523 0.52679
0 0.350723 0.347664 0.0726131 0.517363
0 0.167494 0.802757 0.0780199 0.350441
0 0.943025 0.356831 0.0725522 0.550993
0 0.0493914 0.431473 0.0977723 0.767202
0 0.260411 0.348966 0.0769507 0.531452
