0 0.590802 0.492442 0.147392 0.886761
0 0.264252 0.484666 0.146858 0.932944
0 0.115215 0.485888 0.150971 0.91817
0 0.7458 0.472376 0.153349 0.899224
0 0.466215 0.706147 0.0999649 0.453655
0 0.870596 0.487202 0.0833687 0.852663
0 0.0209291 0.473512 0.0417001 0.908547
0 0.747206 0.461866 0.151828 0.893618
0 0.94265 0.488388 0.0774222 0.850187
0 0.943818 0.488354 0.0756403 0.856687
0 0.590802 0.492442 0.147392 0.886761
0 0.264252 0.484666 0.146858 0.932944
0 0.115215 0.485888 0.150971 0.91817
0 0.7458 0.472376 0.153349 0.899224
0 0.466215 0.706147 0.0999649 0.453655
0 0.870596 0.487202 0.0833687 0.852663
0 0.0209291 0.473512 0.0417001 0.908547
0 0.747206 0.461866 0.151828 0.893618
0 0.94265 0.488388 0.0774222 0.850187
0 0.943818 0.488354 0.0756403 0.856687
0 0.590802 0.492442 0.147392 0.886761
0 0.264252 0.484666 0.146858 0.932944
0 0.115215 0.485888 0.150971 0.91817
0 0.7458 0.472376 0.153349 0.899224
0 0.466215 0.706147 0.0999649 0.453655
0 0.870596 0.487202 0.0833687 0.852663
0 0.0209291 0.473512 0.0417001 0.908547
0 0.747206 0.461866 0.151828 0.893618
0 0.94265 0.488388 0.0774222 0.850187
0 0.943818 0.488354 0.0756403 0.856687
0 0.589955 0.498027 0.141691 0.879108
0 0.112945 0.489645 0.140383 0.912259
0 0.267817 0.482774 0.147199 0.927517
0 0.020607 0.4749 0.041214 0.908886
0 0.746491 0.470719 0.148977 0.909926
0 0.464081 0.708742 0.100067 0.436687
0 0.746173 0.470986 0.156335 0.892896
0 0.945356 0.474621 0.0698763 0.853403
0 0.918932 0.484057 0.144248 0.871261
0 0.589955 0.498027 0.141691 0.879108
0 0.112945 0.489645 0.140383 0.912259
0 0.267817 0.482774 0.147199 0.927517
0 0.020607 0.4749 0.041214 0.908886
0 0.746491 0.470719 0.148977 0.909926
0 0.464081 0.708742 0.100067 0.436687
0 0.746173 0.470986 0.156335 0.892896
0 0.945356 0.474621 0.0698763 0.853403
0 0.918932 0.484057 0.144248 0.871261
0 0.989878 0.469388 0.0202434 0.881039
0 0.589955 0.498027 0.141691 0.879108
0 0.112945 0.489645 0.140383 0.912259
0 0.267817 0.482774 0.147199 0.927517
0 0.020607 0.4749 0.041214 0.908886
0 0.746491 0.470719 0.148977 0.909926
0 0.464081 0.708742 0.100067 0.436687
0 0.746173 0.470986 0.156335 0.892896
0 0.945356 0.474621 0.0698763 0.853403
0 0.918932 0.484057 0.144248 0.871261
