0 0.773729 0.473198 0.254532 0.855365
0 0.571597 0.500521 0.250052 0.863846
0 0.367424 0.499654 0.300014 0.891196
0 0.168309 0.509326 0.311412 0.857882
0 0.0497132 0.420028 0.0993018 0.835527
0 0.773729 0.473198 0.254532 0.855365
0 0.571597 0.500521 0.250052 0.863846
0 0.367424 0.499654 0.300014 0.891196
0 0.168309 0.509326 0.311412 0.857882
0 0.0497132 0.420028 0.0993018 0.835527
0 0.773729 0.473198 0.254532 0.855365
0 0.571597 0.500521 0.250052 0.863846
0 0.367424 0.499654 0.300014 0.891196
0 0.168309 0.509326 0.311412 0.857882
0 0.0497132 0.420028 0.0993018 0.835527
0 0.372571 0.506031 0.260247 0.897245
0 0.564299 0.497995 0.22402 0.846157
0 0.163938 0.526258 0.28397 0.893267
0 0.766188 0.48895 0.234562 0.853043
0 0.36399 0.522529 0.264088 0.936974
0 0.372571 0.506031 0.260247 0.897245
0 0.564299 0.497995 0.22402 0.846157
0 0.163938 0.526258 0.28397 0.893267
0 0.766188 0.48895 0.234562 0.853043
0 0.36399 0.522529 0.264088 0.936974
0 0.372571 0.506031 0.260247 0.897245
0 0.564299 0.497995 0.22402 0.846157
0 0.163938 0.526258 0.28397 0.893267
0 0.766188 0.48895 0.234562 0.853043
0 0.36399 0.522529 0.264088 0.936974
0 0.372571 0.506031 0.260247 0.897245
0 0.564299 0.497995 0.22402 0.846157
0 0.163938 0.526258 0.28397 0.893267
0 0.766188 0.48895 0.234562 0.853043
0 0.36399 0.522529 0.264088 0.936974
