0 0.0624352 0.60028 0.109228 0.747662
0 0.710254 0.503926 0.11632 0.823401
0 0.598935 0.510713 0.110652 0.842099
0 0.492395 0.530686 0.106801 0.823569
0 0.187614 0.592913 0.0711341 0.727903
0 0.134186 0.602116 0.041374 0.703758
0 0.825497 0.486057 0.119386 0.847556
0 0.936081 0.65194 0.108953 0.505333
0 0.384798 0.553803 0.11133 0.781476
0 0.274195 0.562755 0.11304 0.760574
0 0.0624352 0.60028 0.109228 0.747662
0 0.710254 0.503926 0.11632 0.823401
0 0.598935 0.510713 0.110652 0.842099
0 0.492395 0.530686 0.106801 0.823569
0 0.187614 0.592913 0.0711341 0.727903
0 0.134186 0.602116 0.041374 0.703758
0 0.825497 0.486057 0.119386 0.847556
0 0.936081 0.65194 0.108953 0.505333
0 0.384798 0.553803 0.11133 0.781476
0 0.274195 0.562755 0.11304 0.760574
0 0.0624352 0.60028 0.109228 0.747662
0 0.710254 0.503926 0.11632 0.823401
0 0.598935 0.510713 0.110652 0.842099
0 0.492395 0.530686 0.106801 0.823569
0 0.187614 0.592913 0.0711341 0.727903
0 0.134186 0.602116 0.041374 0.703758
0 0.825497 0.486057 0.119386 0.847556
0 0.936081 0.65194 0.108953 0.505333
0 0.384798 0.553803 0.11133 0.781476
0 0.274195 0.562755 0.11304 0.760574
0 0.38484 0.576444 0.110098 0.75002
0 0.937373 0.655914 0.113991 0.498022
0 0.0626562 0.603392 0.106684 0.755009
0 0.711051 0.514411 0.114769 0.812799
0 0.824645 0.503884 0.115055 0.831261
0 0.274183 0.583897 0.110533 0.741013
0 0.491122 0.557989 0.102838 0.780451
0 0.172351 0.590372 0.101359 0.747679
0 0.597945 0.544923 0.109392 0.802318
0 0.38484 0.576444 0.110098 0.75002
0 0.937373 0.655914 0.113991 0.498022
0 0.0626562 0.603392 0.106684 0.755009
0 0.711051 0.514411 0.114769 0.812799
0 0.824645 0.503884 0.115055 0.831261
0 0.274183 0.583897 0.110533 0.741013
0 0.491122 0.557989 0.102838 0.780451
0 0.172351 0.590372 0.101359 0.747679
0 0.597945 0.544923 0.109392 0.802318
0 0.00586492 0.571113 0.0117298 0.857775
0 0.142126 0.601824 0.0563803 0.731325
0 0.38484 0.576444 0.110098 0.75002
0 0.937373 0.655914 0.113991 0.498022
0 0.0626562 0.603392 0.106684 0.755009
0 0.711051 0.514411 0.114769 0.812799
0 0.824645 0.503884 0.115055 0.831261
0 0.274183 0.583897 0.110533 0.741013
0 0.491122 0.557989 0.102838 0.780451
0 0.172351 0.590372 0.101359 0.747679
0 0.597945 0.544923 0.109392 0.802318
