0 0.575561 0.53771 0.278067 0.578678
0 0.819918 0.575252 0.360165 0.687822
0 0.127865 0.346424 0.25573 0.692849
0 0.575561 0.53771 0.278067 0.578678
0 0.819918 0.575252 0.360165 0.687822
0 0.127865 0.346424 0.25573 0.692849
0 0.575561 0.53771 0.278067 0.578678
0 0.819918 0.575252 0.360165 0.687822
0 0.127865 0.346424 0.25573 0.692849
0 0.581612 0.541472 0.215274 0.506142
0 0.75582 0.576683 0.17337 0.548877
0 0.296881 0.445224 0.148157 0.484039
0 0.41723 0.493998 0.161722 0.487159
0 0.0644738 0.33294 0.127834 0.527011
0 0.895593 0.623589 0.166366 0.580442
0 0.17856 0.381694 0.144102 0.548533
0 0.981754 0.501801 0.0364831 0.333506
0 0.755522 0.578928 0.17223 0.558736
0 0.581612 0.541472 0.215274 0.506142
0 0.75582 0.576683 0.17337 0.548877
0 0.296881 0.445224 0.148157 0.484039
0 0.41723 0.493998 0.161722 0.487159
0 0.0644738 0.33294 0.127834 0.527011
0 0.895593 0.623589 0.166366 0.580442
0 0.17856 0.381694 0.144102 0.548533
0 0.981754 0.501801 0.0364831 0.333506
0 0.755522 0.578928 0.17223 0.558736
0 0.581612 0.541472 0.215274 0.506142
0 0.75582 0.576683 0.17337 0.548877
0 0.296881 0.445224 0.148157 0.484039
0 0.41723 0.493998 0.161722 0.487159
0 0.0644738 0.33294 0.127834 0.527011
0 0.895593 0.623589 0.166366 0.580442
0 0.17856 0.381694 0.144102 0.548533
0 0.981754 0.501801 0.0364831 0.333506
0 0.755522 0.578928 0.17223 0.558736
0 0.581612 0.541472 0.215274 0.506142
0 0.75582 0.576683 0.17337 0.548877
0 0.296881 0.445224 0.148157 0.484039
0 0.41723 0.493998 0.161722 0.487159
0 0.0644738 0.33294 0.127834 0.527011
0 0.895593 0.623589 0.166366 0.580442
0 0.17856 0.381694 0.144102 0.548533
0 0.981754 0.501801 0.0364831 0.333506
0 0.755522 0.578928 0.17223 0.558736
