0 0.555156 0.522148 0.126629 0.805783
0 0.205599 0.510331 0.13213 0.890693
0 0.435599 0.525339 0.120391 0.876374
0 0.797019 0.481231 0.386243 0.910309
0 0.320332 0.520489 0.120648 0.913341
0 0.555156 0.522148 0.126629 0.805783
0 0.205599 0.510331 0.13213 0.890693
0 0.435599 0.525339 0.120391 0.876374
0 0.797019 0.481231 0.386243 0.910309
0 0.320332 0.520489 0.120648 0.913341
0 0.555156 0.522148 0.126629 0.805783
0 0.205599 0.510331 0.13213 0.890693
0 0.435599 0.525339 0.120391 0.876374
0 0.797019 0.481231 0.386243 0.910309
0 0.320332 0.520489 0.120648 0.913341
0 0.557369 0.537725 0.129252 0.880655
0 0.436875 0.516452 0.122721 0.930122
0 0.206377 0.542235 0.123714 0.818532
0 0.0904876 0.543175 0.11885 0.697747
0 0.318631 0.500619 0.120814 0.951415
0 0.898382 0.490935 0.164971 0.879377
0 0.725203 0.490393 0.208838 0.832724
0 0.31874 0.508088 0.118077 0.938313
0 0.793178 0.502848 0.376782 0.901502
0 0.557369 0.537725 0.129252 0.880655
0 0.436875 0.516452 0.122721 0.930122
0 0.206377 0.542235 0.123714 0.818532
0 0.0904876 0.543175 0.11885 0.697747
0 0.318631 0.500619 0.120814 0.951415
0 0.898382 0.490935 0.164971 0.879377
0 0.725203 0.490393 0.208838 0.832724
0 0.31874 0.508088 0.118077 0.938313
0 0.793178 0.502848 0.376782 0.901502
0 0.987853 0.550254 0.024207 0.879635
0 0.557369 0.537725 0.129252 0.880655
0 0.436875 0.516452 0.122721 0.930122
0 0.206377 0.542235 0.123714 0.818532
0 0.0904876 0.543175 0.11885 0.697747
0 0.318631 0.500619 0.120814 0.951415
0 0.898382 0.490935 0.164971 0.879377
0 0.725203 0.490393 0.208838 0.832724
0 0.31874 0.508088 0.118077 0.938313
0 0.793178 0.502848 0.376782 0.901502
