0 0.535257 0.63288 0.0529866 0.638326
0 0.589107 0.630961 0.0553478 0.64498
0 0.0903884 0.647803 0.0567177 0.630246
0 0.64366 0.643505 0.056614 0.631069
0 0.262189 0.654165 0.0565977 0.645734
0 0.31757 0.649885 0.0560941 0.636139
0 0.850218 0.619506 0.0523077 0.650822
0 0.696934 0.650095 0.0548941 0.616274
0 0.74904 0.647211 0.0518889 0.620218
0 0.0325929 0.654404 0.0591064 0.657013
0 0.427571 0.649463 0.0547485 0.633842
0 0.373601 0.652121 0.0556468 0.629504
0 0.148152 0.653286 0.0600494 0.657483
0 0.481269 0.641416 0.0547799 0.643784
0 0.799753 0.642551 0.0510921 0.61037
0 0.205543 0.653883 0.0571643 0.663469
0 0.957656 0.704921 0.0450619 0.476191
0 0.905106 0.57237 0.0591302 0.74971
0 0.990505 0.592758 0.0189892 0.669428
0 0.991842 0.612273 0.0163165 0.621938
0 0.905115 0.549487 0.0564891 0.77029
0 0.987978 0.500621 0.0240441 0.843672
0 0.535257 0.63288 0.0529866 0.638326
0 0.589107 0.630961 0.0553478 0.64498
0 0.0903884 0.647803 0.0567177 0.630246
0 0.64366 0.643505 0.056614 0.631069
0 0.262189 0.654165 0.0565977 0.645734
0 0.31757 0.649885 0.0560941 0.636139
0 0.850218 0.619506 0.0523077 0.650822
0 0.696934 0.650095 0.0548941 0.616274
0 0.74904 0.647211 0.0518889 0.620218
0 0.0325929 0.654404 0.0591064 0.657013
0 0.427571 0.649463 0.0547485 0.633842
0 0.373601 0.652121 0.0556468 0.629504
0 0.148152 0.653286 0.0600494 0.657483
0 0.481269 0.641416 0.0547799 0.643784
0 0.799753 0.642551 0.0510921 0.61037
0 0.205543 0.653883 0.0571643 0.663469
0 0.957656 0.704921 0.0450619 0.476191
0 0.905106 0.57237 0.0591302 0.74971
0 0.990505 0.592758 0.0189892 0.669428
0 0.991842 0.612273 0.0163165 0.621938
0 0.905115 0.549487 0.0564891 0.77029
0 0.987978 0.500621 0.0240441 0.843672
0 0.535257 0.63288 0.0529866 0.638326
0 0.589107 0.630961 0.0553478 0.64498
0 0.0903884 0.647803 0.0567177 0.630246
0 0.64366 0.643505 0.056614 0.631069
0 0.262189 0.654165 0.0565977 0.645734
0 0.31757 0.649885 0.0560941 0.636139
0 0.850218 0.619506 0.0523077 0.650822
0 0.696934 0.650095 0.0548941 0.616274
0 0.74904 0.647211 0.0518889 0.620218
0 0.0325929 0.654404 0.0591064 0.657013
0 0.427571 0.649463 0.0547485 0.633842
0 0.373601 0.652121 0.0556468 0.629504
0 0.148152 0.653286 0.0600494 0.657483
0 0.481269 0.641416 0.0547799 0.643784
0 0.799753 0.642551 0.0510921 0.61037
0 0.205543 0.653883 0.0571643 0.663469
0 0.957656 0.704921 0.0450619 0.476191
0 0.905106 0.57237 0.0591302 0.74971
0 0.990505 0.592758 0.0189892 0.669428
0 0.991842 0.612273 0.0163165 0.621938
0 0.905115 0.549487 0.0564891 0.77029
0 0.987978 0.500621 0.0240441 0.843672
0 0.588557 0.638165 0.0559485 0.641805
0 0.262498 0.660312 0.0570331 0.639988
0 0.148452 0.664278 0.0586338 0.652377
0 0.0328504 0.658385 0.0602897 0.644607
0 0.535091 0.639556 0.0531178 0.63041
0 0.905773 0.606016 0.0581945 0.689337
0 0.373612 0.660181 0.0536657 0.621959
0 0.697316 0.649056 0.052833 0.613983
0 0.749263 0.648628 0.0512909 0.615203
0 0.427482 0.65516 0.0542636 0.622438
0 0.481448 0.641156 0.055285 0.632175
0 0.799554 0.640834 0.0501226 0.620126
0 0.643666 0.644554 0.0559747 0.621605
0 0.317606 0.658133 0.0557578 0.628755
0 0.958476 0.614063 0.0474104 0.66788
0 0.850558 0.630191 0.0524891 0.637896
0 0.205402 0.660225 0.0580756 0.64719
0 0.0905745 0.659509 0.0571305 0.641987
0 0.988563 0.598334 0.0227282 0.678377
0 0.588557 0.638165 0.0559485 0.641805
0 0.262498 0.660312 0.0570331 0.639988
0 0.148452 0.664278 0.0586338 0.652377
0 0.0328504 0.658385 0.0602897 0.644607
0 0.535091 0.639556 0.0531178 0.63041
0 0.905773 0.606016 0.0581945 0.689337
0 0.373612 0.660181 0.0536657 0.621959
0 0.697316 0.649056 0.052833 0.613983
0 0.749263 0.648628 0.0512909 0.615203
0 0.427482 0.65516 0.0542636 0.622438
0 0.481448 0.641156 0.055285 0.632175
0 0.799554 0.640834 0.0501226 0.620126
0 0.643666 0.644554 0.0559747 0.621605
0 0.317606 0.658133 0.0557578 0.628755
0 0.958476 0.614063 0.0474104 0.66788
0 0.850558 0.630191 0.0524891 0.637896
0 0.205402 0.660225 0.0580756 0.64719
0 0.0905745 0.659509 0.0571305 0.641987
0 0.988563 0.598334 0.0227282 0.678377
0 0.989503 0.605294 0.0208192 0.665517
0 0.588557 0.638165 0.0559485 0.641805
0 0.262498 0.660312 0.0570331 0.639988
0 0.148452 0.664278 0.0586338 0.652377
0 0.0328504 0.658385 0.0602897 0.644607
0 0.535091 0.639556 0.0531178 0.63041
0 0.905773 0.606016 0.0581945 0.689337
0 0.373612 0.660181 0.0536657 0.621959
0 0.697316 0.649056 0.052833 0.613983
0 0.749263 0.648628 0.0512909 0.615203
0 0.427482 0.65516 0.0542636 0.622438
0 0.481448 0.641156 0.055285 0.632175
0 0.799554 0.640834 0.0501226 0.620126
0 0.643666 0.644554 0.0559747 0.621605
0 0.317606 0.658133 0.0557578 0.628755
0 0.958476 0.614063 0.0474104 0.66788
0 0.850558 0.630191 0.0524891 0.637896
0 0.205402 0.660225 0.0580756 0.64719
0 0.0905745 0.659509 0.0571305 0.641987
0 0.988563 0.598334 0.0227282 0.678377
