0 0.858587 0.543682 0.282568 0.853575
0 0.385793 0.36885 0.266041 0.527902
0 0.382715 0.542009 0.272327 0.857023
0 0.127382 0.697206 0.250283 0.538711
0 0.858587 0.543682 0.282568 0.853575
0 0.385793 0.36885 0.266041 0.527902
0 0.382715 0.542009 0.272327 0.857023
0 0.127382 0.697206 0.250283 0.538711
0 0.858587 0.543682 0.282568 0.853575
0 0.385793 0.36885 0.266041 0.527902
0 0.382715 0.542009 0.272327 0.857023
0 0.127382 0.697206 0.250283 0.538711
0 0.389507 0.361432 0.267411 0.554505
0 0.129966 0.691882 0.249845 0.563263
0 0.869578 0.454178 0.260843 0.43165
0 0.389507 0.361432 0.267411 0.554505
0 0.129966 0.691882 0.249845 0.563263
0 0.869578 0.454178 0.260843 0.43165
0 0.885648 0.463812 0.227771 0.403171
0 0.881516 0.803679 0.235623 0.326798
0 0.865895 0.661659 0.267891 0.606067
0 0.389507 0.361432 0.267411 0.554505
0 0.129966 0.691882 0.249845 0.563263
0 0.869578 0.454178 0.260843 0.43165
0 0.389507 0.361432 0.267411 0.554505
0 0.129966 0.691882 0.249845 0.563263
0 0.869578 0.454178 0.260843 0.43165
