0 0.391726 0.557321 0.222631 0.885358
0 0.629003 0.528917 0.22334 0.936743
0 0.841301 0.542487 0.217264 0.907535
0 0.170489 0.670005 0.215928 0.659989
0 0.391726 0.557321 0.222631 0.885358
0 0.629003 0.528917 0.22334 0.936743
0 0.841301 0.542487 0.217264 0.907535
0 0.170489 0.670005 0.215928 0.659989
0 0.391726 0.557321 0.222631 0.885358
0 0.629003 0.528917 0.22334 0.936743
0 0.841301 0.542487 0.217264 0.907535
0 0.170489 0.670005 0.215928 0.659989
0 0.393181 0.541188 0.232649 0.917624
0 0.170189 0.517852 0.2339 0.964297
0 0.633851 0.533857 0.214165 0.9296
0 0.845315 0.539905 0.223064 0.917146
0 0.846185 0.531423 0.222369 0.924713
0 0.393181 0.541188 0.232649 0.917624
0 0.170189 0.517852 0.2339 0.964297
0 0.633851 0.533857 0.214165 0.9296
0 0.845315 0.539905 0.223064 0.917146
0 0.846185 0.531423 0.222369 0.924713
0 0.393181 0.541188 0.232649 0.917624
0 0.170189 0.517852 0.2339 0.964297
0 0.633851 0.533857 0.214165 0.9296
0 0.845315 0.539905 0.223064 0.917146
0 0.846185 0.531423 0.222369 0.924713
0 0.393181 0.541188 0.232649 0.917624
0 0.170189 0.517852 0.2339 0.964297
0 0.633851 0.533857 0.214165 0.9296
0 0.845315 0.539905 0.223064 0.917146
0 0.846185 0.531423 0.222369 0.924713
