0 0.294664 0.561284 0.353242 0.585201
0 0.614866 0.468675 0.31462 0.554726
0 0.294664 0.561284 0.353242 0.585201
0 0.614866 0.468675 0.31462 0.554726
0 0.294664 0.561284 0.353242 0.585201
0 0.614866 0.468675 0.31462 0.554726
0 0.61723 0.466795 0.311997 0.554161
0 0.885783 0.392539 0.22281 0.494403
0 0.0702955 0.703654 0.139478 0.567821
0 0.29868 0.578321 0.34789 0.571028
0 0.296763 0.575096 0.348954 0.577709
0 0.61723 0.466795 0.311997 0.554161
0 0.885783 0.392539 0.22281 0.494403
0 0.0702955 0.703654 0.139478 0.567821
0 0.29868 0.578321 0.34789 0.571028
0 0.296763 0.575096 0.348954 0.577709
0 0.61723 0.466795 0.311997 0.554161
0 0.885783 0.392539 0.22281 0.494403
0 0.0702955 0.703654 0.139478 0.567821
0 0.29868 0.578321 0.34789 0.571028
0 0.296763 0.575096 0.348954 0.577709
0 0.61723 0.466795 0.311997 0.554161
0 0.885783 0.392539 0.22281 0.494403
0 0.0702955 0.703654 0.139478 0.567821
0 0.29868 0.578321 0.34789 0.571028
0 0.296763 0.575096 0.348954 0.577709
