0 0.370926 0.453163 0.221662 0.768572
0 0.832046 0.588838 0.255675 0.821332
0 0.149709 0.521238 0.235453 0.955665
0 0.370926 0.453163 0.221662 0.768572
0 0.832046 0.588838 0.255675 0.821332
0 0.149709 0.521238 0.235453 0.955665
0 0.370926 0.453163 0.221662 0.768572
0 0.832046 0.588838 0.255675 0.821332
0 0.149709 0.521238 0.235453 0.955665
0 0.149132 0.416155 0.219369 0.722115
0 0.840989 0.58143 0.239663 0.833462
0 0.37081 0.442588 0.19845 0.711099
0 0.563918 0.459287 0.172281 0.551778
0 0.149132 0.416155 0.219369 0.722115
0 0.840989 0.58143 0.239663 0.833462
0 0.37081 0.442588 0.19845 0.711099
0 0.563918 0.459287 0.172281 0.551778
0 0.149132 0.416155 0.219369 0.722115
0 0.840989 0.58143 0.239663 0.833462
0 0.37081 0.442588 0.19845 0.711099
0 0.563918 0.459287 0.172281 0.551778
0 0.149132 0.416155 0.219369 0.722115
0 0.840989 0.58143 0.239663 0.833462
0 0.37081 0.442588 0.19845 0.711099
0 0.563918 0.459287 0.172281 0.551778
