0 0.143727 0.559323 0.0731147 0.746237
0 0.213705 0.659885 0.0616199 0.562835
0 0.080163 0.553088 0.0698834 0.746124
0 0.532421 0.228625 0.213606 0.169262
0 0.910151 0.591354 0.0318301 0.263476
0 0.505449 0.633718 0.255038 0.697102
0 0.349218 0.697477 0.0711353 0.497813
0 0.970134 0.60516 0.0357546 0.255235
0 0.939818 0.596144 0.0327743 0.262837
0 0.0250124 0.565435 0.049358 0.729432
0 0.278794 0.60395 0.0742719 0.65404
0 0.726182 0.64721 0.192299 0.70558
0 0.0248355 0.570816 0.0489267 0.708624
0 0.143727 0.559323 0.0731147 0.746237
0 0.213705 0.659885 0.0616199 0.562835
0 0.080163 0.553088 0.0698834 0.746124
0 0.532421 0.228625 0.213606 0.169262
0 0.910151 0.591354 0.0318301 0.263476
0 0.505449 0.633718 0.255038 0.697102
0 0.349218 0.697477 0.0711353 0.497813
0 0.970134 0.60516 0.0357546 0.255235
0 0.939818 0.596144 0.0327743 0.262837
0 0.0250124 0.565435 0.049358 0.729432
0 0.278794 0.60395 0.0742719 0.65404
0 0.726182 0.64721 0.192299 0.70558
0 0.0248355 0.570816 0.0489267 0.708624
0 0.143727 0.559323 0.0731147 0.746237
0 0.213705 0.659885 0.0616199 0.562835
0 0.080163 0.553088 0.0698834 0.746124
0 0.532421 0.228625 0.213606 0.169262
0 0.910151 0.591354 0.0318301 0.263476
0 0.505449 0.633718 0.255038 0.697102
0 0.349218 0.697477 0.0711353 0.497813
0 0.970134 0.60516 0.0357546 0.255235
0 0.939818 0.596144 0.0327743 0.262837
0 0.0250124 0.565435 0.049358 0.729432
0 0.278794 0.60395 0.0742719 0.65404
0 0.726182 0.64721 0.192299 0.70558
0 0.0248355 0.570816 0.0489267 0.708624
0 0.280945 0.614887 0.0735629 0.640405
0 0.212251 0.593981 0.0711521 0.699611
0 0.140034 0.567058 0.0771741 0.718785
0 0.0788108 0.571206 0.0688167 0.719495
0 0.348624 0.684196 0.0728236 0.536558
0 0.0253348 0.513015 0.0506695 0.818454
0 0.507971 0.643012 0.261035 0.713976
0 0.726059 0.563985 0.193115 0.512603
0 0.530577 0.198536 0.204627 0.251774
0 0.280945 0.614887 0.0735629 0.640405
0 0.212251 0.593981 0.0711521 0.699611
0 0.140034 0.567058 0.0771741 0.718785
0 0.0788108 0.571206 0.0688167 0.719495
0 0.348624 0.684196 0.0728236 0.536558
0 0.0253348 0.513015 0.0506695 0.818454
0 0.507971 0.643012 0.261035 0.713976
0 0.726059 0.563985 0.193115 0.512603
0 0.530577 0.198536 0.204627 0.251774
0 0.723382 0.255049 0.165391 0.209463
0 0.965529 0.447265 0.0689421 0.569176
0 0.280945 0.614887 0.0735629 0.640405
0 0.212251 0.593981 0.0711521 0.699611
0 0.140034 0.567058 0.0771741 0.718785
0 0.0788108 0.571206 0.0688167 0.719495
0 0.348624 0.684196 0.0728236 0.536558
0 0.0253348 0.513015 0.0506695 0.818454
0 0.507971 0.643012 0.261035 0.713976
0 0.726059 0.563985 0.193115 0.512603
0 0.530577 0.198536 0.204627 0.251774
0 0.280945 0.614887 0.0735629 0.640405
0 0.212251 0.593981 0.0711521 0.699611
0 0.140034 0.567058 0.0771741 0.718785
0 0.0788108 0.571206 0.0688167 0.719495
0 0.348624 0.684196 0.0728236 0.536558
0 0.0253348 0.513015 0.0506695 0.818454
0 0.507971 0.643012 0.261035 0.713976
0 0.726059 0.563985 0.193115 0.512603
0 0.530577 0.198536 0.204627 0.251774
