0 0.261234 0.608758 0.0916465 0.427447
0 0.960411 0.663614 0.0616449 0.555826
0 0.590404 0.528632 0.165087 0.824383
0 0.435573 0.5134 0.158617 0.823805
0 0.2951 0.169822 0.115726 0.298
0 0.752722 0.383461 0.163752 0.442471
0 0.325922 0.647572 0.0427968 0.401184
0 0.856235 0.660622 0.0539574 0.555734
0 0.856287 0.660973 0.0530321 0.545489
0 0.752867 0.552484 0.16466 0.811723
0 0.261234 0.608758 0.0916465 0.427447
0 0.960411 0.663614 0.0616449 0.555826
0 0.590404 0.528632 0.165087 0.824383
0 0.435573 0.5134 0.158617 0.823805
0 0.2951 0.169822 0.115726 0.298
0 0.752722 0.383461 0.163752 0.442471
0 0.325922 0.647572 0.0427968 0.401184
0 0.856235 0.660622 0.0539574 0.555734
0 0.856287 0.660973 0.0530321 0.545489
0 0.752867 0.552484 0.16466 0.811723
0 0.261234 0.608758 0.0916465 0.427447
0 0.960411 0.663614 0.0616449 0.555826
0 0.590404 0.528632 0.165087 0.824383
0 0.435573 0.5134 0.158617 0.823805
0 0.2951 0.169822 0.115726 0.298
0 0.752722 0.383461 0.163752 0.442471
0 0.325922 0.647572 0.0427968 0.401184
0 0.856235 0.660622 0.0539574 0.555734
0 0.856287 0.660973 0.0530321 0.545489
0 0.752867 0.552484 0.16466 0.811723
0 0.960452 0.663468 0.0627285 0.55875
0 0.855809 0.666947 0.0529413 0.537577
0 0.591569 0.537795 0.16445 0.818671
0 0.295261 0.183729 0.11971 0.324804
0 0.096988 0.671615 0.161167 0.418572
0 0.752278 0.372524 0.162298 0.440003
0 0.281087 0.597928 0.137177 0.480959
0 0.905723 0.670411 0.0549856 0.527766
0 0.439031 0.524621 0.16103 0.822717
0 0.753342 0.549953 0.167951 0.791609
0 0.101217 0.461789 0.1901 0.845803
0 0.00950169 0.655717 0.0190034 0.405437
0 0.43824 0.51794 0.16172 0.846228
0 0.437116 0.34093 0.155762 0.461471
0 0.440106 0.745573 0.146562 0.369679
0 0.591902 0.357069 0.155562 0.452893
0 0.960452 0.663468 0.0627285 0.55875
0 0.855809 0.666947 0.0529413 0.537577
0 0.591569 0.537795 0.16445 0.818671
0 0.295261 0.183729 0.11971 0.324804
0 0.096988 0.671615 0.161167 0.418572
0 0.752278 0.372524 0.162298 0.440003
0 0.281087 0.597928 0.137177 0.480959
0 0.905723 0.670411 0.0549856 0.527766
0 0.439031 0.524621 0.16103 0.822717
0 0.753342 0.549953 0.167951 0.791609
0 0.101217 0.461789 0.1901 0.845803
0 0.00950169 0.655717 0.0190034 0.405437
0 0.43824 0.51794 0.16172 0.846228
0 0.437116 0.34093 0.155762 0.461471
0 0.440106 0.745573 0.146562 0.369679
0 0.591902 0.357069 0.155562 0.452893
0 0.749566 0.765298 0.154093 0.361366
0 0.960452 0.663468 0.0627285 0.55875
0 0.855809 0.666947 0.0529413 0.537577
0 0.591569 0.537795 0.16445 0.818671
0 0.295261 0.183729 0.11971 0.324804
0 0.096988 0.671615 0.161167 0.418572
0 0.752278 0.372524 0.162298 0.440003
0 0.281087 0.597928 0.137177 0.480959
0 0.905723 0.670411 0.0549856 0.527766
0 0.439031 0.524621 0.16103 0.822717
0 0.753342 0.549953 0.167951 0.791609
0 0.101217 0.461789 0.1901 0.845803
0 0.00950169 0.655717 0.0190034 0.405437
0 0.43824 0.51794 0.16172 0.846228
0 0.437116 0.34093 0.155762 0.461471
0 0.440106 0.745573 0.146562 0.369679
0 0.591902 0.357069 0.155562 0.452893
