0 0.200895 0.520961 0.182599 0.585046
0 0.390304 0.529241 0.222941 0.83147
0 0.595603 0.548642 0.215192 0.834352
0 0.200895 0.520961 0.182599 0.585046
0 0.390304 0.529241 0.222941 0.83147
0 0.595603 0.548642 0.215192 0.834352
0 0.200895 0.520961 0.182599 0.585046
0 0.390304 0.529241 0.222941 0.83147
0 0.595603 0.548642 0.215192 0.834352
0 0.595529 0.506866 0.21009 0.936153
0 0.389752 0.505689 0.222241 0.878649
0 0.77809 0.516706 0.114942 0.893259
0 0.876206 0.528888 0.0926264 0.871806
0 0.0422952 0.330592 0.0843866 0.616777
0 0.95573 0.559682 0.0742533 0.81518
0 0.595529 0.506866 0.21009 0.936153
0 0.389752 0.505689 0.222241 0.878649
0 0.77809 0.516706 0.114942 0.893259
0 0.876206 0.528888 0.0926264 0.871806
0 0.0422952 0.330592 0.0843866 0.616777
0 0.95573 0.559682 0.0742533 0.81518
0 0.1995 0.516246 0.160119 0.563044
0 0.0495452 0.490887 0.0990904 0.896545
0 0.983995 0.592642 0.032009 0.770812
0 0.595529 0.506866 0.21009 0.936153
0 0.389752 0.505689 0.222241 0.878649
0 0.77809 0.516706 0.114942 0.893259
0 0.876206 0.528888 0.0926264 0.871806
0 0.0422952 0.330592 0.0843866 0.616777
0 0.95573 0.559682 0.0742533 0.81518
