0 0.28596 0.777615 0.268742 0.356332
0 0.0835803 0.771238 0.167161 0.346916
0 0.544415 0.781604 0.248836 0.320854
0 0.845886 0.657615 0.306629 0.571172
0 0.832975 0.815441 0.303806 0.242307
0 0.28596 0.777615 0.268742 0.356332
0 0.0835803 0.771238 0.167161 0.346916
0 0.544415 0.781604 0.248836 0.320854
0 0.845886 0.657615 0.306629 0.571172
0 0.832975 0.815441 0.303806 0.242307
0 0.28596 0.777615 0.268742 0.356332
0 0.0835803 0.771238 0.167161 0.346916
0 0.544415 0.781604 0.248836 0.320854
0 0.845886 0.657615 0.306629 0.571172
0 0.832975 0.815441 0.303806 0.242307
0 0.545048 0.783427 0.245619 0.321969
0 0.0815338 0.773411 0.161797 0.355746
0 0.289073 0.775773 0.258561 0.348566
0 0.827925 0.811473 0.296104 0.244209
0 0.837988 0.65288 0.311133 0.55245
0 0.841718 0.546172 0.295769 0.308127
0 0.545048 0.783427 0.245619 0.321969
0 0.0815338 0.773411 0.161797 0.355746
0 0.289073 0.775773 0.258561 0.348566
0 0.827925 0.811473 0.296104 0.244209
0 0.837988 0.65288 0.311133 0.55245
0 0.841718 0.546172 0.295769 0.308127
0 0.287665 0.776505 0.257328 0.351867
0 0.545048 0.783427 0.245619 0.321969
0 0.0815338 0.773411 0.161797 0.355746
0 0.289073 0.775773 0.258561 0.348566
0 0.827925 0.811473 0.296104 0.244209
0 0.837988 0.65288 0.311133 0.55245
0 0.841718 0.546172 0.295769 0.308127
0 0.545048 0.783427 0.245619 0.321969
0 0.0815338 0.773411 0.161797 0.355746
0 0.289073 0.775773 0.258561 0.348566
0 0.827925 0.811473 0.296104 0.244209
0 0.837988 0.65288 0.311133 0.55245
0 0.841718 0.546172 0.295769 0.308127
