0 0.80231 0.630902 0.230296 0.541942
0 0.80231 0.630902 0.230296 0.541942
0 0.80231 0.630902 0.230296 0.541942
0 0.553792 0.715651 0.293322 0.403408
0 0.242972 0.717141 0.325278 0.442642
0 0.810354 0.629446 0.228345 0.57295
0 0.944826 0.593872 0.110348 0.602799
0 0.553792 0.715651 0.293322 0.403408
0 0.242972 0.717141 0.325278 0.442642
0 0.810354 0.629446 0.228345 0.57295
0 0.944826 0.593872 0.110348 0.602799
0 0.943788 0.589148 0.112424 0.59988
0 0.553792 0.715651 0.293322 0.403408
0 0.242972 0.717141 0.325278 0.442642
0 0.810354 0.629446 0.228345 0.57295
0 0.944826 0.593872 0.110348 0.602799
