0 0.324917 0.667781 0.215531 0.54137
0 0.741666 0.713679 0.225654 0.562565
0 0.53046 0.676813 0.216196 0.544052
0 0.116149 0.676796 0.216192 0.588085
0 0.324917 0.667781 0.215531 0.54137
0 0.741666 0.713679 0.225654 0.562565
0 0.53046 0.676813 0.216196 0.544052
0 0.116149 0.676796 0.216192 0.588085
0 0.324917 0.667781 0.215531 0.54137
0 0.741666 0.713679 0.225654 0.562565
0 0.53046 0.676813 0.216196 0.544052
0 0.116149 0.676796 0.216192 0.588085
0 0.742434 0.718654 0.219948 0.552905
0 0.120694 0.672563 0.209404 0.537795
0 0.327289 0.682302 0.210758 0.544814
0 0.532809 0.698508 0.210522 0.555696
0 0.742434 0.718654 0.219948 0.552905
0 0.120694 0.672563 0.209404 0.537795
0 0.327289 0.682302 0.210758 0.544814
0 0.532809 0.698508 0.210522 0.555696
0 0.970731 0.501899 0.0585377 0.996203
0 0.742434 0.718654 0.219948 0.552905
0 0.120694 0.672563 0.209404 0.537795
0 0.327289 0.682302 0.210758 0.544814
0 0.532809 0.698508 0.210522 0.555696
