0 0.167039 0.487933 0.293678 0.940253
0 0.86877 0.491771 0.243232 0.960925
0 0.617506 0.607399 0.246409 0.627571
0 0.397233 0.62867 0.246143 0.660289
0 0.167039 0.487933 0.293678 0.940253
0 0.86877 0.491771 0.243232 0.960925
0 0.617506 0.607399 0.246409 0.627571
0 0.397233 0.62867 0.246143 0.660289
0 0.167039 0.487933 0.293678 0.940253
0 0.86877 0.491771 0.243232 0.960925
0 0.617506 0.607399 0.246409 0.627571
0 0.397233 0.62867 0.246143 0.660289
0 0.863397 0.485556 0.217047 0.949396
0 0.614363 0.629315 0.248541 0.651675
0 0.0854786 0.482527 0.122634 0.901308
0 0.415159 0.632438 0.168663 0.616828
0 0.200005 0.483711 0.149847 0.893664
0 0.863397 0.485556 0.217047 0.949396
0 0.614363 0.629315 0.248541 0.651675
0 0.0854786 0.482527 0.122634 0.901308
0 0.415159 0.632438 0.168663 0.616828
0 0.200005 0.483711 0.149847 0.893664
0 0.199357 0.480042 0.162303 0.912237
0 0.537495 0.62863 0.432587 0.650915
0 0.863397 0.485556 0.217047 0.949396
0 0.614363 0.629315 0.248541 0.651675
0 0.0854786 0.482527 0.122634 0.901308
0 0.415159 0.632438 0.168663 0.616828
0 0.200005 0.483711 0.149847 0.893664
