0 0.350187 0.646192 0.485949 0.700807
0 0.0787321 0.654804 0.157464 0.690392
0 0.791191 0.61767 0.395075 0.721953
0 0.350187 0.646192 0.485949 0.700807
0 0.0787321 0.654804 0.157464 0.690392
0 0.791191 0.61767 0.395075 0.721953
0 0.350187 0.646192 0.485949 0.700807
0 0.0787321 0.654804 0.157464 0.690392
0 0.791191 0.61767 0.395075 0.721953
0 0.352397 0.649462 0.457792 0.679531
0 0.0753525 0.669723 0.150182 0.660553
0 0.779827 0.617767 0.387958 0.703065
0 0.352397 0.649462 0.457792 0.679531
0 0.0753525 0.669723 0.150182 0.660553
0 0.779827 0.617767 0.387958 0.703065
0 0.966034 0.603479 0.0679328 0.665381
0 0.352397 0.649462 0.457792 0.679531
0 0.0753525 0.669723 0.150182 0.660553
0 0.779827 0.617767 0.387958 0.703065
