0 0.626599 0.421959 0.486153 0.400746
0 0.609117 0.745986 0.446878 0.362889
0 0.218761 0.489627 0.437523 0.508999
0 0.559184 0.0845655 0.146628 0.169131
0 0.458325 0.0827394 0.0912562 0.165479
0 0.626599 0.421959 0.486153 0.400746
0 0.609117 0.745986 0.446878 0.362889
0 0.218761 0.489627 0.437523 0.508999
0 0.559184 0.0845655 0.146628 0.169131
0 0.458325 0.0827394 0.0912562 0.165479
0 0.626599 0.421959 0.486153 0.400746
0 0.609117 0.745986 0.446878 0.362889
0 0.218761 0.489627 0.437523 0.508999
0 0.559184 0.0845655 0.146628 0.169131
0 0.458325 0.0827394 0.0912562 0.165479
0 0.62712 0.734403 0.447021 0.347619
0 0.630059 0.428565 0.497919 0.405256
0 0.218733 0.789721 0.437467 0.291569
0 0.62712 0.734403 0.447021 0.347619
0 0.630059 0.428565 0.497919 0.405256
0 0.218733 0.789721 0.437467 0.291569
0 0.551256 0.96142 0.438494 0.0771105
0 0.903669 0.821283 0.192662 0.356793
0 0.62712 0.734403 0.447021 0.347619
0 0.630059 0.428565 0.497919 0.405256
0 0.218733 0.789721 0.437467 0.291569
0 0.62712 0.734403 0.447021 0.347619
0 0.630059 0.428565 0.497919 0.405256
0 0.218733 0.789721 0.437467 0.291569
