0 0.328914 0.738669 0.214632 0.464181
0 0.118877 0.723044 0.218748 0.497798
0 0.54048 0.745479 0.219682 0.469029
0 0.328914 0.738669 0.214632 0.464181
0 0.118877 0.723044 0.218748 0.497798
0 0.54048 0.745479 0.219682 0.469029
0 0.328914 0.738669 0.214632 0.464181
0 0.118877 0.723044 0.218748 0.497798
0 0.54048 0.745479 0.219682 0.469029
0 0.331139 0.749101 0.207064 0.464665
0 0.907442 0.779854 0.140594 0.439917
0 0.12283 0.72956 0.209853 0.480746
0 0.743372 0.771765 0.192686 0.446297
0 0.540268 0.754659 0.209159 0.460206
0 0.540273 0.754953 0.213243 0.458806
0 0.98703 0.774624 0.0259407 0.440485
0 0.331139 0.749101 0.207064 0.464665
0 0.907442 0.779854 0.140594 0.439917
0 0.12283 0.72956 0.209853 0.480746
0 0.743372 0.771765 0.192686 0.446297
0 0.540268 0.754659 0.209159 0.460206
0 0.540273 0.754953 0.213243 0.458806
0 0.98703 0.774624 0.0259407 0.440485
0 0.331139 0.749101 0.207064 0.464665
0 0.907442 0.779854 0.140594 0.439917
0 0.12283 0.72956 0.209853 0.480746
0 0.743372 0.771765 0.192686 0.446297
0 0.540268 0.754659 0.209159 0.460206
0 0.540273 0.754953 0.213243 0.458806
0 0.98703 0.774624 0.0259407 0.440485
