0 0.134479 0.485811 0.0813801 0.62585
0 0.4391 0.526806 0.0743192 0.663374
0 0.290717 0.494136 0.0773488 0.595125
0 0.367185 0.473635 0.0747987 0.563793
0 0.723381 0.542612 0.0742718 0.638524
0 0.861814 0.538598 0.0686556 0.617895
0 0.793416 0.541223 0.0715908 0.626791
0 0.653451 0.541281 0.0701402 0.637081
0 0.0563722 0.477208 0.0812001 0.661354
0 0.928031 0.541909 0.0693437 0.616847
0 0.510296 0.553116 0.0718729 0.674838
0 0.979467 0.52938 0.0410662 0.5868
0 0.213157 0.491804 0.0789184 0.57814
0 0.213093 0.4907 0.0793595 0.594646
