0 0.594341 0.580514 0.109097 0.755556
0 0.170487 0.600625 0.1077 0.781181
0 0.381622 0.60413 0.10665 0.745272
0 0.275813 0.601426 0.107349 0.76338
0 0.807386 0.557489 0.108921 0.756774
0 0.0692956 0.627137 0.10894 0.73243
0 0.699555 0.565787 0.107501 0.754631
0 0.917419 0.552849 0.112711 0.746653
0 0.485816 0.595744 0.110458 0.752472
0 0.594341 0.580514 0.109097 0.755556
0 0.170487 0.600625 0.1077 0.781181
0 0.381622 0.60413 0.10665 0.745272
0 0.275813 0.601426 0.107349 0.76338
0 0.807386 0.557489 0.108921 0.756774
0 0.0692956 0.627137 0.10894 0.73243
0 0.699555 0.565787 0.107501 0.754631
0 0.917419 0.552849 0.112711 0.746653
0 0.485816 0.595744 0.110458 0.752472
0 0.594341 0.580514 0.109097 0.755556
0 0.170487 0.600625 0.1077 0.781181
0 0.381622 0.60413 0.10665 0.745272
0 0.275813 0.601426 0.107349 0.76338
0 0.807386 0.557489 0.108921 0.756774
0 0.0692956 0.627137 0.10894 0.73243
0 0.699555 0.565787 0.107501 0.754631
0 0.917419 0.552849 0.112711 0.746653
0 0.485816 0.595744 0.110458 0.752472
0 0.171523 0.610396 0.105521 0.745079
0 0.381879 0.602142 0.104617 0.722911
0 0.275976 0.60959 0.105433 0.725705
0 0.807275 0.575449 0.104751 0.704679
0 0.486382 0.598194 0.104268 0.718815
0 0.917435 0.562405 0.106628 0.714056
0 0.068364 0.633009 0.112138 0.725337
0 0.595088 0.585029 0.106775 0.736085
0 0.700381 0.572503 0.103434 0.728727
0 0.171523 0.610396 0.105521 0.745079
0 0.381879 0.602142 0.104617 0.722911
0 0.275976 0.60959 0.105433 0.725705
0 0.807275 0.575449 0.104751 0.704679
0 0.486382 0.598194 0.104268 0.718815
0 0.917435 0.562405 0.106628 0.714056
0 0.068364 0.633009 0.112138 0.725337
0 0.595088 0.585029 0.106775 0.736085
0 0.700381 0.572503 0.103434 0.728727
0 0.986954 0.542404 0.0260919 0.738503
0 0.171523 0.610396 0.105521 0.745079
0 0.381879 0.602142 0.104617 0.722911
0 0.275976 0.60959 0.105433 0.725705
0 0.807275 0.575449 0.104751 0.704679
0 0.486382 0.598194 0.104268 0.718815
0 0.917435 0.562405 0.106628 0.714056
0 0.068364 0.633009 0.112138 0.725337
0 0.595088 0.585029 0.106775 0.736085
0 0.700381 0.572503 0.103434 0.728727
