0 0.516989 0.348209 0.38031 0.384847
0 0.52762 0.718699 0.393678 0.369035
0 0.174821 0.377163 0.34637 0.430028
0 0.172706 0.762366 0.345412 0.39162
0 0.864122 0.0711281 0.0870476 0.142256
0 0.382596 0.0638222 0.078835 0.127644
0 0.692901 0.061347 0.0777289 0.122694
0 0.773258 0.0641045 0.0862246 0.128209
0 0.516989 0.348209 0.38031 0.384847
0 0.52762 0.718699 0.393678 0.369035
0 0.174821 0.377163 0.34637 0.430028
0 0.172706 0.762366 0.345412 0.39162
0 0.864122 0.0711281 0.0870476 0.142256
0 0.382596 0.0638222 0.078835 0.127644
0 0.692901 0.061347 0.0777289 0.122694
0 0.773258 0.0641045 0.0862246 0.128209
0 0.516989 0.348209 0.38031 0.384847
0 0.52762 0.718699 0.393678 0.369035
0 0.174821 0.377163 0.34637 0.430028
0 0.172706 0.762366 0.345412 0.39162
0 0.864122 0.0711281 0.0870476 0.142256
0 0.382596 0.0638222 0.078835 0.127644
0 0.692901 0.061347 0.0777289 0.122694
0 0.773258 0.0641045 0.0862246 0.128209
0 0.51881 0.34014 0.39475 0.388141
0 0.541682 0.705725 0.405578 0.364304
0 0.174511 0.753213 0.349022 0.384962
0 0.836427 0.337222 0.304546 0.402205
0 0.51881 0.34014 0.39475 0.388141
0 0.541682 0.705725 0.405578 0.364304
0 0.174511 0.753213 0.349022 0.384962
0 0.836427 0.337222 0.304546 0.402205
0 0.51881 0.34014 0.39475 0.388141
0 0.541682 0.705725 0.405578 0.364304
0 0.174511 0.753213 0.349022 0.384962
0 0.836427 0.337222 0.304546 0.402205
0 0.51881 0.34014 0.39475 0.388141
0 0.541682 0.705725 0.405578 0.364304
0 0.174511 0.753213 0.349022 0.384962
0 0.836427 0.337222 0.304546 0.402205
