0 0.615281 0.673698 0.282163 0.556074
0 0.332198 0.66868 0.318419 0.61105
0 0.615281 0.673698 0.282163 0.556074
0 0.332198 0.66868 0.318419 0.61105
0 0.615281 0.673698 0.282163 0.556074
0 0.332198 0.66868 0.318419 0.61105
0 0.333372 0.671925 0.302119 0.594167
0 0.614232 0.663451 0.26551 0.516634
0 0.333372 0.671925 0.302119 0.594167
0 0.614232 0.663451 0.26551 0.516634
0 0.870745 0.896491 0.258511 0.207018
0 0.860482 0.890898 0.279037 0.218204
0 0.333372 0.671925 0.302119 0.594167
0 0.614232 0.663451 0.26551 0.516634
