0 0.514672 0.675937 0.144224 0.582548
0 0.112362 0.661656 0.148729 0.644522
0 0.2532 0.664595 0.136116 0.597913
0 0.379587 0.681495 0.134111 0.587794
0 0.912401 0.682387 0.158675 0.587408
0 0.911353 0.680867 0.155676 0.586204
0 0.714645 0.700399 0.254874 0.577148
0 0.514672 0.675937 0.144224 0.582548
0 0.112362 0.661656 0.148729 0.644522
0 0.2532 0.664595 0.136116 0.597913
0 0.379587 0.681495 0.134111 0.587794
0 0.912401 0.682387 0.158675 0.587408
0 0.911353 0.680867 0.155676 0.586204
0 0.714645 0.700399 0.254874 0.577148
0 0.514672 0.675937 0.144224 0.582548
0 0.112362 0.661656 0.148729 0.644522
0 0.2532 0.664595 0.136116 0.597913
0 0.379587 0.681495 0.134111 0.587794
0 0.912401 0.682387 0.158675 0.587408
0 0.911353 0.680867 0.155676 0.586204
0 0.714645 0.700399 0.254874 0.577148
0 0.381357 0.668904 0.133612 0.571788
0 0.252507 0.656876 0.132061 0.583051
0 0.513766 0.664822 0.137047 0.559137
0 0.114882 0.650444 0.144544 0.607655
0 0.771248 0.685326 0.137835 0.565604
0 0.640259 0.678081 0.121974 0.562975
0 0.910346 0.68337 0.142018 0.579819
0 0.987841 0.695542 0.0241999 0.575549
0 0.987426 0.691489 0.0251382 0.578786
0 0.381357 0.668904 0.133612 0.571788
0 0.252507 0.656876 0.132061 0.583051
0 0.513766 0.664822 0.137047 0.559137
0 0.114882 0.650444 0.144544 0.607655
0 0.771248 0.685326 0.137835 0.565604
0 0.640259 0.678081 0.121974 0.562975
0 0.910346 0.68337 0.142018 0.579819
0 0.987841 0.695542 0.0241999 0.575549
0 0.987426 0.691489 0.0251382 0.578786
0 0.381357 0.668904 0.133612 0.571788
0 0.252507 0.656876 0.132061 0.583051
0 0.513766 0.664822 0.137047 0.559137
0 0.114882 0.650444 0.144544 0.607655
0 0.771248 0.685326 0.137835 0.565604
0 0.640259 0.678081 0.121974 0.562975
0 0.910346 0.68337 0.142018 0.579819
0 0.987841 0.695542 0.0241999 0.575549
0 0.987426 0.691489 0.0251382 0.578786
0 0.381357 0.668904 0.133612 0.571788
0 0.252507 0.656876 0.132061 0.583051
0 0.513766 0.664822 0.137047 0.559137
0 0.114882 0.650444 0.144544 0.607655
0 0.771248 0.685326 0.137835 0.565604
0 0.640259 0.678081 0.121974 0.562975
0 0.910346 0.68337 0.142018 0.579819
0 0.987841 0.695542 0.0241999 0.575549
0 0.987426 0.691489 0.0251382 0.578786
