0 0.429524 0.536432 0.077723 0.509525
0 0.209921 0.48743 0.101188 0.635757
0 0.0298082 0.255303 0.0595614 0.487731
0 0.756185 0.145053 0.199981 0.207067
0 0.0814273 0.252308 0.0819504 0.484476
0 0.35929 0.571311 0.0888469 0.557986
0 0.495322 0.480553 0.0623843 0.321365
0 0.281087 0.502665 0.0900825 0.615417
0 0.280997 0.514197 0.0893032 0.608751
0 0.567221 0.492623 0.076984 0.312333
0 0.628783 0.499796 0.054323 0.283923
0 0.429524 0.536432 0.077723 0.509525
0 0.209921 0.48743 0.101188 0.635757
0 0.0298082 0.255303 0.0595614 0.487731
0 0.756185 0.145053 0.199981 0.207067
0 0.0814273 0.252308 0.0819504 0.484476
0 0.35929 0.571311 0.0888469 0.557986
0 0.495322 0.480553 0.0623843 0.321365
0 0.281087 0.502665 0.0900825 0.615417
0 0.280997 0.514197 0.0893032 0.608751
0 0.567221 0.492623 0.076984 0.312333
0 0.628783 0.499796 0.054323 0.283923
0 0.429524 0.536432 0.077723 0.509525
0 0.209921 0.48743 0.101188 0.635757
0 0.0298082 0.255303 0.0595614 0.487731
0 0.756185 0.145053 0.199981 0.207067
0 0.0814273 0.252308 0.0819504 0.484476
0 0.35929 0.571311 0.0888469 0.557986
0 0.495322 0.480553 0.0623843 0.321365
0 0.281087 0.502665 0.0900825 0.615417
0 0.280997 0.514197 0.0893032 0.608751
0 0.567221 0.492623 0.076984 0.312333
0 0.628783 0.499796 0.054323 0.283923
0 0.429386 0.538744 0.0805473 0.487134
0 0.358642 0.580625 0.0849623 0.497677
0 0.21083 0.488438 0.0956553 0.640317
0 0.755508 0.539455 0.18953 0.262614
0 0.281903 0.521789 0.088397 0.588347
0 0.931893 0.757435 0.134701 0.247826
0 0.0305641 0.25865 0.0603844 0.496701
0 0.922688 0.436762 0.154623 0.566164
0 0.0706647 0.25822 0.141329 0.516175
0 0.927984 0.312656 0.144032 0.319566
0 0.758622 0.347244 0.188967 0.223521
0 0.429386 0.538744 0.0805473 0.487134
0 0.358642 0.580625 0.0849623 0.497677
0 0.21083 0.488438 0.0956553 0.640317
0 0.755508 0.539455 0.18953 0.262614
0 0.281903 0.521789 0.088397 0.588347
0 0.931893 0.757435 0.134701 0.247826
0 0.0305641 0.25865 0.0603844 0.496701
0 0.922688 0.436762 0.154623 0.566164
0 0.0706647 0.25822 0.141329 0.516175
0 0.927984 0.312656 0.144032 0.319566
0 0.758622 0.347244 0.188967 0.223521
0 0.564028 0.464473 0.0789863 0.381369
0 0.0504932 0.619095 0.0999428 0.29547
0 0.925347 0.508587 0.147249 0.353285
0 0.0841607 0.247195 0.100257 0.49439
0 0.924841 0.539562 0.148154 0.279105
0 0.429386 0.538744 0.0805473 0.487134
0 0.358642 0.580625 0.0849623 0.497677
0 0.21083 0.488438 0.0956553 0.640317
0 0.755508 0.539455 0.18953 0.262614
0 0.281903 0.521789 0.088397 0.588347
0 0.931893 0.757435 0.134701 0.247826
0 0.0305641 0.25865 0.0603844 0.496701
0 0.922688 0.436762 0.154623 0.566164
0 0.0706647 0.25822 0.141329 0.516175
0 0.927984 0.312656 0.144032 0.319566
0 0.758622 0.347244 0.188967 0.223521
0 0.429386 0.538744 0.0805473 0.487134
0 0.358642 0.580625 0.0849623 0.497677
0 0.21083 0.488438 0.0956553 0.640317
0 0.755508 0.539455 0.18953 0.262614
0 0.281903 0.521789 0.088397 0.588347
0 0.931893 0.757435 0.134701 0.247826
0 0.0305641 0.25865 0.0603844 0.496701
0 0.922688 0.436762 0.154623 0.566164
0 0.0706647 0.25822 0.141329 0.516175
0 0.927984 0.312656 0.144032 0.319566
0 0.758622 0.347244 0.188967 0.223521
