0 0.405808 0.662671 0.155483 0.591963
0 0.251249 0.266672 0.158654 0.367218
0 0.560383 0.785436 0.159652 0.393393
0 0.563412 0.395852 0.160196 0.40507
0 0.253653 0.798455 0.153323 0.31619
0 0.258412 0.550879 0.14054 0.21462
0 0.0869471 0.410737 0.166788 0.404919
0 0.722531 0.694454 0.164719 0.505892
0 0.0901259 0.773268 0.138735 0.351314
0 0.721002 0.663826 0.170312 0.444946
0 0.425152 0.0930261 0.125868 0.186052
0 0.405808 0.662671 0.155483 0.591963
0 0.251249 0.266672 0.158654 0.367218
0 0.560383 0.785436 0.159652 0.393393
0 0.563412 0.395852 0.160196 0.40507
0 0.253653 0.798455 0.153323 0.31619
0 0.258412 0.550879 0.14054 0.21462
0 0.0869471 0.410737 0.166788 0.404919
0 0.722531 0.694454 0.164719 0.505892
0 0.0901259 0.773268 0.138735 0.351314
0 0.721002 0.663826 0.170312 0.444946
0 0.425152 0.0930261 0.125868 0.186052
0 0.405808 0.662671 0.155483 0.591963
0 0.251249 0.266672 0.158654 0.367218
0 0.560383 0.785436 0.159652 0.393393
0 0.563412 0.395852 0.160196 0.40507
0 0.253653 0.798455 0.153323 0.31619
0 0.258412 0.550879 0.14054 0.21462
0 0.0869471 0.410737 0.166788 0.404919
0 0.722531 0.694454 0.164719 0.505892
0 0.0901259 0.773268 0.138735 0.351314
0 0.721002 0.663826 0.170312 0.444946
0 0.425152 0.0930261 0.125868 0.186052
0 0.40593 0.670478 0.151624 0.582143
0 0.560417 0.780665 0.158463 0.394449
0 0.0926706 0.774869 0.137532 0.340518
0 0.567731 0.128242 0.142425 0.165091
0 0.252983 0.270471 0.157254 0.353867
0 0.25751 0.551045 0.133876 0.205871
0 0.723065 0.655429 0.163031 0.426068
0 0.253036 0.798952 0.150801 0.31907
0 0.42082 0.263431 0.121391 0.217276
0 0.715366 0.384958 0.142548 0.159842
0 0.565245 0.461072 0.154738 0.279312
0 0.899431 0.479407 0.181429 0.401211
0 0.423811 0.09613 0.125519 0.19226
0 0.088247 0.473766 0.15287 0.255855
0 0.56558 0.404223 0.154598 0.400528
0 0.0106054 0.773237 0.0212107 0.365513
0 0.40593 0.670478 0.151624 0.582143
0 0.560417 0.780665 0.158463 0.394449
0 0.0926706 0.774869 0.137532 0.340518
0 0.567731 0.128242 0.142425 0.165091
0 0.252983 0.270471 0.157254 0.353867
0 0.25751 0.551045 0.133876 0.205871
0 0.723065 0.655429 0.163031 0.426068
0 0.253036 0.798952 0.150801 0.31907
0 0.42082 0.263431 0.121391 0.217276
0 0.715366 0.384958 0.142548 0.159842
0 0.565245 0.461072 0.154738 0.279312
0 0.899431 0.479407 0.181429 0.401211
0 0.423811 0.09613 0.125519 0.19226
0 0.088247 0.473766 0.15287 0.255855
0 0.56558 0.404223 0.154598 0.400528
0 0.0106054 0.773237 0.0212107 0.365513
0 0.0881489 0.414504 0.158072 0.377379
0 0.724007 0.654788 0.166009 0.434115
0 0.944776 0.123569 0.110439 0.247138
0 0.422147 0.262529 0.124338 0.224039
0 0.944007 0.120055 0.110891 0.240111
0 0.40593 0.670478 0.151624 0.582143
0 0.560417 0.780665 0.158463 0.394449
0 0.0926706 0.774869 0.137532 0.340518
0 0.567731 0.128242 0.142425 0.165091
0 0.252983 0.270471 0.157254 0.353867
0 0.25751 0.551045 0.133876 0.205871
0 0.723065 0.655429 0.163031 0.426068
0 0.253036 0.798952 0.150801 0.31907
0 0.42082 0.263431 0.121391 0.217276
0 0.715366 0.384958 0.142548 0.159842
0 0.565245 0.461072 0.154738 0.279312
0 0.899431 0.479407 0.181429 0.401211
0 0.423811 0.09613 0.125519 0.19226
0 0.088247 0.473766 0.15287 0.255855
0 0.56558 0.404223 0.154598 0.400528
0 0.0106054 0.773237 0.0212107 0.365513
0 0.40593 0.670478 0.151624 0.582143
0 0.560417 0.780665 0.158463 0.394449
0 0.0926706 0.774869 0.137532 0.340518
0 0.567731 0.128242 0.142425 0.165091
0 0.252983 0.270471 0.157254 0.353867
0 0.25751 0.551045 0.133876 0.205871
0 0.723065 0.655429 0.163031 0.426068
0 0.253036 0.798952 0.150801 0.31907
0 0.42082 0.263431 0.121391 0.217276
0 0.715366 0.384958 0.142548 0.159842
0 0.565245 0.461072 0.154738 0.279312
0 0.899431 0.479407 0.181429 0.401211
0 0.423811 0.09613 0.125519 0.19226
0 0.088247 0.473766 0.15287 0.255855
0 0.56558 0.404223 0.154598 0.400528
0 0.0106054 0.773237 0.0212107 0.365513
