0 0.746583 0.563261 0.0932382 0.860506
0 0.482173 0.574248 0.0852817 0.798505
0 0.56672 0.590251 0.0878376 0.757986
0 0.925171 0.535116 0.0942928 0.920472
0 0.655184 0.559937 0.0907158 0.870491
0 0.837231 0.535614 0.0951824 0.926014
0 0.244615 0.386259 0.0976729 0.681656
0 0.983756 0.548124 0.0324873 0.859839
0 0.151891 0.50116 0.118908 0.942532
0 0.0109095 0.566756 0.0217548 0.830124
0 0.0580063 0.516906 0.093082 0.879672
0 0.983545 0.534891 0.0329098 0.855419
0 0.746583 0.563261 0.0932382 0.860506
0 0.482173 0.574248 0.0852817 0.798505
0 0.56672 0.590251 0.0878376 0.757986
0 0.925171 0.535116 0.0942928 0.920472
0 0.655184 0.559937 0.0907158 0.870491
0 0.837231 0.535614 0.0951824 0.926014
0 0.244615 0.386259 0.0976729 0.681656
0 0.983756 0.548124 0.0324873 0.859839
0 0.151891 0.50116 0.118908 0.942532
0 0.0109095 0.566756 0.0217548 0.830124
0 0.0580063 0.516906 0.093082 0.879672
0 0.983545 0.534891 0.0329098 0.855419
0 0.746583 0.563261 0.0932382 0.860506
0 0.482173 0.574248 0.0852817 0.798505
0 0.56672 0.590251 0.0878376 0.757986
0 0.925171 0.535116 0.0942928 0.920472
0 0.655184 0.559937 0.0907158 0.870491
0 0.837231 0.535614 0.0951824 0.926014
0 0.244615 0.386259 0.0976729 0.681656
0 0.983756 0.548124 0.0324873 0.859839
0 0.151891 0.50116 0.118908 0.942532
0 0.0109095 0.566756 0.0217548 0.830124
0 0.0580063 0.516906 0.093082 0.879672
0 0.983545 0.534891 0.0329098 0.855419
0 0.839026 0.532168 0.0968389 0.908659
0 0.656853 0.555066 0.0923816 0.868605
0 0.567184 0.597302 0.0885445 0.749242
0 0.0587104 0.508004 0.0961494 0.92309
0 0.926932 0.535355 0.0953833 0.899283
0 0.482839 0.597685 0.085979 0.743326
0 0.747269 0.560461 0.0929413 0.857868
0 0.248432 0.388767 0.0997168 0.688272
0 0.984106 0.52312 0.0317885 0.84106
0 0.0123974 0.533705 0.0247948 0.89313
0 0.149073 0.497028 0.118065 0.935447
0 0.839026 0.532168 0.0968389 0.908659
0 0.656853 0.555066 0.0923816 0.868605
0 0.567184 0.597302 0.0885445 0.749242
0 0.0587104 0.508004 0.0961494 0.92309
0 0.926932 0.535355 0.0953833 0.899283
0 0.482839 0.597685 0.085979 0.743326
0 0.747269 0.560461 0.0929413 0.857868
0 0.248432 0.388767 0.0997168 0.688272
0 0.984106 0.52312 0.0317885 0.84106
0 0.0123974 0.533705 0.0247948 0.89313
0 0.149073 0.497028 0.118065 0.935447
0 0.839026 0.532168 0.0968389 0.908659
0 0.656853 0.555066 0.0923816 0.868605
0 0.567184 0.597302 0.0885445 0.749242
0 0.0587104 0.508004 0.0961494 0.92309
0 0.926932 0.535355 0.0953833 0.899283
0 0.482839 0.597685 0.085979 0.743326
0 0.747269 0.560461 0.0929413 0.857868
0 0.248432 0.388767 0.0997168 0.688272
0 0.984106 0.52312 0.0317885 0.84106
0 0.0123974 0.533705 0.0247948 0.89313
0 0.149073 0.497028 0.118065 0.935447
0 0.839026 0.532168 0.0968389 0.908659
0 0.656853 0.555066 0.0923816 0.868605
0 0.567184 0.597302 0.0885445 0.749242
0 0.0587104 0.508004 0.0961494 0.92309
0 0.926932 0.535355 0.0953833 0.899283
0 0.482839 0.597685 0.085979 0.743326
0 0.747269 0.560461 0.0929413 0.857868
0 0.248432 0.388767 0.0997168 0.688272
0 0.984106 0.52312 0.0317885 0.84106
0 0.0123974 0.533705 0.0247948 0.89313
0 0.149073 0.497028 0.118065 0.935447
