0 0.854291 0.577785 0.147398 0.823842
0 0.68257 0.57471 0.194106 0.822244
0 0.430536 0.558006 0.158174 0.856937
0 0.274816 0.555497 0.160001 0.862492
0 0.0432332 0.538692 0.0864664 0.880307
0 0.967342 0.568057 0.0653164 0.822369
0 0.541309 0.531204 0.0923628 0.714984
0 0.143402 0.546111 0.132725 0.829789
0 0.967231 0.578613 0.065381 0.823475
0 0.854291 0.577785 0.147398 0.823842
0 0.68257 0.57471 0.194106 0.822244
0 0.430536 0.558006 0.158174 0.856937
0 0.274816 0.555497 0.160001 0.862492
0 0.0432332 0.538692 0.0864664 0.880307
0 0.967342 0.568057 0.0653164 0.822369
0 0.541309 0.531204 0.0923628 0.714984
0 0.143402 0.546111 0.132725 0.829789
0 0.967231 0.578613 0.065381 0.823475
0 0.854291 0.577785 0.147398 0.823842
0 0.68257 0.57471 0.194106 0.822244
0 0.430536 0.558006 0.158174 0.856937
0 0.274816 0.555497 0.160001 0.862492
0 0.0432332 0.538692 0.0864664 0.880307
0 0.967342 0.568057 0.0653164 0.822369
0 0.541309 0.531204 0.0923628 0.714984
0 0.143402 0.546111 0.132725 0.829789
0 0.967231 0.578613 0.065381 0.823475
0 0.852832 0.57551 0.1445 0.820871
0 0.276253 0.575076 0.160672 0.795581
0 0.430593 0.562288 0.149366 0.828845
0 0.141688 0.557422 0.130995 0.808408
0 0.538287 0.516071 0.0939214 0.80827
0 0.0435529 0.549858 0.0871057 0.809334
0 0.712042 0.584087 0.13739 0.815992
0 0.973204 0.572239 0.0535915 0.784178
0 0.700034 0.584636 0.163226 0.822231
0 0.852832 0.57551 0.1445 0.820871
0 0.276253 0.575076 0.160672 0.795581
0 0.430593 0.562288 0.149366 0.828845
0 0.141688 0.557422 0.130995 0.808408
0 0.538287 0.516071 0.0939214 0.80827
0 0.0435529 0.549858 0.0871057 0.809334
0 0.712042 0.584087 0.13739 0.815992
0 0.973204 0.572239 0.0535915 0.784178
0 0.700034 0.584636 0.163226 0.822231
0 0.539451 0.531623 0.0967588 0.819031
0 0.852832 0.57551 0.1445 0.820871
0 0.276253 0.575076 0.160672 0.795581
0 0.430593 0.562288 0.149366 0.828845
0 0.141688 0.557422 0.130995 0.808408
0 0.538287 0.516071 0.0939214 0.80827
0 0.0435529 0.549858 0.0871057 0.809334
0 0.712042 0.584087 0.13739 0.815992
0 0.973204 0.572239 0.0535915 0.784178
0 0.700034 0.584636 0.163226 0.822231
0 0.852832 0.57551 0.1445 0.820871
0 0.276253 0.575076 0.160672 0.795581
0 0.430593 0.562288 0.149366 0.828845
0 0.141688 0.557422 0.130995 0.808408
0 0.538287 0.516071 0.0939214 0.80827
0 0.0435529 0.549858 0.0871057 0.809334
0 0.712042 0.584087 0.13739 0.815992
0 0.973204 0.572239 0.0535915 0.784178
0 0.700034 0.584636 0.163226 0.822231
