0 0.85056 0.69307 0.295332 0.598893
0 0.465307 0.708913 0.437759 0.582174
0 0.85056 0.69307 0.295332 0.598893
0 0.465307 0.708913 0.437759 0.582174
0 0.85056 0.69307 0.295332 0.598893
0 0.465307 0.708913 0.437759 0.582174
0 0.140663 0.556441 0.277624 0.742627
0 0.496947 0.697535 0.475419 0.543136
0 0.474297 0.584357 0.518117 0.791226
0 0.140663 0.556441 0.277624 0.742627
0 0.496947 0.697535 0.475419 0.543136
0 0.474297 0.584357 0.518117 0.791226
0 0.864526 0.722909 0.270824 0.547453
0 0.862043 0.589459 0.275829 0.821083
0 0.140663 0.556441 0.277624 0.742627
0 0.496947 0.697535 0.475419 0.543136
0 0.474297 0.584357 0.518117 0.791226
