0 0.89043 0.605939 0.215056 0.574472
0 0.384619 0.69986 0.179444 0.497133
0 0.156954 0.716895 0.313908 0.564555
0 0.547883 0.683781 0.161163 0.48015
0 0.714523 0.640325 0.157634 0.679292
0 0.89043 0.605939 0.215056 0.574472
0 0.384619 0.69986 0.179444 0.497133
0 0.156954 0.716895 0.313908 0.564555
0 0.547883 0.683781 0.161163 0.48015
0 0.714523 0.640325 0.157634 0.679292
0 0.89043 0.605939 0.215056 0.574472
0 0.384619 0.69986 0.179444 0.497133
0 0.156954 0.716895 0.313908 0.564555
0 0.547883 0.683781 0.161163 0.48015
0 0.714523 0.640325 0.157634 0.679292
0 0.385092 0.682002 0.167785 0.472628
0 0.21629 0.68564 0.16515 0.455264
0 0.876853 0.633289 0.244948 0.601816
0 0.548998 0.663792 0.162512 0.47242
0 0.0733615 0.736666 0.143569 0.512802
0 0.695232 0.631504 0.109042 0.628867
0 0.385092 0.682002 0.167785 0.472628
0 0.21629 0.68564 0.16515 0.455264
0 0.876853 0.633289 0.244948 0.601816
0 0.548998 0.663792 0.162512 0.47242
0 0.0733615 0.736666 0.143569 0.512802
0 0.695232 0.631504 0.109042 0.628867
0 0.0713362 0.740411 0.1403 0.511616
0 0.385092 0.682002 0.167785 0.472628
0 0.21629 0.68564 0.16515 0.455264
0 0.876853 0.633289 0.244948 0.601816
0 0.548998 0.663792 0.162512 0.47242
0 0.0733615 0.736666 0.143569 0.512802
0 0.695232 0.631504 0.109042 0.628867
0 0.385092 0.682002 0.167785 0.472628
0 0.21629 0.68564 0.16515 0.455264
0 0.876853 0.633289 0.244948 0.601816
0 0.548998 0.663792 0.162512 0.47242
0 0.0733615 0.736666 0.143569 0.512802
0 0.695232 0.631504 0.109042 0.628867
