0 0.709587 0.468486 0.184447 0.873509
0 0.12663 0.437362 0.224085 0.874725
0 0.511831 0.472895 0.179405 0.883658
0 0.895391 0.458666 0.196921 0.872181
0 0.0104339 0.435739 0.0207284 0.850568
0 0.709587 0.468486 0.184447 0.873509
0 0.12663 0.437362 0.224085 0.874725
0 0.511831 0.472895 0.179405 0.883658
0 0.895391 0.458666 0.196921 0.872181
0 0.0104339 0.435739 0.0207284 0.850568
0 0.709587 0.468486 0.184447 0.873509
0 0.12663 0.437362 0.224085 0.874725
0 0.511831 0.472895 0.179405 0.883658
0 0.895391 0.458666 0.196921 0.872181
0 0.0104339 0.435739 0.0207284 0.850568
0 0.897324 0.458403 0.199983 0.871121
0 0.12878 0.443798 0.226217 0.887596
0 0.709121 0.47072 0.190216 0.890835
0 0.710048 0.470457 0.190224 0.896527
0 0.515058 0.466977 0.182332 0.875117
0 0.0131732 0.430029 0.0261144 0.860059
0 0.897324 0.458403 0.199983 0.871121
0 0.12878 0.443798 0.226217 0.887596
0 0.709121 0.47072 0.190216 0.890835
0 0.710048 0.470457 0.190224 0.896527
0 0.515058 0.466977 0.182332 0.875117
0 0.0131732 0.430029 0.0261144 0.860059
0 0.897324 0.458403 0.199983 0.871121
0 0.12878 0.443798 0.226217 0.887596
0 0.709121 0.47072 0.190216 0.890835
0 0.710048 0.470457 0.190224 0.896527
0 0.515058 0.466977 0.182332 0.875117
0 0.0131732 0.430029 0.0261144 0.860059
