0 0.772436 0.684814 0.275747 0.549472
0 0.211315 0.49038 0.245605 0.625746
0 0.479677 0.495964 0.239718 0.722163
0 0.772436 0.684814 0.275747 0.549472
0 0.211315 0.49038 0.245605 0.625746
0 0.479677 0.495964 0.239718 0.722163
0 0.772436 0.684814 0.275747 0.549472
0 0.211315 0.49038 0.245605 0.625746
0 0.479677 0.495964 0.239718 0.722163
0 0.185207 0.487306 0.274265 0.638085
0 0.480936 0.570382 0.212569 0.562633
0 0.765431 0.687817 0.241503 0.567562
0 0.185207 0.487306 0.274265 0.638085
0 0.480936 0.570382 0.212569 0.562633
0 0.765431 0.687817 0.241503 0.567562
0 0.185207 0.487306 0.274265 0.638085
0 0.480936 0.570382 0.212569 0.562633
0 0.765431 0.687817 0.241503 0.567562
