0 0.473383 0.693016 0.203537 0.237775
0 0.8475 0.683807 0.127902 0.253765
0 0.297668 0.533678 0.167919 0.54768
0 0.617486 0.476392 0.235353 0.260482
0 0.685832 0.6708 0.231066 0.28474
0 0.154472 0.398945 0.186082 0.79789
0 0.304 0.409762 0.18327 0.819523
0 0.965946 0.60501 0.0681072 0.43269
0 0.156334 0.395012 0.190722 0.786904
0 0.473383 0.693016 0.203537 0.237775
0 0.8475 0.683807 0.127902 0.253765
0 0.297668 0.533678 0.167919 0.54768
0 0.617486 0.476392 0.235353 0.260482
0 0.685832 0.6708 0.231066 0.28474
0 0.154472 0.398945 0.186082 0.79789
0 0.304 0.409762 0.18327 0.819523
0 0.965946 0.60501 0.0681072 0.43269
0 0.156334 0.395012 0.190722 0.786904
0 0.473383 0.693016 0.203537 0.237775
0 0.8475 0.683807 0.127902 0.253765
0 0.297668 0.533678 0.167919 0.54768
0 0.617486 0.476392 0.235353 0.260482
0 0.685832 0.6708 0.231066 0.28474
0 0.154472 0.398945 0.186082 0.79789
0 0.304 0.409762 0.18327 0.819523
0 0.965946 0.60501 0.0681072 0.43269
0 0.156334 0.395012 0.190722 0.786904
0 0.472719 0.693842 0.201802 0.225234
0 0.157911 0.409264 0.175533 0.774646
0 0.969466 0.604895 0.0610674 0.410159
0 0.30123 0.488757 0.160306 0.624228
0 0.847307 0.679591 0.126216 0.254235
0 0.652525 0.591809 0.283606 0.447443
0 0.677039 0.667847 0.239728 0.288466
0 0.472719 0.693842 0.201802 0.225234
0 0.157911 0.409264 0.175533 0.774646
0 0.969466 0.604895 0.0610674 0.410159
0 0.30123 0.488757 0.160306 0.624228
0 0.847307 0.679591 0.126216 0.254235
0 0.652525 0.591809 0.283606 0.447443
0 0.677039 0.667847 0.239728 0.288466
0 0.836247 0.093223 0.327506 0.186446
0 0.472719 0.693842 0.201802 0.225234
0 0.157911 0.409264 0.175533 0.774646
0 0.969466 0.604895 0.0610674 0.410159
0 0.30123 0.488757 0.160306 0.624228
0 0.847307 0.679591 0.126216 0.254235
0 0.652525 0.591809 0.283606 0.447443
0 0.677039 0.667847 0.239728 0.288466
0 0.472719 0.693842 0.201802 0.225234
0 0.157911 0.409264 0.175533 0.774646
0 0.969466 0.604895 0.0610674 0.410159
0 0.30123 0.488757 0.160306 0.624228
0 0.847307 0.679591 0.126216 0.254235
0 0.652525 0.591809 0.283606 0.447443
0 0.677039 0.667847 0.239728 0.288466
