0 0.228024 0.499497 0.157472 0.997131
0 0.0800641 0.501994 0.158716 0.990505
0 0.375417 0.487969 0.152038 0.975937
0 0.228024 0.499497 0.157472 0.997131
0 0.0800641 0.501994 0.158716 0.990505
0 0.375417 0.487969 0.152038 0.975937
0 0.228024 0.499497 0.157472 0.997131
0 0.0800641 0.501994 0.158716 0.990505
0 0.375417 0.487969 0.152038 0.975937
0 0.266825 0.494679 0.0888026 0.978565
0 0.192286 0.512112 0.0939763 0.956542
0 0.114281 0.50414 0.0961742 0.981207
0 0.0420651 0.579331 0.0833682 0.841339
0 0.339687 0.494091 0.0886783 0.979411
0 0.193613 0.502628 0.0946383 0.987951
0 0.266825 0.494679 0.0888026 0.978565
0 0.192286 0.512112 0.0939763 0.956542
0 0.114281 0.50414 0.0961742 0.981207
0 0.0420651 0.579331 0.0833682 0.841339
0 0.339687 0.494091 0.0886783 0.979411
0 0.193613 0.502628 0.0946383 0.987951
0 0.0823872 0.574431 0.163375 0.851138
0 0.00452865 0.600495 0.00905729 0.793926
