0 0.90904 0.517738 0.179979 0.951063
0 0.111132 0.62522 0.187826 0.737184
0 0.675936 0.524104 0.246682 0.929173
0 0.498498 0.490487 0.159179 0.887862
0 0.0301986 0.52828 0.0600766 0.834125
0 0.90904 0.517738 0.179979 0.951063
0 0.111132 0.62522 0.187826 0.737184
0 0.675936 0.524104 0.246682 0.929173
0 0.498498 0.490487 0.159179 0.887862
0 0.0301986 0.52828 0.0600766 0.834125
0 0.90904 0.517738 0.179979 0.951063
0 0.111132 0.62522 0.187826 0.737184
0 0.675936 0.524104 0.246682 0.929173
0 0.498498 0.490487 0.159179 0.887862
0 0.0301986 0.52828 0.0600766 0.834125
0 0.500538 0.462598 0.141558 0.903077
0 0.115942 0.6803 0.168888 0.589774
0 0.683304 0.517593 0.234657 0.964553
0 0.909549 0.503646 0.174144 0.961092
0 0.0261136 0.537728 0.0522272 0.821701
0 0.503319 0.472358 0.142048 0.893963
0 0.500538 0.462598 0.141558 0.903077
0 0.115942 0.6803 0.168888 0.589774
0 0.683304 0.517593 0.234657 0.964553
0 0.909549 0.503646 0.174144 0.961092
0 0.0261136 0.537728 0.0522272 0.821701
0 0.503319 0.472358 0.142048 0.893963
0 0.266851 0.563203 0.13082 0.831024
0 0.739618 0.522506 0.122386 0.903143
0 0.911215 0.718392 0.163372 0.517519
0 0.397386 0.44091 0.0780458 0.849657
