0 0.814739 0.58013 0.346431 0.795219
0 0.519785 0.505423 0.214317 0.457193
0 0.227472 0.348764 0.265854 0.663404
0 0.814739 0.58013 0.346431 0.795219
0 0.519785 0.505423 0.214317 0.457193
0 0.227472 0.348764 0.265854 0.663404
0 0.814739 0.58013 0.346431 0.795219
0 0.519785 0.505423 0.214317 0.457193
0 0.227472 0.348764 0.265854 0.663404
0 0.480447 0.503341 0.274766 0.461695
0 0.22257 0.407274 0.228758 0.503308
0 0.820969 0.689991 0.344763 0.572578
0 0.480447 0.503341 0.274766 0.461695
0 0.22257 0.407274 0.228758 0.503308
0 0.820969 0.689991 0.344763 0.572578
0 0.480447 0.503341 0.274766 0.461695
0 0.22257 0.407274 0.228758 0.503308
0 0.820969 0.689991 0.344763 0.572578
0 0.480447 0.503341 0.274766 0.461695
0 0.22257 0.407274 0.228758 0.503308
0 0.820969 0.689991 0.344763 0.572578
