0 0.181955 0.7327 0.236755 0.530747
0 0.596801 0.507716 0.294493 0.666076
0 0.849739 0.302905 0.285768 0.521026
0 0.385397 0.596192 0.275188 0.744859
0 0.386344 0.598429 0.270544 0.721822
0 0.181955 0.7327 0.236755 0.530747
0 0.596801 0.507716 0.294493 0.666076
0 0.849739 0.302905 0.285768 0.521026
0 0.385397 0.596192 0.275188 0.744859
0 0.386344 0.598429 0.270544 0.721822
0 0.181955 0.7327 0.236755 0.530747
0 0.596801 0.507716 0.294493 0.666076
0 0.849739 0.302905 0.285768 0.521026
0 0.385397 0.596192 0.275188 0.744859
0 0.386344 0.598429 0.270544 0.721822
0 0.846389 0.291264 0.232394 0.469046
0 0.392233 0.577389 0.226523 0.720134
0 0.175938 0.739035 0.177841 0.521929
0 0.0732481 0.0692707 0.144794 0.138541
0 0.599583 0.495131 0.254953 0.622354
0 0.846389 0.291264 0.232394 0.469046
0 0.392233 0.577389 0.226523 0.720134
0 0.175938 0.739035 0.177841 0.521929
0 0.0732481 0.0692707 0.144794 0.138541
0 0.599583 0.495131 0.254953 0.622354
0 0.197695 0.0464126 0.150318 0.0928252
0 0.265105 0.0419964 0.278671 0.0839929
0 0.846389 0.291264 0.232394 0.469046
0 0.392233 0.577389 0.226523 0.720134
0 0.175938 0.739035 0.177841 0.521929
0 0.0732481 0.0692707 0.144794 0.138541
0 0.599583 0.495131 0.254953 0.622354
