0 0.683783 0.476244 0.60995 0.464787
0 0.222399 0.544235 0.444798 0.785147
0 0.683783 0.476244 0.60995 0.464787
0 0.222399 0.544235 0.444798 0.785147
0 0.683783 0.476244 0.60995 0.464787
0 0.222399 0.544235 0.444798 0.785147
0 0.686879 0.566645 0.601946 0.748692
0 0.219491 0.40132 0.428786 0.629006
0 0.686879 0.566645 0.601946 0.748692
0 0.219491 0.40132 0.428786 0.629006
0 0.686879 0.566645 0.601946 0.748692
0 0.219491 0.40132 0.428786 0.629006
0 0.686879 0.566645 0.601946 0.748692
0 0.219491 0.40132 0.428786 0.629006
