0 0.797939 0.676945 0.224383 0.55765
0 0.569416 0.69582 0.217797 0.53278
0 0.117087 0.701846 0.215453 0.537953
0 0.341464 0.740621 0.207785 0.454287
0 0.797939 0.676945 0.224383 0.55765
0 0.569416 0.69582 0.217797 0.53278
0 0.117087 0.701846 0.215453 0.537953
0 0.341464 0.740621 0.207785 0.454287
0 0.797939 0.676945 0.224383 0.55765
0 0.569416 0.69582 0.217797 0.53278
0 0.117087 0.701846 0.215453 0.537953
0 0.341464 0.740621 0.207785 0.454287
0 0.342094 0.755212 0.195975 0.434604
0 0.570109 0.690769 0.207415 0.551874
0 0.119736 0.758127 0.193085 0.42321
0 0.798426 0.738751 0.202301 0.439955
0 0.799026 0.73921 0.202822 0.440847
0 0.342094 0.755212 0.195975 0.434604
0 0.570109 0.690769 0.207415 0.551874
0 0.119736 0.758127 0.193085 0.42321
0 0.798426 0.738751 0.202301 0.439955
0 0.799026 0.73921 0.202822 0.440847
0 0.119065 0.755549 0.193252 0.429086
0 0.342094 0.755212 0.195975 0.434604
0 0.570109 0.690769 0.207415 0.551874
0 0.119736 0.758127 0.193085 0.42321
0 0.798426 0.738751 0.202301 0.439955
0 0.799026 0.73921 0.202822 0.440847
