0 0.209265 0.518041 0.279395 0.963919
0 0.44363 0.497428 0.281233 0.921762
0 0.689598 0.514746 0.305609 0.970508
0 0.209265 0.518041 0.279395 0.963919
0 0.44363 0.497428 0.281233 0.921762
0 0.689598 0.514746 0.305609 0.970508
0 0.209265 0.518041 0.279395 0.963919
0 0.44363 0.497428 0.281233 0.921762
0 0.689598 0.514746 0.305609 0.970508
0 0.436606 0.513647 0.274698 0.972707
0 0.190491 0.505739 0.282066 0.988522
0 0.675715 0.511241 0.284156 0.977164
0 0.436606 0.513647 0.274698 0.972707
0 0.190491 0.505739 0.282066 0.988522
0 0.675715 0.511241 0.284156 0.977164
0 0.897876 0.518205 0.202118 0.91627
0 0.434925 0.49394 0.269701 0.969564
0 0.0416568 0.795753 0.0833136 0.408494
0 0.436606 0.513647 0.274698 0.972707
0 0.190491 0.505739 0.282066 0.988522
0 0.675715 0.511241 0.284156 0.977164
0 0.436606 0.513647 0.274698 0.972707
0 0.190491 0.505739 0.282066 0.988522
0 0.675715 0.511241 0.284156 0.977164
