0 0.808775 0.618281 0.12757 0.700041
0 0.0679857 0.575029 0.130522 0.643413
0 0.925503 0.616455 0.125575 0.689181
0 0.566065 0.601244 0.130724 0.738015
0 0.689151 0.614999 0.12349 0.71518
0 0.443302 0.603776 0.132543 0.729391
0 0.314094 0.611495 0.129216 0.731337
0 0.191417 0.61129 0.131619 0.707879
0 0.0677458 0.570735 0.12442 0.651844
0 0.808775 0.618281 0.12757 0.700041
0 0.0679857 0.575029 0.130522 0.643413
0 0.925503 0.616455 0.125575 0.689181
0 0.566065 0.601244 0.130724 0.738015
0 0.689151 0.614999 0.12349 0.71518
0 0.443302 0.603776 0.132543 0.729391
0 0.314094 0.611495 0.129216 0.731337
0 0.191417 0.61129 0.131619 0.707879
0 0.0677458 0.570735 0.12442 0.651844
0 0.808775 0.618281 0.12757 0.700041
0 0.0679857 0.575029 0.130522 0.643413
0 0.925503 0.616455 0.125575 0.689181
0 0.566065 0.601244 0.130724 0.738015
0 0.689151 0.614999 0.12349 0.71518
0 0.443302 0.603776 0.132543 0.729391
0 0.314094 0.611495 0.129216 0.731337
0 0.191417 0.61129 0.131619 0.707879
0 0.0677458 0.570735 0.12442 0.651844
0 0.316203 0.611323 0.130273 0.712894
0 0.191583 0.60466 0.13059 0.691976
0 0.442973 0.608824 0.132144 0.710825
0 0.808831 0.621957 0.128926 0.681021
0 0.691566 0.621406 0.127674 0.695455
0 0.0697548 0.568296 0.118413 0.616699
0 0.925208 0.615383 0.126777 0.667462
0 0.56704 0.611096 0.129986 0.701742
0 0.566532 0.609954 0.129957 0.699072
0 0.316203 0.611323 0.130273 0.712894
0 0.191583 0.60466 0.13059 0.691976
0 0.442973 0.608824 0.132144 0.710825
0 0.808831 0.621957 0.128926 0.681021
0 0.691566 0.621406 0.127674 0.695455
0 0.0697548 0.568296 0.118413 0.616699
0 0.925208 0.615383 0.126777 0.667462
0 0.56704 0.611096 0.129986 0.701742
0 0.566532 0.609954 0.129957 0.699072
0 0.924514 0.618753 0.125208 0.667518
0 0.0705463 0.571737 0.123042 0.632677
0 0.316203 0.611323 0.130273 0.712894
0 0.191583 0.60466 0.13059 0.691976
0 0.442973 0.608824 0.132144 0.710825
0 0.808831 0.621957 0.128926 0.681021
0 0.691566 0.621406 0.127674 0.695455
0 0.0697548 0.568296 0.118413 0.616699
0 0.925208 0.615383 0.126777 0.667462
0 0.56704 0.611096 0.129986 0.701742
0 0.566532 0.609954 0.129957 0.699072
