0 0.229068 0.499001 0.118789 0.935639
0 0.719709 0.551336 0.180573 0.84329
0 0.570485 0.554983 0.129451 0.878013
0 0.112302 0.519137 0.133794 0.929692
0 0.448146 0.563718 0.12668 0.871692
0 0.889018 0.538307 0.178273 0.796993
0 0.335431 0.558024 0.110669 0.829539
0 0.229068 0.499001 0.118789 0.935639
0 0.719709 0.551336 0.180573 0.84329
0 0.570485 0.554983 0.129451 0.878013
0 0.112302 0.519137 0.133794 0.929692
0 0.448146 0.563718 0.12668 0.871692
0 0.889018 0.538307 0.178273 0.796993
0 0.335431 0.558024 0.110669 0.829539
0 0.229068 0.499001 0.118789 0.935639
0 0.719709 0.551336 0.180573 0.84329
0 0.570485 0.554983 0.129451 0.878013
0 0.112302 0.519137 0.133794 0.929692
0 0.448146 0.563718 0.12668 0.871692
0 0.889018 0.538307 0.178273 0.796993
0 0.335431 0.558024 0.110669 0.829539
0 0.570318 0.55994 0.123777 0.857983
0 0.718908 0.564894 0.174667 0.82621
0 0.451349 0.566898 0.115817 0.846848
0 0.11347 0.527279 0.121881 0.892862
0 0.342199 0.554644 0.112514 0.85964
0 0.230262 0.512793 0.114263 0.950174
0 0.885985 0.552312 0.165188 0.7634
0 0.113486 0.534619 0.127479 0.910324
0 0.570318 0.55994 0.123777 0.857983
0 0.718908 0.564894 0.174667 0.82621
0 0.451349 0.566898 0.115817 0.846848
0 0.11347 0.527279 0.121881 0.892862
0 0.342199 0.554644 0.112514 0.85964
0 0.230262 0.512793 0.114263 0.950174
0 0.885985 0.552312 0.165188 0.7634
0 0.113486 0.534619 0.127479 0.910324
0 0.989741 0.538524 0.0203803 0.869307
0 0.570318 0.55994 0.123777 0.857983
0 0.718908 0.564894 0.174667 0.82621
0 0.451349 0.566898 0.115817 0.846848
0 0.11347 0.527279 0.121881 0.892862
0 0.342199 0.554644 0.112514 0.85964
0 0.230262 0.512793 0.114263 0.950174
0 0.885985 0.552312 0.165188 0.7634
0 0.113486 0.534619 0.127479 0.910324
