0 0.24952 0.485782 0.49904 0.878302
0 0.7624 0.459736 0.475201 0.919472
0 0.24952 0.485782 0.49904 0.878302
0 0.7624 0.459736 0.475201 0.919472
0 0.24952 0.485782 0.49904 0.878302
0 0.7624 0.459736 0.475201 0.919472
0 0.263766 0.49227 0.514219 0.853189
0 0.776708 0.473693 0.446584 0.916597
0 0.263766 0.49227 0.514219 0.853189
0 0.776708 0.473693 0.446584 0.916597
0 0.263766 0.49227 0.514219 0.853189
0 0.776708 0.473693 0.446584 0.916597
0 0.263766 0.49227 0.514219 0.853189
0 0.776708 0.473693 0.446584 0.916597
