0 0.543642 0.678747 0.0971612 0.590043
0 0.451099 0.63244 0.0988904 0.682764
0 0.74838 0.607867 0.107073 0.761693
0 0.351512 0.612068 0.11075 0.711431
0 0.251951 0.620683 0.104463 0.662142
0 0.842351 0.727955 0.096843 0.515595
0 0.651841 0.505721 0.104589 0.722398
0 0.0653556 0.475207 0.125349 0.950414
0 0.162965 0.475569 0.115174 0.937858
0 0.937617 0.569917 0.110665 0.836208
0 0.543642 0.678747 0.0971612 0.590043
0 0.451099 0.63244 0.0988904 0.682764
0 0.74838 0.607867 0.107073 0.761693
0 0.351512 0.612068 0.11075 0.711431
0 0.251951 0.620683 0.104463 0.662142
0 0.842351 0.727955 0.096843 0.515595
0 0.651841 0.505721 0.104589 0.722398
0 0.0653556 0.475207 0.125349 0.950414
0 0.162965 0.475569 0.115174 0.937858
0 0.937617 0.569917 0.110665 0.836208
0 0.543642 0.678747 0.0971612 0.590043
0 0.451099 0.63244 0.0988904 0.682764
0 0.74838 0.607867 0.107073 0.761693
0 0.351512 0.612068 0.11075 0.711431
0 0.251951 0.620683 0.104463 0.662142
0 0.842351 0.727955 0.096843 0.515595
0 0.651841 0.505721 0.104589 0.722398
0 0.0653556 0.475207 0.125349 0.950414
0 0.162965 0.475569 0.115174 0.937858
0 0.937617 0.569917 0.110665 0.836208
0 0.748707 0.572389 0.107599 0.826969
0 0.251073 0.620012 0.112419 0.666715
0 0.65053 0.540451 0.111445 0.794456
0 0.353273 0.610654 0.109829 0.697999
0 0.452337 0.639245 0.10207 0.656663
0 0.545409 0.616121 0.102825 0.699551
0 0.843267 0.710843 0.100833 0.554369
0 0.939845 0.571549 0.118517 0.856903
0 0.061388 0.474417 0.121894 0.942305
0 0.748707 0.572389 0.107599 0.826969
0 0.251073 0.620012 0.112419 0.666715
0 0.65053 0.540451 0.111445 0.794456
0 0.353273 0.610654 0.109829 0.697999
0 0.452337 0.639245 0.10207 0.656663
0 0.545409 0.616121 0.102825 0.699551
0 0.843267 0.710843 0.100833 0.554369
0 0.939845 0.571549 0.118517 0.856903
0 0.061388 0.474417 0.121894 0.942305
0 0.161065 0.480313 0.104973 0.960175
0 0.0140214 0.490015 0.0278209 0.89791
0 0.0189579 0.464432 0.0379159 0.928864
0 0.166743 0.473753 0.121442 0.945606
0 0.748707 0.572389 0.107599 0.826969
0 0.251073 0.620012 0.112419 0.666715
0 0.65053 0.540451 0.111445 0.794456
0 0.353273 0.610654 0.109829 0.697999
0 0.452337 0.639245 0.10207 0.656663
0 0.545409 0.616121 0.102825 0.699551
0 0.843267 0.710843 0.100833 0.554369
0 0.939845 0.571549 0.118517 0.856903
0 0.061388 0.474417 0.121894 0.942305
