0 0.477163 0.601486 0.0996631 0.716754
0 0.573363 0.592073 0.0983024 0.694054
0 0.197279 0.504242 0.118045 0.902049
0 0.10279 0.501283 0.101904 0.897334
0 0.955606 0.678995 0.088787 0.478677
0 0.368779 0.487818 0.110415 0.894636
0 0.671028 0.570746 0.110159 0.682929
0 0.0310317 0.512597 0.061687 0.909051
0 0.897132 0.679306 0.0420826 0.42207
0 0.800984 0.635286 0.17836 0.527416
0 0.477163 0.601486 0.0996631 0.716754
0 0.573363 0.592073 0.0983024 0.694054
0 0.197279 0.504242 0.118045 0.902049
0 0.10279 0.501283 0.101904 0.897334
0 0.955606 0.678995 0.088787 0.478677
0 0.368779 0.487818 0.110415 0.894636
0 0.671028 0.570746 0.110159 0.682929
0 0.0310317 0.512597 0.061687 0.909051
0 0.897132 0.679306 0.0420826 0.42207
0 0.800984 0.635286 0.17836 0.527416
0 0.477163 0.601486 0.0996631 0.716754
0 0.573363 0.592073 0.0983024 0.694054
0 0.197279 0.504242 0.118045 0.902049
0 0.10279 0.501283 0.101904 0.897334
0 0.955606 0.678995 0.088787 0.478677
0 0.368779 0.487818 0.110415 0.894636
0 0.671028 0.570746 0.110159 0.682929
0 0.0310317 0.512597 0.061687 0.909051
0 0.897132 0.679306 0.0420826 0.42207
0 0.800984 0.635286 0.17836 0.527416
0 0.374694 0.487029 0.118031 0.90599
0 0.478259 0.590556 0.0971767 0.683059
0 0.57502 0.581309 0.0961618 0.669821
0 0.670984 0.56606 0.109501 0.678502
0 0.940646 0.672523 0.118708 0.484426
0 0.0307818 0.511067 0.0609058 0.899039
0 0.103016 0.500361 0.0965164 0.886808
0 0.20473 0.503339 0.133712 0.894721
0 0.800299 0.714762 0.1612 0.365555
0 0.374694 0.487029 0.118031 0.90599
0 0.478259 0.590556 0.0971767 0.683059
0 0.57502 0.581309 0.0961618 0.669821
0 0.670984 0.56606 0.109501 0.678502
0 0.940646 0.672523 0.118708 0.484426
0 0.0307818 0.511067 0.0609058 0.899039
0 0.103016 0.500361 0.0965164 0.886808
0 0.20473 0.503339 0.133712 0.894721
0 0.800299 0.714762 0.1612 0.365555
0 0.207183 0.512191 0.139935 0.899511
0 0.374694 0.487029 0.118031 0.90599
0 0.478259 0.590556 0.0971767 0.683059
0 0.57502 0.581309 0.0961618 0.669821
0 0.670984 0.56606 0.109501 0.678502
0 0.940646 0.672523 0.118708 0.484426
0 0.0307818 0.511067 0.0609058 0.899039
0 0.103016 0.500361 0.0965164 0.886808
0 0.20473 0.503339 0.133712 0.894721
0 0.800299 0.714762 0.1612 0.365555
0 0.374694 0.487029 0.118031 0.90599
0 0.478259 0.590556 0.0971767 0.683059
0 0.57502 0.581309 0.0961618 0.669821
0 0.670984 0.56606 0.109501 0.678502
0 0.940646 0.672523 0.118708 0.484426
0 0.0307818 0.511067 0.0609058 0.899039
0 0.103016 0.500361 0.0965164 0.886808
0 0.20473 0.503339 0.133712 0.894721
0 0.800299 0.714762 0.1612 0.365555
