0 0.774245 0.433003 0.230334 0.490088
0 0.382388 0.451884 0.111136 0.394309
0 0.554485 0.41683 0.228915 0.501405
0 0.152788 0.476012 0.152643 0.328928
0 0.275013 0.442722 0.109641 0.388689
0 0.941648 0.474023 0.115137 0.429603
0 0.774245 0.433003 0.230334 0.490088
0 0.382388 0.451884 0.111136 0.394309
0 0.554485 0.41683 0.228915 0.501405
0 0.152788 0.476012 0.152643 0.328928
0 0.275013 0.442722 0.109641 0.388689
0 0.941648 0.474023 0.115137 0.429603
0 0.774245 0.433003 0.230334 0.490088
0 0.382388 0.451884 0.111136 0.394309
0 0.554485 0.41683 0.228915 0.501405
0 0.152788 0.476012 0.152643 0.328928
0 0.275013 0.442722 0.109641 0.388689
0 0.941648 0.474023 0.115137 0.429603
0 0.774929 0.418261 0.232375 0.526893
0 0.384248 0.45173 0.113888 0.400612
0 0.550999 0.413109 0.229243 0.523156
0 0.275905 0.44555 0.110853 0.384886
0 0.941912 0.455202 0.116176 0.455028
0 0.152025 0.482954 0.149832 0.3133
0 0.774929 0.418261 0.232375 0.526893
0 0.384248 0.45173 0.113888 0.400612
0 0.550999 0.413109 0.229243 0.523156
0 0.275905 0.44555 0.110853 0.384886
0 0.941912 0.455202 0.116176 0.455028
0 0.152025 0.482954 0.149832 0.3133
0 0.152857 0.483894 0.150238 0.315485
0 0.774929 0.418261 0.232375 0.526893
0 0.384248 0.45173 0.113888 0.400612
0 0.550999 0.413109 0.229243 0.523156
0 0.275905 0.44555 0.110853 0.384886
0 0.941912 0.455202 0.116176 0.455028
0 0.152025 0.482954 0.149832 0.3133
0 0.774929 0.418261 0.232375 0.526893
0 0.384248 0.45173 0.113888 0.400612
0 0.550999 0.413109 0.229243 0.523156
0 0.275905 0.44555 0.110853 0.384886
0 0.941912 0.455202 0.116176 0.455028
0 0.152025 0.482954 0.149832 0.3133
