0 0.118002 0.500052 0.227556 0.834879
0 0.477373 0.547863 0.110495 0.740584
0 0.278393 0.548505 0.105937 0.777613
0 0.910609 0.571208 0.134822 0.811116
0 0.796156 0.548529 0.124114 0.841392
0 0.68256 0.574288 0.117685 0.781326
0 0.376621 0.547396 0.108375 0.736928
0 0.578644 0.574554 0.105273 0.77419
0 0.118002 0.500052 0.227556 0.834879
0 0.477373 0.547863 0.110495 0.740584
0 0.278393 0.548505 0.105937 0.777613
0 0.910609 0.571208 0.134822 0.811116
0 0.796156 0.548529 0.124114 0.841392
0 0.68256 0.574288 0.117685 0.781326
0 0.376621 0.547396 0.108375 0.736928
0 0.578644 0.574554 0.105273 0.77419
0 0.118002 0.500052 0.227556 0.834879
0 0.477373 0.547863 0.110495 0.740584
0 0.278393 0.548505 0.105937 0.777613
0 0.910609 0.571208 0.134822 0.811116
0 0.796156 0.548529 0.124114 0.841392
0 0.68256 0.574288 0.117685 0.781326
0 0.376621 0.547396 0.108375 0.736928
0 0.578644 0.574554 0.105273 0.77419
0 0.9106 0.591535 0.125181 0.735305
0 0.379035 0.557473 0.0997996 0.697901
0 0.796419 0.579629 0.112936 0.730521
0 0.479482 0.560165 0.103173 0.715368
0 0.280394 0.550141 0.100438 0.689501
0 0.68526 0.58437 0.109255 0.746514
0 0.581152 0.575342 0.100689 0.73466
0 0.580169 0.57155 0.100892 0.72806
0 0.121311 0.494367 0.210943 0.751264
0 0.9106 0.591535 0.125181 0.735305
0 0.379035 0.557473 0.0997996 0.697901
0 0.796419 0.579629 0.112936 0.730521
0 0.479482 0.560165 0.103173 0.715368
0 0.280394 0.550141 0.100438 0.689501
0 0.68526 0.58437 0.109255 0.746514
0 0.581152 0.575342 0.100689 0.73466
0 0.580169 0.57155 0.100892 0.72806
0 0.121311 0.494367 0.210943 0.751264
0 0.379211 0.557243 0.0993628 0.697934
0 0.9106 0.591535 0.125181 0.735305
0 0.379035 0.557473 0.0997996 0.697901
0 0.796419 0.579629 0.112936 0.730521
0 0.479482 0.560165 0.103173 0.715368
0 0.280394 0.550141 0.100438 0.689501
0 0.68526 0.58437 0.109255 0.746514
0 0.581152 0.575342 0.100689 0.73466
0 0.580169 0.57155 0.100892 0.72806
0 0.121311 0.494367 0.210943 0.751264
0 0.9106 0.591535 0.125181 0.735305
0 0.379035 0.557473 0.0997996 0.697901
0 0.796419 0.579629 0.112936 0.730521
0 0.479482 0.560165 0.103173 0.715368
0 0.280394 0.550141 0.100438 0.689501
0 0.68526 0.58437 0.109255 0.746514
0 0.581152 0.575342 0.100689 0.73466
0 0.580169 0.57155 0.100892 0.72806
0 0.121311 0.494367 0.210943 0.751264
