0 0.35326 0.520977 0.173835 0.655058
0 0.635507 0.446087 0.172106 0.703507
0 0.504243 0.514702 0.152524 0.703514
0 0.209487 0.543246 0.174731 0.674632
0 0.0774273 0.595322 0.154855 0.741929
0 0.943107 0.375645 0.11346 0.728044
0 0.798638 0.4084 0.209337 0.69243
0 0.35326 0.520977 0.173835 0.655058
0 0.635507 0.446087 0.172106 0.703507
0 0.504243 0.514702 0.152524 0.703514
0 0.209487 0.543246 0.174731 0.674632
0 0.0774273 0.595322 0.154855 0.741929
0 0.943107 0.375645 0.11346 0.728044
0 0.798638 0.4084 0.209337 0.69243
0 0.35326 0.520977 0.173835 0.655058
0 0.635507 0.446087 0.172106 0.703507
0 0.504243 0.514702 0.152524 0.703514
0 0.209487 0.543246 0.174731 0.674632
0 0.0774273 0.595322 0.154855 0.741929
0 0.943107 0.375645 0.11346 0.728044
0 0.798638 0.4084 0.209337 0.69243
0 0.641776 0.452766 0.166726 0.667909
0 0.508062 0.514961 0.154852 0.663728
0 0.213793 0.604257 0.177985 0.754946
0 0.078847 0.615974 0.157618 0.742948
0 0.356981 0.576115 0.178108 0.734912
0 0.357355 0.574469 0.176324 0.735946
0 0.826921 0.422506 0.163961 0.654056
0 0.738162 0.42648 0.0902948 0.652356
0 0.943312 0.37147 0.112426 0.669085
0 0.641776 0.452766 0.166726 0.667909
0 0.508062 0.514961 0.154852 0.663728
0 0.213793 0.604257 0.177985 0.754946
0 0.078847 0.615974 0.157618 0.742948
0 0.356981 0.576115 0.178108 0.734912
0 0.357355 0.574469 0.176324 0.735946
0 0.826921 0.422506 0.163961 0.654056
0 0.738162 0.42648 0.0902948 0.652356
0 0.943312 0.37147 0.112426 0.669085
0 0.641776 0.452766 0.166726 0.667909
0 0.508062 0.514961 0.154852 0.663728
0 0.213793 0.604257 0.177985 0.754946
0 0.078847 0.615974 0.157618 0.742948
0 0.356981 0.576115 0.178108 0.734912
0 0.357355 0.574469 0.176324 0.735946
0 0.826921 0.422506 0.163961 0.654056
0 0.738162 0.42648 0.0902948 0.652356
0 0.943312 0.37147 0.112426 0.669085
0 0.641776 0.452766 0.166726 0.667909
0 0.508062 0.514961 0.154852 0.663728
0 0.213793 0.604257 0.177985 0.754946
0 0.078847 0.615974 0.157618 0.742948
0 0.356981 0.576115 0.178108 0.734912
0 0.357355 0.574469 0.176324 0.735946
0 0.826921 0.422506 0.163961 0.654056
0 0.738162 0.42648 0.0902948 0.652356
0 0.943312 0.37147 0.112426 0.669085
