0 0.0747483 0.491866 0.11164 0.743924
0 0.21111 0.386037 0.0856395 0.464432
0 0.439338 0.394814 0.0783364 0.467271
0 0.144154 0.378065 0.0468269 0.45344
0 0.293527 0.391942 0.0865342 0.472452
0 0.897721 0.379759 0.16635 0.510459
0 0.582776 0.507998 0.151662 0.788542
0 0.730314 0.354761 0.161558 0.495033
0 0.732321 0.49522 0.167607 0.795307
0 0.583679 0.527909 0.152557 0.771073
0 0.471424 0.752814 0.0642661 0.225548
0 0.0747483 0.491866 0.11164 0.743924
0 0.21111 0.386037 0.0856395 0.464432
0 0.439338 0.394814 0.0783364 0.467271
0 0.144154 0.378065 0.0468269 0.45344
0 0.293527 0.391942 0.0865342 0.472452
0 0.897721 0.379759 0.16635 0.510459
0 0.582776 0.507998 0.151662 0.788542
0 0.730314 0.354761 0.161558 0.495033
0 0.732321 0.49522 0.167607 0.795307
0 0.583679 0.527909 0.152557 0.771073
0 0.471424 0.752814 0.0642661 0.225548
0 0.0747483 0.491866 0.11164 0.743924
0 0.21111 0.386037 0.0856395 0.464432
0 0.439338 0.394814 0.0783364 0.467271
0 0.144154 0.378065 0.0468269 0.45344
0 0.293527 0.391942 0.0865342 0.472452
0 0.897721 0.379759 0.16635 0.510459
0 0.582776 0.507998 0.151662 0.788542
0 0.730314 0.354761 0.161558 0.495033
0 0.732321 0.49522 0.167607 0.795307
0 0.583679 0.527909 0.152557 0.771073
0 0.471424 0.752814 0.0642661 0.225548
0 0.89855 0.365296 0.162703 0.514809
0 0.0913017 0.511206 0.16077 0.781647
0 0.574786 0.384403 0.144788 0.489883
0 0.731676 0.339643 0.167153 0.484415
0 0.256747 0.507669 0.182184 0.768019
0 0.587287 0.753069 0.13989 0.300886
0 0.0919186 0.510246 0.169349 0.77475
0 0.427099 0.490358 0.156611 0.76912
0 0.58553 0.752786 0.143144 0.304926
0 0.210577 0.375115 0.0875119 0.482356
0 0.743008 0.749139 0.146207 0.320426
0 0.429366 0.488202 0.143106 0.773754
0 0.577312 0.518371 0.155105 0.777532
0 0.89855 0.365296 0.162703 0.514809
0 0.0913017 0.511206 0.16077 0.781647
0 0.574786 0.384403 0.144788 0.489883
0 0.731676 0.339643 0.167153 0.484415
0 0.256747 0.507669 0.182184 0.768019
0 0.587287 0.753069 0.13989 0.300886
0 0.0919186 0.510246 0.169349 0.77475
0 0.427099 0.490358 0.156611 0.76912
0 0.58553 0.752786 0.143144 0.304926
0 0.210577 0.375115 0.0875119 0.482356
0 0.743008 0.749139 0.146207 0.320426
0 0.429366 0.488202 0.143106 0.773754
0 0.577312 0.518371 0.155105 0.777532
0 0.731693 0.341246 0.166514 0.486722
0 0.906994 0.755002 0.150619 0.282975
0 0.89855 0.365296 0.162703 0.514809
0 0.0913017 0.511206 0.16077 0.781647
0 0.574786 0.384403 0.144788 0.489883
0 0.731676 0.339643 0.167153 0.484415
0 0.256747 0.507669 0.182184 0.768019
0 0.587287 0.753069 0.13989 0.300886
0 0.0919186 0.510246 0.169349 0.77475
0 0.427099 0.490358 0.156611 0.76912
0 0.58553 0.752786 0.143144 0.304926
0 0.210577 0.375115 0.0875119 0.482356
0 0.743008 0.749139 0.146207 0.320426
0 0.429366 0.488202 0.143106 0.773754
0 0.577312 0.518371 0.155105 0.777532
