0 0.693106 0.531713 0.187167 0.84274
0 0.100371 0.415702 0.149424 0.743632
0 0.331827 0.489959 0.120582 0.876878
0 0.881357 0.513044 0.179163 0.652627
0 0.549209 0.520836 0.120225 0.87546
0 0.446374 0.516377 0.12262 0.869268
0 0.221365 0.458293 0.119271 0.823527
0 0.220726 0.454274 0.122595 0.814639
0 0.693106 0.531713 0.187167 0.84274
0 0.100371 0.415702 0.149424 0.743632
0 0.331827 0.489959 0.120582 0.876878
0 0.881357 0.513044 0.179163 0.652627
0 0.549209 0.520836 0.120225 0.87546
0 0.446374 0.516377 0.12262 0.869268
0 0.221365 0.458293 0.119271 0.823527
0 0.220726 0.454274 0.122595 0.814639
0 0.693106 0.531713 0.187167 0.84274
0 0.100371 0.415702 0.149424 0.743632
0 0.331827 0.489959 0.120582 0.876878
0 0.881357 0.513044 0.179163 0.652627
0 0.549209 0.520836 0.120225 0.87546
0 0.446374 0.516377 0.12262 0.869268
0 0.221365 0.458293 0.119271 0.823527
0 0.220726 0.454274 0.122595 0.814639
0 0.219043 0.490903 0.115301 0.862249
0 0.551561 0.5219 0.115243 0.84315
0 0.693288 0.530578 0.178653 0.842542
0 0.446012 0.51331 0.114627 0.850321
0 0.333185 0.502172 0.115177 0.868307
0 0.100611 0.418843 0.137604 0.738023
0 0.882754 0.552966 0.171439 0.663718
0 0.219043 0.490903 0.115301 0.862249
0 0.551561 0.5219 0.115243 0.84315
0 0.693288 0.530578 0.178653 0.842542
0 0.446012 0.51331 0.114627 0.850321
0 0.333185 0.502172 0.115177 0.868307
0 0.100611 0.418843 0.137604 0.738023
0 0.882754 0.552966 0.171439 0.663718
0 0.0997988 0.422665 0.136124 0.751152
0 0.219043 0.490903 0.115301 0.862249
0 0.551561 0.5219 0.115243 0.84315
0 0.693288 0.530578 0.178653 0.842542
0 0.446012 0.51331 0.114627 0.850321
0 0.333185 0.502172 0.115177 0.868307
0 0.100611 0.418843 0.137604 0.738023
0 0.882754 0.552966 0.171439 0.663718
