0 0.231308 0.526123 0.0864253 0.891218
0 0.8515 0.771918 0.0798247 0.339418
0 0.40365 0.789915 0.0789445 0.317541
0 0.597764 0.198422 0.0569069 0.298145
0 0.852729 0.188809 0.0592653 0.296378
0 0.408372 0.506185 0.0946174 0.862322
0 0.407405 0.500499 0.0870149 0.877572
0 0.230986 0.799677 0.0824208 0.328809
0 0.319695 0.792137 0.08139 0.323807
0 0.31882 0.508719 0.0883943 0.893931
0 0.0411875 0.404984 0.0820514 0.686077
0 0.320336 0.508563 0.0887469 0.879034
0 0.130635 0.493581 0.0917524 0.856014
0 0.590535 0.778798 0.0816733 0.350535
0 0.231308 0.526123 0.0864253 0.891218
0 0.8515 0.771918 0.0798247 0.339418
0 0.40365 0.789915 0.0789445 0.317541
0 0.597764 0.198422 0.0569069 0.298145
0 0.852729 0.188809 0.0592653 0.296378
0 0.408372 0.506185 0.0946174 0.862322
0 0.407405 0.500499 0.0870149 0.877572
0 0.230986 0.799677 0.0824208 0.328809
0 0.319695 0.792137 0.08139 0.323807
0 0.31882 0.508719 0.0883943 0.893931
0 0.0411875 0.404984 0.0820514 0.686077
0 0.320336 0.508563 0.0887469 0.879034
0 0.130635 0.493581 0.0917524 0.856014
0 0.590535 0.778798 0.0816733 0.350535
0 0.231308 0.526123 0.0864253 0.891218
0 0.8515 0.771918 0.0798247 0.339418
0 0.40365 0.789915 0.0789445 0.317541
0 0.597764 0.198422 0.0569069 0.298145
0 0.852729 0.188809 0.0592653 0.296378
0 0.408372 0.506185 0.0946174 0.862322
0 0.407405 0.500499 0.0870149 0.877572
0 0.230986 0.799677 0.0824208 0.328809
0 0.319695 0.792137 0.08139 0.323807
0 0.31882 0.508719 0.0883943 0.893931
0 0.0411875 0.404984 0.0820514 0.686077
0 0.320336 0.508563 0.0887469 0.879034
0 0.130635 0.493581 0.0917524 0.856014
0 0.590535 0.778798 0.0816733 0.350535
0 0.679575 0.415196 0.0781899 0.741466
0 0.851888 0.492995 0.0858496 0.906076
0 0.405904 0.49146 0.0879052 0.869859
0 0.0406279 0.396234 0.0812557 0.663401
0 0.594608 0.428933 0.0819556 0.752207
0 0.764289 0.767958 0.0871264 0.348723
0 0.941895 0.776378 0.0877028 0.361095
0 0.499999 0.498213 0.0849056 0.911632
0 0.49996 0.775284 0.0844072 0.35089
0 0.131 0.399636 0.0801562 0.653163
0 0.2305 0.515191 0.0826392 0.920774
0 0.589458 0.780062 0.0823115 0.359066
0 0.989413 0.502611 0.0211014 0.925172
0 0.230324 0.803624 0.0827463 0.338707
0 0.679575 0.415196 0.0781899 0.741466
0 0.851888 0.492995 0.0858496 0.906076
0 0.405904 0.49146 0.0879052 0.869859
0 0.0406279 0.396234 0.0812557 0.663401
0 0.594608 0.428933 0.0819556 0.752207
0 0.764289 0.767958 0.0871264 0.348723
0 0.941895 0.776378 0.0877028 0.361095
0 0.499999 0.498213 0.0849056 0.911632
0 0.49996 0.775284 0.0844072 0.35089
0 0.131 0.399636 0.0801562 0.653163
0 0.2305 0.515191 0.0826392 0.920774
0 0.589458 0.780062 0.0823115 0.359066
0 0.989413 0.502611 0.0211014 0.925172
0 0.230324 0.803624 0.0827463 0.338707
0 0.0855541 0.844406 0.145517 0.252549
0 0.946354 0.500848 0.0977623 0.942551
0 0.131751 0.466798 0.0832436 0.805805
0 0.591916 0.770092 0.0829868 0.337551
0 0.992454 0.551365 0.0146958 0.807685
0 0.768745 0.503225 0.102601 0.908495
0 0.318085 0.7954 0.0819107 0.324083
0 0.318717 0.795175 0.0819395 0.32177
0 0.499082 0.33615 0.0731165 0.549977
0 0.404468 0.796524 0.0831618 0.306064
0 0.319284 0.495652 0.0887515 0.917029
0 0.94726 0.506682 0.100964 0.925415
0 0.649236 0.878188 0.120229 0.222603
0 0.321615 0.514219 0.0958955 0.90044
0 0.679575 0.415196 0.0781899 0.741466
0 0.851888 0.492995 0.0858496 0.906076
0 0.405904 0.49146 0.0879052 0.869859
0 0.0406279 0.396234 0.0812557 0.663401
0 0.594608 0.428933 0.0819556 0.752207
0 0.764289 0.767958 0.0871264 0.348723
0 0.941895 0.776378 0.0877028 0.361095
0 0.499999 0.498213 0.0849056 0.911632
0 0.49996 0.775284 0.0844072 0.35089
0 0.131 0.399636 0.0801562 0.653163
0 0.2305 0.515191 0.0826392 0.920774
0 0.589458 0.780062 0.0823115 0.359066
0 0.989413 0.502611 0.0211014 0.925172
0 0.230324 0.803624 0.0827463 0.338707
0 0.679575 0.415196 0.0781899 0.741466
0 0.851888 0.492995 0.0858496 0.906076
0 0.405904 0.49146 0.0879052 0.869859
0 0.0406279 0.396234 0.0812557 0.663401
0 0.594608 0.428933 0.0819556 0.752207
0 0.764289 0.767958 0.0871264 0.348723
0 0.941895 0.776378 0.0877028 0.361095
0 0.499999 0.498213 0.0849056 0.911632
0 0.49996 0.775284 0.0844072 0.35089
0 0.131 0.399636 0.0801562 0.653163
0 0.2305 0.515191 0.0826392 0.920774
0 0.589458 0.780062 0.0823115 0.359066
0 0.989413 0.502611 0.0211014 0.925172
0 0.230324 0.803624 0.0827463 0.338707
