0 0.060857 0.541778 0.121213 0.334691
0 0.448589 0.560136 0.178545 0.343082
0 0.276944 0.567421 0.186019 0.323727
0 0.060857 0.541778 0.121213 0.334691
0 0.448589 0.560136 0.178545 0.343082
0 0.276944 0.567421 0.186019 0.323727
0 0.060857 0.541778 0.121213 0.334691
0 0.448589 0.560136 0.178545 0.343082
0 0.276944 0.567421 0.186019 0.323727
0 0.0630531 0.544504 0.124062 0.33412
0 0.730307 0.109501 0.239674 0.219002
0 0.892235 0.124048 0.135849 0.248095
0 0.439175 0.540939 0.158828 0.321231
0 0.299371 0.427803 0.213814 0.601073
0 0.0630531 0.544504 0.124062 0.33412
0 0.730307 0.109501 0.239674 0.219002
0 0.892235 0.124048 0.135849 0.248095
0 0.439175 0.540939 0.158828 0.321231
0 0.299371 0.427803 0.213814 0.601073
0 0.779941 0.106133 0.141476 0.212266
0 0.300269 0.556144 0.15177 0.325794
0 0.43882 0.535996 0.159671 0.337257
0 0.0630531 0.544504 0.124062 0.33412
0 0.730307 0.109501 0.239674 0.219002
0 0.892235 0.124048 0.135849 0.248095
0 0.439175 0.540939 0.158828 0.321231
0 0.299371 0.427803 0.213814 0.601073
