0 0.472663 0.473371 0.285236 0.848304
0 0.817722 0.476481 0.360814 0.81065
0 0.861445 0.484558 0.265887 0.799586
0 0.813716 0.471716 0.372569 0.835082
0 0.472663 0.473371 0.285236 0.848304
0 0.817722 0.476481 0.360814 0.81065
0 0.861445 0.484558 0.265887 0.799586
0 0.813716 0.471716 0.372569 0.835082
0 0.472663 0.473371 0.285236 0.848304
0 0.817722 0.476481 0.360814 0.81065
0 0.861445 0.484558 0.265887 0.799586
0 0.813716 0.471716 0.372569 0.835082
0 0.811586 0.495326 0.370162 0.804556
0 0.359941 0.502481 0.542248 0.944148
0 0.811586 0.495326 0.370162 0.804556
0 0.359941 0.502481 0.542248 0.944148
0 0.811586 0.495326 0.370162 0.804556
0 0.359941 0.502481 0.542248 0.944148
0 0.811586 0.495326 0.370162 0.804556
0 0.359941 0.502481 0.542248 0.944148
