0 0.508349 0.305273 0.417125 0.503405
0 0.542015 0.826756 0.268226 0.342938
0 0.185508 0.429918 0.371017 0.82563
0 0.508349 0.305273 0.417125 0.503405
0 0.542015 0.826756 0.268226 0.342938
0 0.185508 0.429918 0.371017 0.82563
0 0.508349 0.305273 0.417125 0.503405
0 0.542015 0.826756 0.268226 0.342938
0 0.185508 0.429918 0.371017 0.82563
0 0.539505 0.82544 0.26743 0.349121
0 0.539505 0.82544 0.26743 0.349121
0 0.291438 0.877501 0.287289 0.244997
0 0.179274 0.495756 0.287769 0.843843
0 0.539505 0.82544 0.26743 0.349121
0 0.539505 0.82544 0.26743 0.349121
