0 0.784953 0.674477 0.23701 0.624242
0 0.952352 0.681726 0.0952967 0.620342
0 0.784953 0.674477 0.23701 0.624242
0 0.952352 0.681726 0.0952967 0.620342
0 0.784953 0.674477 0.23701 0.624242
0 0.952352 0.681726 0.0952967 0.620342
0 0.786164 0.675674 0.228918 0.623475
0 0.386845 0.452599 0.540571 0.452351
0 0.537848 0.811991 0.271018 0.304081
0 0.786164 0.675674 0.228918 0.623475
0 0.386845 0.452599 0.540571 0.452351
0 0.537848 0.811991 0.271018 0.304081
0 0.0848685 0.43485 0.169737 0.41516
0 0.950846 0.682317 0.0966961 0.619361
0 0.786164 0.675674 0.228918 0.623475
0 0.386845 0.452599 0.540571 0.452351
0 0.537848 0.811991 0.271018 0.304081
