0 0.825763 0.338275 0.226973 0.617276
0 0.346989 0.368894 0.216937 0.644032
0 0.131925 0.395546 0.211554 0.633753
0 0.587262 0.373574 0.241581 0.598073
0 0.01693 0.360957 0.0338525 0.711309
0 0.346404 0.373077 0.216985 0.646136
0 0.825763 0.338275 0.226973 0.617276
0 0.346989 0.368894 0.216937 0.644032
0 0.131925 0.395546 0.211554 0.633753
0 0.587262 0.373574 0.241581 0.598073
0 0.01693 0.360957 0.0338525 0.711309
0 0.346404 0.373077 0.216985 0.646136
0 0.825763 0.338275 0.226973 0.617276
0 0.346989 0.368894 0.216937 0.644032
0 0.131925 0.395546 0.211554 0.633753
0 0.587262 0.373574 0.241581 0.598073
0 0.01693 0.360957 0.0338525 0.711309
0 0.346404 0.373077 0.216985 0.646136
0 0.13432 0.386204 0.20652 0.643052
0 0.347864 0.368017 0.214307 0.654011
0 0.347376 0.368964 0.216216 0.661888
0 0.83516 0.571325 0.230346 0.564541
0 0.13432 0.386204 0.20652 0.643052
0 0.347864 0.368017 0.214307 0.654011
0 0.347376 0.368964 0.216216 0.661888
0 0.83516 0.571325 0.230346 0.564541
0 0.0174641 0.44943 0.0349282 0.890174
0 0.13432 0.386204 0.20652 0.643052
0 0.347864 0.368017 0.214307 0.654011
0 0.347376 0.368964 0.216216 0.661888
0 0.83516 0.571325 0.230346 0.564541
