0 0.372082 0.397017 0.0741802 0.371621
0 0.246371 0.343998 0.0614815 0.394821
0 0.301624 0.363526 0.0737018 0.399104
0 0.924221 0.888663 0.117448 0.219802
0 0.0605656 0.264107 0.0676294 0.42704
0 0.0195299 0.253834 0.0384493 0.424514
0 0.115457 0.290618 0.0625698 0.405216
0 0.372082 0.397017 0.0741802 0.371621
0 0.246371 0.343998 0.0614815 0.394821
0 0.301624 0.363526 0.0737018 0.399104
0 0.924221 0.888663 0.117448 0.219802
0 0.0605656 0.264107 0.0676294 0.42704
0 0.0195299 0.253834 0.0384493 0.424514
0 0.115457 0.290618 0.0625698 0.405216
0 0.372082 0.397017 0.0741802 0.371621
0 0.246371 0.343998 0.0614815 0.394821
0 0.301624 0.363526 0.0737018 0.399104
0 0.924221 0.888663 0.117448 0.219802
0 0.0605656 0.264107 0.0676294 0.42704
0 0.0195299 0.253834 0.0384493 0.424514
0 0.115457 0.290618 0.0625698 0.405216
0 0.822769 0.128324 0.0718609 0.256648
0 0.302612 0.365901 0.0701825 0.365457
0 0.113359 0.294834 0.0579411 0.378411
0 0.0608005 0.266705 0.0636073 0.410235
0 0.246487 0.342936 0.0544568 0.348884
0 0.7543 0.115559 0.0605766 0.226805
0 0.01777 0.257201 0.03554 0.39678
0 0.174277 0.297993 0.0798867 0.336372
0 0.503718 0.406715 0.190441 0.629835
0 0.372201 0.350434 0.073586 0.465828
0 0.371949 0.401699 0.0719736 0.352782
0 0.911381 0.155799 0.0812029 0.309271
0 0.822769 0.128324 0.0718609 0.256648
0 0.302612 0.365901 0.0701825 0.365457
0 0.113359 0.294834 0.0579411 0.378411
0 0.0608005 0.266705 0.0636073 0.410235
0 0.246487 0.342936 0.0544568 0.348884
0 0.7543 0.115559 0.0605766 0.226805
0 0.01777 0.257201 0.03554 0.39678
0 0.174277 0.297993 0.0798867 0.336372
0 0.503718 0.406715 0.190441 0.629835
0 0.372201 0.350434 0.073586 0.465828
0 0.371949 0.401699 0.0719736 0.352782
0 0.911381 0.155799 0.0812029 0.309271
0 0.608435 0.620292 0.157742 0.385693
0 0.174629 0.297792 0.0780268 0.337355
0 0.822769 0.128324 0.0718609 0.256648
0 0.302612 0.365901 0.0701825 0.365457
0 0.113359 0.294834 0.0579411 0.378411
0 0.0608005 0.266705 0.0636073 0.410235
0 0.246487 0.342936 0.0544568 0.348884
0 0.7543 0.115559 0.0605766 0.226805
0 0.01777 0.257201 0.03554 0.39678
0 0.174277 0.297993 0.0798867 0.336372
0 0.503718 0.406715 0.190441 0.629835
0 0.372201 0.350434 0.073586 0.465828
0 0.371949 0.401699 0.0719736 0.352782
0 0.911381 0.155799 0.0812029 0.309271
0 0.822769 0.128324 0.0718609 0.256648
0 0.302612 0.365901 0.0701825 0.365457
0 0.113359 0.294834 0.0579411 0.378411
0 0.0608005 0.266705 0.0636073 0.410235
0 0.246487 0.342936 0.0544568 0.348884
0 0.7543 0.115559 0.0605766 0.226805
0 0.01777 0.257201 0.03554 0.39678
0 0.174277 0.297993 0.0798867 0.336372
0 0.503718 0.406715 0.190441 0.629835
0 0.372201 0.350434 0.073586 0.465828
0 0.371949 0.401699 0.0719736 0.352782
0 0.911381 0.155799 0.0812029 0.309271
