0 0.582126 0.694617 0.101886 0.577089
0 0.323142 0.669946 0.103981 0.583404
0 0.45624 0.677855 0.103972 0.581095
0 0.0534476 0.647794 0.106098 0.601034
0 0.202009 0.649295 0.136402 0.57507
0 0.675925 0.69644 0.0945708 0.553165
0 0.789154 0.695185 0.115103 0.512597
0 0.582126 0.694617 0.101886 0.577089
0 0.323142 0.669946 0.103981 0.583404
0 0.45624 0.677855 0.103972 0.581095
0 0.0534476 0.647794 0.106098 0.601034
0 0.202009 0.649295 0.136402 0.57507
0 0.675925 0.69644 0.0945708 0.553165
0 0.789154 0.695185 0.115103 0.512597
0 0.582126 0.694617 0.101886 0.577089
0 0.323142 0.669946 0.103981 0.583404
0 0.45624 0.677855 0.103972 0.581095
0 0.0534476 0.647794 0.106098 0.601034
0 0.202009 0.649295 0.136402 0.57507
0 0.675925 0.69644 0.0945708 0.553165
0 0.789154 0.695185 0.115103 0.512597
0 0.0508125 0.647026 0.100757 0.595501
0 0.322253 0.674823 0.0995172 0.576425
0 0.456224 0.681803 0.097467 0.574064
0 0.676722 0.699793 0.092682 0.558558
0 0.584653 0.695025 0.0961177 0.578245
0 0.118523 0.657997 0.0428956 0.598216
0 0.79709 0.693631 0.0940206 0.518171
0 0.925554 0.717985 0.0946468 0.534773
0 0.521738 0.694151 0.0390934 0.569871
0 0.861675 0.716751 0.0404458 0.542884
0 0.388404 0.686237 0.0441771 0.585415
0 0.389536 0.68394 0.0414511 0.572838
0 0.739328 0.69431 0.0377 0.542541
0 0.204566 0.649415 0.137806 0.583034
0 0.0508125 0.647026 0.100757 0.595501
0 0.322253 0.674823 0.0995172 0.576425
0 0.456224 0.681803 0.097467 0.574064
0 0.676722 0.699793 0.092682 0.558558
0 0.584653 0.695025 0.0961177 0.578245
0 0.118523 0.657997 0.0428956 0.598216
0 0.79709 0.693631 0.0940206 0.518171
0 0.925554 0.717985 0.0946468 0.534773
0 0.521738 0.694151 0.0390934 0.569871
0 0.861675 0.716751 0.0404458 0.542884
0 0.388404 0.686237 0.0441771 0.585415
0 0.389536 0.68394 0.0414511 0.572838
0 0.739328 0.69431 0.0377 0.542541
0 0.204566 0.649415 0.137806 0.583034
0 0.523592 0.69531 0.041806 0.572529
0 0.205442 0.662214 0.136397 0.561724
0 0.204906 0.80007 0.127613 0.27529
0 0.191126 0.511845 0.105672 0.284769
0 0.0508125 0.647026 0.100757 0.595501
0 0.322253 0.674823 0.0995172 0.576425
0 0.456224 0.681803 0.097467 0.574064
0 0.676722 0.699793 0.092682 0.558558
0 0.584653 0.695025 0.0961177 0.578245
0 0.118523 0.657997 0.0428956 0.598216
0 0.79709 0.693631 0.0940206 0.518171
0 0.925554 0.717985 0.0946468 0.534773
0 0.521738 0.694151 0.0390934 0.569871
0 0.861675 0.716751 0.0404458 0.542884
0 0.388404 0.686237 0.0441771 0.585415
0 0.389536 0.68394 0.0414511 0.572838
0 0.739328 0.69431 0.0377 0.542541
0 0.204566 0.649415 0.137806 0.583034
0 0.0508125 0.647026 0.100757 0.595501
0 0.322253 0.674823 0.0995172 0.576425
0 0.456224 0.681803 0.097467 0.574064
0 0.676722 0.699793 0.092682 0.558558
0 0.584653 0.695025 0.0961177 0.578245
0 0.118523 0.657997 0.0428956 0.598216
0 0.79709 0.693631 0.0940206 0.518171
0 0.925554 0.717985 0.0946468 0.534773
0 0.521738 0.694151 0.0390934 0.569871
0 0.861675 0.716751 0.0404458 0.542884
0 0.388404 0.686237 0.0441771 0.585415
0 0.389536 0.68394 0.0414511 0.572838
0 0.739328 0.69431 0.0377 0.542541
0 0.204566 0.649415 0.137806 0.583034
