0 0.632777 0.51216 0.230827 0.894116
0 0.853715 0.52191 0.237929 0.907505
0 0.430474 0.553891 0.174665 0.805414
0 0.259414 0.539713 0.167309 0.818564
0 0.0910577 0.538755 0.165885 0.817772
0 0.632777 0.51216 0.230827 0.894116
0 0.853715 0.52191 0.237929 0.907505
0 0.430474 0.553891 0.174665 0.805414
0 0.259414 0.539713 0.167309 0.818564
0 0.0910577 0.538755 0.165885 0.817772
0 0.632777 0.51216 0.230827 0.894116
0 0.853715 0.52191 0.237929 0.907505
0 0.430474 0.553891 0.174665 0.805414
0 0.259414 0.539713 0.167309 0.818564
0 0.0910577 0.538755 0.165885 0.817772
0 0.635829 0.520437 0.231247 0.910388
0 0.856213 0.537969 0.232933 0.907224
0 0.432138 0.564037 0.17305 0.798803
0 0.261689 0.557114 0.168638 0.797249
0 0.0916258 0.636455 0.161362 0.62505
0 0.635829 0.520437 0.231247 0.910388
0 0.856213 0.537969 0.232933 0.907224
0 0.432138 0.564037 0.17305 0.798803
0 0.261689 0.557114 0.168638 0.797249
0 0.0916258 0.636455 0.161362 0.62505
0 0.635829 0.520437 0.231247 0.910388
0 0.856213 0.537969 0.232933 0.907224
0 0.432138 0.564037 0.17305 0.798803
0 0.261689 0.557114 0.168638 0.797249
0 0.0916258 0.636455 0.161362 0.62505
0 0.635829 0.520437 0.231247 0.910388
0 0.856213 0.537969 0.232933 0.907224
0 0.432138 0.564037 0.17305 0.798803
0 0.261689 0.557114 0.168638 0.797249
0 0.0916258 0.636455 0.161362 0.62505
