0 0.586696 0.718648 0.826608 0.446589
0 0.553578 0.498607 0.892844 0.835786
0 0.493095 0.980017 0.0694691 0.0399664
0 0.586696 0.718648 0.826608 0.446589
0 0.553578 0.498607 0.892844 0.835786
0 0.493095 0.980017 0.0694691 0.0399664
0 0.586696 0.718648 0.826608 0.446589
0 0.553578 0.498607 0.892844 0.835786
0 0.493095 0.980017 0.0694691 0.0399664
0 0.576613 0.718138 0.846775 0.422006
0 0.575758 0.289996 0.844715 0.456905
0 0.454369 0.711443 0.908737 0.43095
0 0.553016 0.9829 0.0573485 0.0333657
0 0.493959 0.982173 0.0632588 0.034605
0 0.553574 0.286736 0.892853 0.459777
0 0.576613 0.718138 0.846775 0.422006
0 0.575758 0.289996 0.844715 0.456905
0 0.454369 0.711443 0.908737 0.43095
0 0.553016 0.9829 0.0573485 0.0333657
0 0.493959 0.982173 0.0632588 0.034605
0 0.553574 0.286736 0.892853 0.459777
0 0.576613 0.718138 0.846775 0.422006
0 0.575758 0.289996 0.844715 0.456905
0 0.454369 0.711443 0.908737 0.43095
0 0.553016 0.9829 0.0573485 0.0333657
0 0.493959 0.982173 0.0632588 0.034605
0 0.553574 0.286736 0.892853 0.459777
