0 0.0815013 0.578345 0.162523 0.745247
0 0.728298 0.732743 0.165653 0.435938
0 0.413886 0.547966 0.135001 0.780694
0 0.726436 0.729904 0.166129 0.439834
0 0.563284 0.554506 0.149625 0.700814
0 0.0815013 0.578345 0.162523 0.745247
0 0.728298 0.732743 0.165653 0.435938
0 0.413886 0.547966 0.135001 0.780694
0 0.726436 0.729904 0.166129 0.439834
0 0.563284 0.554506 0.149625 0.700814
0 0.0815013 0.578345 0.162523 0.745247
0 0.728298 0.732743 0.165653 0.435938
0 0.413886 0.547966 0.135001 0.780694
0 0.726436 0.729904 0.166129 0.439834
0 0.563284 0.554506 0.149625 0.700814
0 0.0850397 0.58835 0.165047 0.719338
0 0.723033 0.734348 0.164509 0.412059
0 0.418371 0.562926 0.147143 0.762026
0 0.261804 0.583452 0.154774 0.739555
0 0.896156 0.54586 0.206351 0.791183
0 0.566316 0.543624 0.140308 0.62993
0 0.565232 0.710566 0.136463 0.29605
0 0.0850397 0.58835 0.165047 0.719338
0 0.723033 0.734348 0.164509 0.412059
0 0.418371 0.562926 0.147143 0.762026
0 0.261804 0.583452 0.154774 0.739555
0 0.896156 0.54586 0.206351 0.791183
0 0.566316 0.543624 0.140308 0.62993
0 0.565232 0.710566 0.136463 0.29605
0 0.261714 0.58204 0.154949 0.732461
0 0.565889 0.424974 0.136443 0.383372
0 0.0850397 0.58835 0.165047 0.719338
0 0.723033 0.734348 0.164509 0.412059
0 0.418371 0.562926 0.147143 0.762026
0 0.261804 0.583452 0.154774 0.739555
0 0.896156 0.54586 0.206351 0.791183
0 0.566316 0.543624 0.140308 0.62993
0 0.565232 0.710566 0.136463 0.29605
0 0.0850397 0.58835 0.165047 0.719338
0 0.723033 0.734348 0.164509 0.412059
0 0.418371 0.562926 0.147143 0.762026
0 0.261804 0.583452 0.154774 0.739555
0 0.896156 0.54586 0.206351 0.791183
0 0.566316 0.543624 0.140308 0.62993
0 0.565232 0.710566 0.136463 0.29605
