0 0.46641 0.496185 0.186464 0.796768
0 0.296774 0.458774 0.145806 0.785479
0 0.158589 0.413815 0.220088 0.795487
0 0.630743 0.543577 0.237909 0.810429
0 0.904555 0.548492 0.189672 0.892988
0 0.46641 0.496185 0.186464 0.796768
0 0.296774 0.458774 0.145806 0.785479
0 0.158589 0.413815 0.220088 0.795487
0 0.630743 0.543577 0.237909 0.810429
0 0.904555 0.548492 0.189672 0.892988
0 0.46641 0.496185 0.186464 0.796768
0 0.296774 0.458774 0.145806 0.785479
0 0.158589 0.413815 0.220088 0.795487
0 0.630743 0.543577 0.237909 0.810429
0 0.904555 0.548492 0.189672 0.892988
0 0.297242 0.452469 0.139042 0.760732
0 0.204283 0.424614 0.134648 0.75687
0 0.485314 0.502992 0.144708 0.753227
0 0.910722 0.556628 0.177704 0.856666
0 0.684734 0.550228 0.150892 0.775732
0 0.586325 0.529741 0.135904 0.763686
0 0.3918 0.480111 0.128543 0.748425
0 0.108471 0.404567 0.139966 0.756489
0 0.297242 0.452469 0.139042 0.760732
0 0.204283 0.424614 0.134648 0.75687
0 0.485314 0.502992 0.144708 0.753227
0 0.910722 0.556628 0.177704 0.856666
0 0.684734 0.550228 0.150892 0.775732
0 0.586325 0.529741 0.135904 0.763686
0 0.3918 0.480111 0.128543 0.748425
0 0.108471 0.404567 0.139966 0.756489
0 0.297242 0.452469 0.139042 0.760732
0 0.204283 0.424614 0.134648 0.75687
0 0.485314 0.502992 0.144708 0.753227
0 0.910722 0.556628 0.177704 0.856666
0 0.684734 0.550228 0.150892 0.775732
0 0.586325 0.529741 0.135904 0.763686
0 0.3918 0.480111 0.128543 0.748425
0 0.108471 0.404567 0.139966 0.756489
0 0.297242 0.452469 0.139042 0.760732
0 0.204283 0.424614 0.134648 0.75687
0 0.485314 0.502992 0.144708 0.753227
0 0.910722 0.556628 0.177704 0.856666
0 0.684734 0.550228 0.150892 0.775732
0 0.586325 0.529741 0.135904 0.763686
0 0.3918 0.480111 0.128543 0.748425
0 0.108471 0.404567 0.139966 0.756489
