0 0.931724 0.676192 0.111801 0.589467
0 0.61155 0.674762 0.113348 0.577194
0 0.180854 0.7019 0.105975 0.515961
0 0.824487 0.672555 0.111355 0.593147
0 0.284189 0.700058 0.106192 0.51492
0 0.396265 0.698413 0.112624 0.525601
0 0.499542 0.684658 0.119817 0.557173
0 0.0740822 0.715086 0.115645 0.493636
0 0.499417 0.685356 0.117027 0.553206
0 0.717412 0.660836 0.110942 0.58692
0 0.931724 0.676192 0.111801 0.589467
0 0.61155 0.674762 0.113348 0.577194
0 0.180854 0.7019 0.105975 0.515961
0 0.824487 0.672555 0.111355 0.593147
0 0.284189 0.700058 0.106192 0.51492
0 0.396265 0.698413 0.112624 0.525601
0 0.499542 0.684658 0.119817 0.557173
0 0.0740822 0.715086 0.115645 0.493636
0 0.499417 0.685356 0.117027 0.553206
0 0.717412 0.660836 0.110942 0.58692
0 0.931724 0.676192 0.111801 0.589467
0 0.61155 0.674762 0.113348 0.577194
0 0.180854 0.7019 0.105975 0.515961
0 0.824487 0.672555 0.111355 0.593147
0 0.284189 0.700058 0.106192 0.51492
0 0.396265 0.698413 0.112624 0.525601
0 0.499542 0.684658 0.119817 0.557173
0 0.0740822 0.715086 0.115645 0.493636
0 0.499417 0.685356 0.117027 0.553206
0 0.717412 0.660836 0.110942 0.58692
0 0.716957 0.662865 0.106392 0.575052
0 0.825698 0.67517 0.112405 0.580065
0 0.932698 0.677421 0.103834 0.585811
0 0.0728073 0.614028 0.113838 0.693707
0 0.394456 0.588747 0.10847 0.757258
0 0.181043 0.601862 0.10403 0.723698
0 0.502243 0.637901 0.111509 0.651585
0 0.612686 0.668133 0.111107 0.58717
0 0.288132 0.568987 0.106995 0.790585
0 0.611264 0.666031 0.112816 0.592925
0 0.989383 0.693415 0.0211663 0.585606
0 0.0132892 0.606468 0.0265785 0.624567
0 0.714963 0.65437 0.10245 0.589339
0 0.716957 0.662865 0.106392 0.575052
0 0.825698 0.67517 0.112405 0.580065
0 0.932698 0.677421 0.103834 0.585811
0 0.0728073 0.614028 0.113838 0.693707
0 0.394456 0.588747 0.10847 0.757258
0 0.181043 0.601862 0.10403 0.723698
0 0.502243 0.637901 0.111509 0.651585
0 0.612686 0.668133 0.111107 0.58717
0 0.288132 0.568987 0.106995 0.790585
0 0.611264 0.666031 0.112816 0.592925
0 0.989383 0.693415 0.0211663 0.585606
0 0.0132892 0.606468 0.0265785 0.624567
0 0.714963 0.65437 0.10245 0.589339
0 0.74941 0.381627 0.445686 0.718994
0 0.932641 0.675109 0.104499 0.590547
0 0.716957 0.662865 0.106392 0.575052
0 0.825698 0.67517 0.112405 0.580065
0 0.932698 0.677421 0.103834 0.585811
0 0.0728073 0.614028 0.113838 0.693707
0 0.394456 0.588747 0.10847 0.757258
0 0.181043 0.601862 0.10403 0.723698
0 0.502243 0.637901 0.111509 0.651585
0 0.612686 0.668133 0.111107 0.58717
0 0.288132 0.568987 0.106995 0.790585
0 0.611264 0.666031 0.112816 0.592925
0 0.989383 0.693415 0.0211663 0.585606
0 0.0132892 0.606468 0.0265785 0.624567
0 0.714963 0.65437 0.10245 0.589339
