0 0.952409 0.445793 0.0939962 0.848001
0 0.201788 0.516697 0.111287 0.893919
0 0.587509 0.494482 0.102922 0.868754
0 0.299337 0.475925 0.099185 0.913008
0 0.493152 0.507186 0.113521 0.857514
0 0.111798 0.496535 0.103034 0.947123
0 0.801338 0.465977 0.154484 0.842502
0 0.679045 0.482665 0.11795 0.89181
0 0.403116 0.49173 0.0995279 0.865428
0 0.952409 0.445793 0.0939962 0.848001
0 0.201788 0.516697 0.111287 0.893919
0 0.587509 0.494482 0.102922 0.868754
0 0.299337 0.475925 0.099185 0.913008
0 0.493152 0.507186 0.113521 0.857514
0 0.111798 0.496535 0.103034 0.947123
0 0.801338 0.465977 0.154484 0.842502
0 0.679045 0.482665 0.11795 0.89181
0 0.403116 0.49173 0.0995279 0.865428
0 0.952409 0.445793 0.0939962 0.848001
0 0.201788 0.516697 0.111287 0.893919
0 0.587509 0.494482 0.102922 0.868754
0 0.299337 0.475925 0.099185 0.913008
0 0.493152 0.507186 0.113521 0.857514
0 0.111798 0.496535 0.103034 0.947123
0 0.801338 0.465977 0.154484 0.842502
0 0.679045 0.482665 0.11795 0.89181
0 0.403116 0.49173 0.0995279 0.865428
0 0.954169 0.443934 0.0916614 0.818374
0 0.299911 0.47057 0.0929857 0.866994
0 0.454266 0.49354 0.185353 0.87118
0 0.588256 0.478241 0.0965065 0.885477
0 0.0325209 0.560016 0.0645938 0.826165
0 0.109947 0.539698 0.0927217 0.822292
0 0.814381 0.450715 0.17176 0.858853
0 0.202583 0.519033 0.107013 0.864342
0 0.109297 0.543295 0.0919856 0.812548
0 0.682195 0.463426 0.116142 0.894701
0 0.641019 0.488745 0.187662 0.886417
0 0.404525 0.487132 0.0939748 0.870739
0 0.816239 0.453228 0.171597 0.840188
0 0.954169 0.443934 0.0916614 0.818374
0 0.299911 0.47057 0.0929857 0.866994
0 0.454266 0.49354 0.185353 0.87118
0 0.588256 0.478241 0.0965065 0.885477
0 0.0325209 0.560016 0.0645938 0.826165
0 0.109947 0.539698 0.0927217 0.822292
0 0.814381 0.450715 0.17176 0.858853
0 0.202583 0.519033 0.107013 0.864342
0 0.109297 0.543295 0.0919856 0.812548
0 0.682195 0.463426 0.116142 0.894701
0 0.641019 0.488745 0.187662 0.886417
0 0.404525 0.487132 0.0939748 0.870739
0 0.816239 0.453228 0.171597 0.840188
0 0.815602 0.454309 0.170841 0.832505
0 0.657507 0.635214 0.072548 0.542255
0 0.19889 0.613235 0.101187 0.666888
0 0.954169 0.443934 0.0916614 0.818374
0 0.299911 0.47057 0.0929857 0.866994
0 0.454266 0.49354 0.185353 0.87118
0 0.588256 0.478241 0.0965065 0.885477
0 0.0325209 0.560016 0.0645938 0.826165
0 0.109947 0.539698 0.0927217 0.822292
0 0.814381 0.450715 0.17176 0.858853
0 0.202583 0.519033 0.107013 0.864342
0 0.109297 0.543295 0.0919856 0.812548
0 0.682195 0.463426 0.116142 0.894701
0 0.641019 0.488745 0.187662 0.886417
0 0.404525 0.487132 0.0939748 0.870739
0 0.816239 0.453228 0.171597 0.840188
0 0.954169 0.443934 0.0916614 0.818374
0 0.299911 0.47057 0.0929857 0.866994
0 0.454266 0.49354 0.185353 0.87118
0 0.588256 0.478241 0.0965065 0.885477
0 0.0325209 0.560016 0.0645938 0.826165
0 0.109947 0.539698 0.0927217 0.822292
0 0.814381 0.450715 0.17176 0.858853
0 0.202583 0.519033 0.107013 0.864342
0 0.109297 0.543295 0.0919856 0.812548
0 0.682195 0.463426 0.116142 0.894701
0 0.641019 0.488745 0.187662 0.886417
0 0.404525 0.487132 0.0939748 0.870739
0 0.816239 0.453228 0.171597 0.840188
