0 0.584362 0.515811 0.16116 0.864777
0 0.106299 0.496037 0.145501 0.865629
0 0.422182 0.524715 0.165643 0.872654
0 0.260407 0.521737 0.159273 0.869616
0 0.895268 0.504107 0.148714 0.793083
0 0.7483 0.519637 0.158685 0.836068
0 0.584362 0.515811 0.16116 0.864777
0 0.106299 0.496037 0.145501 0.865629
0 0.422182 0.524715 0.165643 0.872654
0 0.260407 0.521737 0.159273 0.869616
0 0.895268 0.504107 0.148714 0.793083
0 0.7483 0.519637 0.158685 0.836068
0 0.584362 0.515811 0.16116 0.864777
0 0.106299 0.496037 0.145501 0.865629
0 0.422182 0.524715 0.165643 0.872654
0 0.260407 0.521737 0.159273 0.869616
0 0.895268 0.504107 0.148714 0.793083
0 0.7483 0.519637 0.158685 0.836068
0 0.4246 0.532648 0.169174 0.872449
0 0.261065 0.528453 0.163682 0.871163
0 0.586697 0.528829 0.167592 0.873447
0 0.747538 0.532352 0.163633 0.839226
0 0.902603 0.508439 0.160956 0.830901
0 0.104889 0.498455 0.156119 0.897938
0 0.4246 0.532648 0.169174 0.872449
0 0.261065 0.528453 0.163682 0.871163
0 0.586697 0.528829 0.167592 0.873447
0 0.747538 0.532352 0.163633 0.839226
0 0.902603 0.508439 0.160956 0.830901
0 0.104889 0.498455 0.156119 0.897938
0 0.4246 0.532648 0.169174 0.872449
0 0.261065 0.528453 0.163682 0.871163
0 0.586697 0.528829 0.167592 0.873447
0 0.747538 0.532352 0.163633 0.839226
0 0.902603 0.508439 0.160956 0.830901
0 0.104889 0.498455 0.156119 0.897938
0 0.4246 0.532648 0.169174 0.872449
0 0.261065 0.528453 0.163682 0.871163
0 0.586697 0.528829 0.167592 0.873447
0 0.747538 0.532352 0.163633 0.839226
0 0.902603 0.508439 0.160956 0.830901
0 0.104889 0.498455 0.156119 0.897938
