0 0.464106 0.353287 0.3595 0.537976
0 0.96553 0.810734 0.0689406 0.242596
0 0.131591 0.39816 0.256202 0.6985
0 0.464106 0.353287 0.3595 0.537976
0 0.96553 0.810734 0.0689406 0.242596
0 0.131591 0.39816 0.256202 0.6985
0 0.464106 0.353287 0.3595 0.537976
0 0.96553 0.810734 0.0689406 0.242596
0 0.131591 0.39816 0.256202 0.6985
0 0.137253 0.488454 0.247886 0.498761
0 0.463942 0.34896 0.387314 0.55735
0 0.137253 0.488454 0.247886 0.498761
0 0.463942 0.34896 0.387314 0.55735
0 0.965598 0.357053 0.0688045 0.699057
0 0.137253 0.488454 0.247886 0.498761
0 0.463942 0.34896 0.387314 0.55735
0 0.137253 0.488454 0.247886 0.498761
0 0.463942 0.34896 0.387314 0.55735
