0 0.185977 0.335315 0.0997421 0.366056
0 0.276432 0.356041 0.0820206 0.425189
0 0.0910629 0.231137 0.0910807 0.448151
0 0.362445 0.398769 0.0868069 0.432923
0 0.866386 0.697553 0.137395 0.578085
0 0.621802 0.573105 0.116114 0.480925
0 0.737908 0.62079 0.121907 0.497089
0 0.185977 0.335315 0.0997421 0.366056
0 0.276432 0.356041 0.0820206 0.425189
0 0.0910629 0.231137 0.0910807 0.448151
0 0.362445 0.398769 0.0868069 0.432923
0 0.866386 0.697553 0.137395 0.578085
0 0.621802 0.573105 0.116114 0.480925
0 0.737908 0.62079 0.121907 0.497089
0 0.738585 0.630733 0.127589 0.472841
0 0.507925 0.50965 0.06169 0.4741
0 0.0253854 0.21221 0.0490286 0.379528
0 0.185977 0.335315 0.0997421 0.366056
0 0.276432 0.356041 0.0820206 0.425189
0 0.0910629 0.231137 0.0910807 0.448151
0 0.362445 0.398769 0.0868069 0.432923
0 0.866386 0.697553 0.137395 0.578085
0 0.621802 0.573105 0.116114 0.480925
0 0.737908 0.62079 0.121907 0.497089
0 0.185977 0.335315 0.0997421 0.366056
0 0.276432 0.356041 0.0820206 0.425189
0 0.0910629 0.231137 0.0910807 0.448151
0 0.362445 0.398769 0.0868069 0.432923
0 0.866386 0.697553 0.137395 0.578085
0 0.621802 0.573105 0.116114 0.480925
0 0.737908 0.62079 0.121907 0.497089
