0 0.509277 0.502236 0.115478 0.925263
0 0.299036 0.492712 0.114532 0.926005
0 0.401925 0.496204 0.116077 0.944937
0 0.617804 0.509793 0.111106 0.890328
0 0.0895583 0.513949 0.129974 0.873929
0 0.197507 0.501029 0.114435 0.895615
0 0.773584 0.509735 0.203693 0.84003
0 0.92555 0.530854 0.11689 0.779798
0 0.926661 0.532648 0.113854 0.805818
0 0.509277 0.502236 0.115478 0.925263
0 0.299036 0.492712 0.114532 0.926005
0 0.401925 0.496204 0.116077 0.944937
0 0.617804 0.509793 0.111106 0.890328
0 0.0895583 0.513949 0.129974 0.873929
0 0.197507 0.501029 0.114435 0.895615
0 0.773584 0.509735 0.203693 0.84003
0 0.92555 0.530854 0.11689 0.779798
0 0.926661 0.532648 0.113854 0.805818
0 0.509277 0.502236 0.115478 0.925263
0 0.299036 0.492712 0.114532 0.926005
0 0.401925 0.496204 0.116077 0.944937
0 0.617804 0.509793 0.111106 0.890328
0 0.0895583 0.513949 0.129974 0.873929
0 0.197507 0.501029 0.114435 0.895615
0 0.773584 0.509735 0.203693 0.84003
0 0.92555 0.530854 0.11689 0.779798
0 0.926661 0.532648 0.113854 0.805818
0 0.402713 0.516676 0.121954 0.959447
0 0.826402 0.517836 0.106052 0.807038
0 0.510813 0.510211 0.123014 0.942423
0 0.727087 0.50675 0.114583 0.86496
0 0.616994 0.520391 0.118592 0.905554
0 0.196911 0.545311 0.115507 0.869193
0 0.0902207 0.535352 0.125996 0.852348
0 0.926282 0.536146 0.11714 0.728985
0 0.298872 0.526349 0.117169 0.884572
0 0.0174323 0.542378 0.0348532 0.915245
0 0.926467 0.536247 0.117341 0.741625
0 0.402713 0.516676 0.121954 0.959447
0 0.826402 0.517836 0.106052 0.807038
0 0.510813 0.510211 0.123014 0.942423
0 0.727087 0.50675 0.114583 0.86496
0 0.616994 0.520391 0.118592 0.905554
0 0.196911 0.545311 0.115507 0.869193
0 0.0902207 0.535352 0.125996 0.852348
0 0.926282 0.536146 0.11714 0.728985
0 0.298872 0.526349 0.117169 0.884572
0 0.0174323 0.542378 0.0348532 0.915245
0 0.926467 0.536247 0.117341 0.741625
0 0.194191 0.540884 0.115791 0.832654
0 0.985618 0.595876 0.0287635 0.783425
0 0.726603 0.508046 0.11308 0.853577
0 0.984755 0.591599 0.0304896 0.784175
0 0.0889569 0.522419 0.122896 0.820663
0 0.402713 0.516676 0.121954 0.959447
0 0.826402 0.517836 0.106052 0.807038
0 0.510813 0.510211 0.123014 0.942423
0 0.727087 0.50675 0.114583 0.86496
0 0.616994 0.520391 0.118592 0.905554
0 0.196911 0.545311 0.115507 0.869193
0 0.0902207 0.535352 0.125996 0.852348
0 0.926282 0.536146 0.11714 0.728985
0 0.298872 0.526349 0.117169 0.884572
0 0.0174323 0.542378 0.0348532 0.915245
0 0.926467 0.536247 0.117341 0.741625
0 0.402713 0.516676 0.121954 0.959447
0 0.826402 0.517836 0.106052 0.807038
0 0.510813 0.510211 0.123014 0.942423
0 0.727087 0.50675 0.114583 0.86496
0 0.616994 0.520391 0.118592 0.905554
0 0.196911 0.545311 0.115507 0.869193
0 0.0902207 0.535352 0.125996 0.852348
0 0.926282 0.536146 0.11714 0.728985
0 0.298872 0.526349 0.117169 0.884572
0 0.0174323 0.542378 0.0348532 0.915245
0 0.926467 0.536247 0.117341 0.741625
