0 0.271464 0.51658 0.300716 0.840741
0 0.703135 0.496074 0.173903 0.860437
0 0.517528 0.481826 0.206408 0.899195
0 0.271464 0.51658 0.300716 0.840741
0 0.703135 0.496074 0.173903 0.860437
0 0.517528 0.481826 0.206408 0.899195
0 0.271464 0.51658 0.300716 0.840741
0 0.703135 0.496074 0.173903 0.860437
0 0.517528 0.481826 0.206408 0.899195
0 0.699426 0.512693 0.178023 0.817783
0 0.934038 0.591913 0.131924 0.638252
0 0.280592 0.512391 0.2898 0.884845
0 0.937222 0.59692 0.125555 0.623719
0 0.699426 0.512693 0.178023 0.817783
0 0.934038 0.591913 0.131924 0.638252
0 0.280592 0.512391 0.2898 0.884845
0 0.937222 0.59692 0.125555 0.623719
0 0.938451 0.707716 0.122074 0.396881
0 0.522907 0.28934 0.192902 0.531111
0 0.522544 0.494709 0.196132 0.890508
0 0.699426 0.512693 0.178023 0.817783
0 0.934038 0.591913 0.131924 0.638252
0 0.280592 0.512391 0.2898 0.884845
0 0.937222 0.59692 0.125555 0.623719
0 0.699426 0.512693 0.178023 0.817783
0 0.934038 0.591913 0.131924 0.638252
0 0.280592 0.512391 0.2898 0.884845
0 0.937222 0.59692 0.125555 0.623719
