0 0.752376 0.640651 0.491051 0.696159
0 0.300552 0.65751 0.507612 0.664347
0 0.295272 0.660547 0.51994 0.665232
0 0.752376 0.640651 0.491051 0.696159
0 0.300552 0.65751 0.507612 0.664347
0 0.295272 0.660547 0.51994 0.665232
0 0.752376 0.640651 0.491051 0.696159
0 0.300552 0.65751 0.507612 0.664347
0 0.295272 0.660547 0.51994 0.665232
0 0.293375 0.661659 0.526901 0.645359
0 0.73384 0.662151 0.499361 0.653794
0 0.293375 0.661659 0.526901 0.645359
0 0.73384 0.662151 0.499361 0.653794
0 0.293375 0.661659 0.526901 0.645359
0 0.73384 0.662151 0.499361 0.653794
0 0.293375 0.661659 0.526901 0.645359
0 0.73384 0.662151 0.499361 0.653794
