0 0.145539 0.576203 0.291078 0.686779
0 0.85322 0.674397 0.269905 0.531747
0 0.467334 0.598919 0.36799 0.682049
0 0.145539 0.576203 0.291078 0.686779
0 0.85322 0.674397 0.269905 0.531747
0 0.467334 0.598919 0.36799 0.682049
0 0.145539 0.576203 0.291078 0.686779
0 0.85322 0.674397 0.269905 0.531747
0 0.467334 0.598919 0.36799 0.682049
0 0.147268 0.585518 0.292277 0.665002
0 0.461515 0.592248 0.336066 0.67254
0 0.854344 0.698788 0.257192 0.529325
0 0.147268 0.585518 0.292277 0.665002
0 0.461515 0.592248 0.336066 0.67254
0 0.854344 0.698788 0.257192 0.529325
0 0.0155681 0.522394 0.0311361 0.467148
0 0.147268 0.585518 0.292277 0.665002
0 0.461515 0.592248 0.336066 0.67254
0 0.854344 0.698788 0.257192 0.529325
