0 0.15888 0.583287 0.227384 0.739197
0 0.37435 0.578132 0.233425 0.756466
0 0.858169 0.509809 0.28025 0.615553
0 0.588549 0.445083 0.181629 0.476014
0 0.15888 0.583287 0.227384 0.739197
0 0.37435 0.578132 0.233425 0.756466
0 0.858169 0.509809 0.28025 0.615553
0 0.588549 0.445083 0.181629 0.476014
0 0.15888 0.583287 0.227384 0.739197
0 0.37435 0.578132 0.233425 0.756466
0 0.858169 0.509809 0.28025 0.615553
0 0.588549 0.445083 0.181629 0.476014
0 0.374711 0.56979 0.218766 0.78032
0 0.164671 0.571428 0.208912 0.742981
0 0.588466 0.451354 0.168964 0.495966
0 0.374711 0.56979 0.218766 0.78032
0 0.164671 0.571428 0.208912 0.742981
0 0.588466 0.451354 0.168964 0.495966
0 0.374711 0.56979 0.218766 0.78032
0 0.164671 0.571428 0.208912 0.742981
0 0.588466 0.451354 0.168964 0.495966
0 0.374711 0.56979 0.218766 0.78032
0 0.164671 0.571428 0.208912 0.742981
0 0.588466 0.451354 0.168964 0.495966
