0 0.585967 0.418173 0.16843 0.34774
0 0.27125 0.253326 0.181861 0.294136
0 0.105709 0.211584 0.185103 0.390102
0 0.742942 0.510578 0.172146 0.359593
0 0.743644 0.507743 0.177015 0.369417
0 0.585967 0.418173 0.16843 0.34774
0 0.27125 0.253326 0.181861 0.294136
0 0.105709 0.211584 0.185103 0.390102
0 0.742942 0.510578 0.172146 0.359593
0 0.743644 0.507743 0.177015 0.369417
0 0.585967 0.418173 0.16843 0.34774
0 0.27125 0.253326 0.181861 0.294136
0 0.105709 0.211584 0.185103 0.390102
0 0.742942 0.510578 0.172146 0.359593
0 0.743644 0.507743 0.177015 0.369417
0 0.58331 0.47753 0.164719 0.464969
0 0.266124 0.305346 0.178668 0.410984
0 0.739914 0.568291 0.170042 0.456165
0 0.877681 0.251306 0.195103 0.502612
0 0.109458 0.217561 0.177694 0.40385
0 0.900791 0.661351 0.165704 0.424948
0 0.108393 0.217311 0.178198 0.401419
0 0.429662 0.339054 0.163532 0.295354
0 0.58331 0.47753 0.164719 0.464969
0 0.266124 0.305346 0.178668 0.410984
0 0.739914 0.568291 0.170042 0.456165
0 0.877681 0.251306 0.195103 0.502612
0 0.109458 0.217561 0.177694 0.40385
0 0.900791 0.661351 0.165704 0.424948
0 0.108393 0.217311 0.178198 0.401419
0 0.429662 0.339054 0.163532 0.295354
0 0.58331 0.47753 0.164719 0.464969
0 0.266124 0.305346 0.178668 0.410984
0 0.739914 0.568291 0.170042 0.456165
0 0.877681 0.251306 0.195103 0.502612
0 0.109458 0.217561 0.177694 0.40385
0 0.900791 0.661351 0.165704 0.424948
0 0.108393 0.217311 0.178198 0.401419
0 0.429662 0.339054 0.163532 0.295354
