0 0.760444 0.637207 0.110728 0.586076
0 0.346275 0.542364 0.0939854 0.51089
0 0.220147 0.527094 0.0816967 0.467324
0 0.841257 0.65367 0.0825326 0.589846
0 0.0854081 0.43875 0.0687301 0.484721
0 0.151051 0.488547 0.0800365 0.458382
0 0.678509 0.598181 0.082765 0.595325
0 0.279215 0.539055 0.0639917 0.480855
0 0.917611 0.667207 0.102944 0.62391
0 0.917391 0.664652 0.104966 0.622189
0 0.0198341 0.424373 0.0394004 0.515776
0 0.760444 0.637207 0.110728 0.586076
0 0.346275 0.542364 0.0939854 0.51089
0 0.220147 0.527094 0.0816967 0.467324
0 0.841257 0.65367 0.0825326 0.589846
0 0.0854081 0.43875 0.0687301 0.484721
0 0.151051 0.488547 0.0800365 0.458382
0 0.678509 0.598181 0.082765 0.595325
0 0.279215 0.539055 0.0639917 0.480855
0 0.917611 0.667207 0.102944 0.62391
0 0.917391 0.664652 0.104966 0.622189
0 0.0198341 0.424373 0.0394004 0.515776
0 0.760444 0.637207 0.110728 0.586076
0 0.346275 0.542364 0.0939854 0.51089
0 0.220147 0.527094 0.0816967 0.467324
0 0.841257 0.65367 0.0825326 0.589846
0 0.0854081 0.43875 0.0687301 0.484721
0 0.151051 0.488547 0.0800365 0.458382
0 0.678509 0.598181 0.082765 0.595325
0 0.279215 0.539055 0.0639917 0.480855
0 0.917611 0.667207 0.102944 0.62391
0 0.917391 0.664652 0.104966 0.622189
0 0.0198341 0.424373 0.0394004 0.515776
0 0.76082 0.639092 0.105291 0.583916
0 0.224498 0.531724 0.0850654 0.484577
0 0.154861 0.502926 0.0790098 0.459765
0 0.681241 0.61145 0.0875542 0.578952
0 0.841671 0.647151 0.0841614 0.578064
0 0.340979 0.550019 0.096093 0.51219
0 0.0884864 0.439709 0.07362 0.487261
0 0.592697 0.504563 0.118891 0.732211
0 0.0200119 0.408937 0.0400238 0.503989
0 0.928393 0.670939 0.112238 0.619254
0 0.281664 0.546874 0.0631944 0.497336
0 0.0889462 0.439867 0.0712354 0.482653
0 0.76082 0.639092 0.105291 0.583916
0 0.224498 0.531724 0.0850654 0.484577
0 0.154861 0.502926 0.0790098 0.459765
0 0.681241 0.61145 0.0875542 0.578952
0 0.841671 0.647151 0.0841614 0.578064
0 0.340979 0.550019 0.096093 0.51219
0 0.0884864 0.439709 0.07362 0.487261
0 0.592697 0.504563 0.118891 0.732211
0 0.0200119 0.408937 0.0400238 0.503989
0 0.928393 0.670939 0.112238 0.619254
0 0.281664 0.546874 0.0631944 0.497336
0 0.0889462 0.439867 0.0712354 0.482653
0 0.592512 0.507649 0.125272 0.736908
0 0.76082 0.639092 0.105291 0.583916
0 0.224498 0.531724 0.0850654 0.484577
0 0.154861 0.502926 0.0790098 0.459765
0 0.681241 0.61145 0.0875542 0.578952
0 0.841671 0.647151 0.0841614 0.578064
0 0.340979 0.550019 0.096093 0.51219
0 0.0884864 0.439709 0.07362 0.487261
0 0.592697 0.504563 0.118891 0.732211
0 0.0200119 0.408937 0.0400238 0.503989
0 0.928393 0.670939 0.112238 0.619254
0 0.281664 0.546874 0.0631944 0.497336
0 0.0889462 0.439867 0.0712354 0.482653
0 0.76082 0.639092 0.105291 0.583916
0 0.224498 0.531724 0.0850654 0.484577
0 0.154861 0.502926 0.0790098 0.459765
0 0.681241 0.61145 0.0875542 0.578952
0 0.841671 0.647151 0.0841614 0.578064
0 0.340979 0.550019 0.096093 0.51219
0 0.0884864 0.439709 0.07362 0.487261
0 0.592697 0.504563 0.118891 0.732211
0 0.0200119 0.408937 0.0400238 0.503989
0 0.928393 0.670939 0.112238 0.619254
0 0.281664 0.546874 0.0631944 0.497336
0 0.0889462 0.439867 0.0712354 0.482653
