0 0.880575 0.535822 0.169969 0.706809
0 0.629216 0.536773 0.116643 0.887559
0 0.516917 0.538385 0.120051 0.894695
0 0.403751 0.552529 0.122433 0.85659
0 0.293229 0.55655 0.122832 0.824713
0 0.745912 0.552939 0.121832 0.813086
0 0.178843 0.550573 0.121037 0.834918
0 0.880575 0.535822 0.169969 0.706809
0 0.629216 0.536773 0.116643 0.887559
0 0.516917 0.538385 0.120051 0.894695
0 0.403751 0.552529 0.122433 0.85659
0 0.293229 0.55655 0.122832 0.824713
0 0.745912 0.552939 0.121832 0.813086
0 0.178843 0.550573 0.121037 0.834918
0 0.880575 0.535822 0.169969 0.706809
0 0.629216 0.536773 0.116643 0.887559
0 0.516917 0.538385 0.120051 0.894695
0 0.403751 0.552529 0.122433 0.85659
0 0.293229 0.55655 0.122832 0.824713
0 0.745912 0.552939 0.121832 0.813086
0 0.178843 0.550573 0.121037 0.834918
0 0.885939 0.469287 0.175079 0.869731
0 0.517044 0.573617 0.117175 0.801058
0 0.290119 0.56608 0.118542 0.795673
0 0.179211 0.541782 0.116804 0.748332
0 0.741631 0.566397 0.119029 0.776008
0 0.0743434 0.506653 0.112296 0.679459
0 0.628944 0.572963 0.115713 0.796669
0 0.402482 0.572452 0.118965 0.791689
0 0.405075 0.570236 0.120842 0.791746
0 0.885939 0.469287 0.175079 0.869731
0 0.517044 0.573617 0.117175 0.801058
0 0.290119 0.56608 0.118542 0.795673
0 0.179211 0.541782 0.116804 0.748332
0 0.741631 0.566397 0.119029 0.776008
0 0.0743434 0.506653 0.112296 0.679459
0 0.628944 0.572963 0.115713 0.796669
0 0.402482 0.572452 0.118965 0.791689
0 0.405075 0.570236 0.120842 0.791746
0 0.885939 0.469287 0.175079 0.869731
0 0.517044 0.573617 0.117175 0.801058
0 0.290119 0.56608 0.118542 0.795673
0 0.179211 0.541782 0.116804 0.748332
0 0.741631 0.566397 0.119029 0.776008
0 0.0743434 0.506653 0.112296 0.679459
0 0.628944 0.572963 0.115713 0.796669
0 0.402482 0.572452 0.118965 0.791689
0 0.405075 0.570236 0.120842 0.791746
