0 0.12397 0.681721 0.156153 0.608764
0 0.682285 0.699884 0.168752 0.599088
0 0.875257 0.6867 0.17484 0.626601
0 0.293199 0.692874 0.157533 0.612162
0 0.476893 0.692837 0.176078 0.604455
0 0.12397 0.681721 0.156153 0.608764
0 0.682285 0.699884 0.168752 0.599088
0 0.875257 0.6867 0.17484 0.626601
0 0.293199 0.692874 0.157533 0.612162
0 0.476893 0.692837 0.176078 0.604455
0 0.12397 0.681721 0.156153 0.608764
0 0.682285 0.699884 0.168752 0.599088
0 0.875257 0.6867 0.17484 0.626601
0 0.293199 0.692874 0.157533 0.612162
0 0.476893 0.692837 0.176078 0.604455
0 0.127315 0.686353 0.157168 0.592851
0 0.295349 0.691474 0.157238 0.596583
0 0.48156 0.681408 0.161202 0.625648
0 0.68211 0.695337 0.162652 0.603905
0 0.875685 0.698066 0.164073 0.603868
0 0.127315 0.686353 0.157168 0.592851
0 0.295349 0.691474 0.157238 0.596583
0 0.48156 0.681408 0.161202 0.625648
0 0.68211 0.695337 0.162652 0.603905
0 0.875685 0.698066 0.164073 0.603868
0 0.127315 0.686353 0.157168 0.592851
0 0.295349 0.691474 0.157238 0.596583
0 0.48156 0.681408 0.161202 0.625648
0 0.68211 0.695337 0.162652 0.603905
0 0.875685 0.698066 0.164073 0.603868
