0 0.78273 0.556647 0.418143 0.879222
0 0.345347 0.474117 0.498109 0.889542
0 0.78273 0.556647 0.418143 0.879222
0 0.345347 0.474117 0.498109 0.889542
0 0.78273 0.556647 0.418143 0.879222
0 0.345347 0.474117 0.498109 0.889542
0 0.448694 0.455995 0.25905 0.848294
0 0.220363 0.409872 0.231683 0.781745
0 0.780039 0.511234 0.406595 0.928198
0 0.448694 0.455995 0.25905 0.848294
0 0.220363 0.409872 0.231683 0.781745
0 0.780039 0.511234 0.406595 0.928198
0 0.448694 0.455995 0.25905 0.848294
0 0.220363 0.409872 0.231683 0.781745
0 0.780039 0.511234 0.406595 0.928198
0 0.448694 0.455995 0.25905 0.848294
0 0.220363 0.409872 0.231683 0.781745
0 0.780039 0.511234 0.406595 0.928198
