0 0.802835 0.660209 0.159152 0.578071
0 0.579207 0.648139 0.153778 0.610121
0 0.933597 0.605792 0.132807 0.702723
0 0.44498 0.646432 0.161424 0.613023
0 0.802835 0.660209 0.159152 0.578071
0 0.579207 0.648139 0.153778 0.610121
0 0.933597 0.605792 0.132807 0.702723
0 0.44498 0.646432 0.161424 0.613023
0 0.802835 0.660209 0.159152 0.578071
0 0.579207 0.648139 0.153778 0.610121
0 0.933597 0.605792 0.132807 0.702723
0 0.44498 0.646432 0.161424 0.613023
0 0.9348 0.665647 0.1304 0.579374
0 0.579702 0.635483 0.143105 0.609132
0 0.296723 0.615661 0.152948 0.633911
0 0.444287 0.602309 0.14472 0.654915
0 0.804366 0.621386 0.164883 0.660623
0 0.699502 0.60542 0.120938 0.683363
0 0.111357 0.643265 0.213049 0.602296
0 0.9348 0.665647 0.1304 0.579374
0 0.579702 0.635483 0.143105 0.609132
0 0.296723 0.615661 0.152948 0.633911
0 0.444287 0.602309 0.14472 0.654915
0 0.804366 0.621386 0.164883 0.660623
0 0.699502 0.60542 0.120938 0.683363
0 0.111357 0.643265 0.213049 0.602296
0 0.9348 0.665647 0.1304 0.579374
0 0.579702 0.635483 0.143105 0.609132
0 0.296723 0.615661 0.152948 0.633911
0 0.444287 0.602309 0.14472 0.654915
0 0.804366 0.621386 0.164883 0.660623
0 0.699502 0.60542 0.120938 0.683363
0 0.111357 0.643265 0.213049 0.602296
0 0.9348 0.665647 0.1304 0.579374
0 0.579702 0.635483 0.143105 0.609132
0 0.296723 0.615661 0.152948 0.633911
0 0.444287 0.602309 0.14472 0.654915
0 0.804366 0.621386 0.164883 0.660623
0 0.699502 0.60542 0.120938 0.683363
0 0.111357 0.643265 0.213049 0.602296
