0 0.19934 0.517725 0.384805 0.699657
0 0.659996 0.554644 0.588369 0.848663
0 0.69652 0.575068 0.504333 0.7826
0 0.19934 0.517725 0.384805 0.699657
0 0.659996 0.554644 0.588369 0.848663
0 0.69652 0.575068 0.504333 0.7826
0 0.19934 0.517725 0.384805 0.699657
0 0.659996 0.554644 0.588369 0.848663
0 0.69652 0.575068 0.504333 0.7826
0 0.203483 0.52302 0.379293 0.713271
0 0.67252 0.524124 0.58698 0.893709
0 0.203483 0.52302 0.379293 0.713271
0 0.67252 0.524124 0.58698 0.893709
0 0.934608 0.521774 0.130329 0.956452
0 0.931721 0.442815 0.136557 0.780903
0 0.203483 0.52302 0.379293 0.713271
0 0.67252 0.524124 0.58698 0.893709
0 0.203483 0.52302 0.379293 0.713271
0 0.67252 0.524124 0.58698 0.893709
