0 0.697195 0.587654 0.136595 0.740269
0 0.855217 0.591054 0.147855 0.704377
0 0.0458593 0.536264 0.0917186 0.700314
0 0.421292 0.541921 0.138228 0.708069
0 0.961513 0.612774 0.0769734 0.756082
0 0.557563 0.565604 0.135635 0.715624
0 0.287635 0.532871 0.136818 0.701616
0 0.153543 0.521404 0.138104 0.692728
0 0.697195 0.587654 0.136595 0.740269
0 0.855217 0.591054 0.147855 0.704377
0 0.0458593 0.536264 0.0917186 0.700314
0 0.421292 0.541921 0.138228 0.708069
0 0.961513 0.612774 0.0769734 0.756082
0 0.557563 0.565604 0.135635 0.715624
0 0.287635 0.532871 0.136818 0.701616
0 0.153543 0.521404 0.138104 0.692728
0 0.697195 0.587654 0.136595 0.740269
0 0.855217 0.591054 0.147855 0.704377
0 0.0458593 0.536264 0.0917186 0.700314
0 0.421292 0.541921 0.138228 0.708069
0 0.961513 0.612774 0.0769734 0.756082
0 0.557563 0.565604 0.135635 0.715624
0 0.287635 0.532871 0.136818 0.701616
0 0.153543 0.521404 0.138104 0.692728
0 0.422169 0.588955 0.140808 0.729737
0 0.289546 0.551645 0.138136 0.687687
0 0.559546 0.605705 0.14123 0.739401
0 0.854478 0.597727 0.150975 0.690576
0 0.69842 0.605446 0.142715 0.738229
0 0.0464817 0.532703 0.0926654 0.669969
0 0.155102 0.547495 0.140682 0.673794
0 0.961855 0.610289 0.0752025 0.713998
0 0.962222 0.609384 0.0755167 0.699001
0 0.422169 0.588955 0.140808 0.729737
0 0.289546 0.551645 0.138136 0.687687
0 0.559546 0.605705 0.14123 0.739401
0 0.854478 0.597727 0.150975 0.690576
0 0.69842 0.605446 0.142715 0.738229
0 0.0464817 0.532703 0.0926654 0.669969
0 0.155102 0.547495 0.140682 0.673794
0 0.961855 0.610289 0.0752025 0.713998
0 0.962222 0.609384 0.0755167 0.699001
0 0.156297 0.54343 0.139543 0.655873
0 0.422169 0.588955 0.140808 0.729737
0 0.289546 0.551645 0.138136 0.687687
0 0.559546 0.605705 0.14123 0.739401
0 0.854478 0.597727 0.150975 0.690576
0 0.69842 0.605446 0.142715 0.738229
0 0.0464817 0.532703 0.0926654 0.669969
0 0.155102 0.547495 0.140682 0.673794
0 0.961855 0.610289 0.0752025 0.713998
0 0.962222 0.609384 0.0755167 0.699001
0 0.422169 0.588955 0.140808 0.729737
0 0.289546 0.551645 0.138136 0.687687
0 0.559546 0.605705 0.14123 0.739401
0 0.854478 0.597727 0.150975 0.690576
0 0.69842 0.605446 0.142715 0.738229
0 0.0464817 0.532703 0.0926654 0.669969
0 0.155102 0.547495 0.140682 0.673794
0 0.961855 0.610289 0.0752025 0.713998
0 0.962222 0.609384 0.0755167 0.699001
