0 0.334888 0.510489 0.15657 0.729647
0 0.584019 0.626529 0.145297 0.568385
0 0.922648 0.639124 0.104917 0.66943
0 0.0775391 0.534576 0.142225 0.569619
0 0.198947 0.54173 0.12878 0.598679
0 0.770174 0.708869 0.0675475 0.469667
0 0.983818 0.685835 0.0323641 0.607
0 0.334888 0.510489 0.15657 0.729647
0 0.584019 0.626529 0.145297 0.568385
0 0.922648 0.639124 0.104917 0.66943
0 0.0775391 0.534576 0.142225 0.569619
0 0.198947 0.54173 0.12878 0.598679
0 0.770174 0.708869 0.0675475 0.469667
0 0.983818 0.685835 0.0323641 0.607
0 0.334888 0.510489 0.15657 0.729647
0 0.584019 0.626529 0.145297 0.568385
0 0.922648 0.639124 0.104917 0.66943
0 0.0775391 0.534576 0.142225 0.569619
0 0.198947 0.54173 0.12878 0.598679
0 0.770174 0.708869 0.0675475 0.469667
0 0.983818 0.685835 0.0323641 0.607
0 0.923064 0.66734 0.0951437 0.587901
0 0.584173 0.636095 0.136604 0.54131
0 0.204074 0.528819 0.132791 0.604861
0 0.076394 0.531914 0.135201 0.55012
0 0.983208 0.703443 0.0335845 0.580191
0 0.701849 0.662448 0.0800696 0.5356
0 0.324089 0.582318 0.129936 0.532966
0 0.770204 0.681765 0.0692191 0.515256
0 0.728415 0.662594 0.136046 0.56163
0 0.923064 0.66734 0.0951437 0.587901
0 0.584173 0.636095 0.136604 0.54131
0 0.204074 0.528819 0.132791 0.604861
0 0.076394 0.531914 0.135201 0.55012
0 0.983208 0.703443 0.0335845 0.580191
0 0.701849 0.662448 0.0800696 0.5356
0 0.324089 0.582318 0.129936 0.532966
0 0.770204 0.681765 0.0692191 0.515256
0 0.728415 0.662594 0.136046 0.56163
0 0.326913 0.549998 0.134739 0.599
0 0.00898986 0.510897 0.0179797 0.63188
0 0.477952 0.218885 0.106024 0.403999
0 0.32147 0.636819 0.12621 0.404397
0 0.923064 0.66734 0.0951437 0.587901
0 0.584173 0.636095 0.136604 0.54131
0 0.204074 0.528819 0.132791 0.604861
0 0.076394 0.531914 0.135201 0.55012
0 0.983208 0.703443 0.0335845 0.580191
0 0.701849 0.662448 0.0800696 0.5356
0 0.324089 0.582318 0.129936 0.532966
0 0.770204 0.681765 0.0692191 0.515256
0 0.728415 0.662594 0.136046 0.56163
0 0.923064 0.66734 0.0951437 0.587901
0 0.584173 0.636095 0.136604 0.54131
0 0.204074 0.528819 0.132791 0.604861
0 0.076394 0.531914 0.135201 0.55012
0 0.983208 0.703443 0.0335845 0.580191
0 0.701849 0.662448 0.0800696 0.5356
0 0.324089 0.582318 0.129936 0.532966
0 0.770204 0.681765 0.0692191 0.515256
0 0.728415 0.662594 0.136046 0.56163
