0 0.104288 0.411365 0.145201 0.739565
0 0.254047 0.410532 0.146944 0.721684
0 0.373148 0.409308 0.126776 0.708487
0 0.726744 0.425072 0.162509 0.684435
0 0.485419 0.413252 0.122653 0.690922
0 0.601277 0.409072 0.129278 0.677305
0 0.884426 0.471091 0.199061 0.814171
0 0.104288 0.411365 0.145201 0.739565
0 0.254047 0.410532 0.146944 0.721684
0 0.373148 0.409308 0.126776 0.708487
0 0.726744 0.425072 0.162509 0.684435
0 0.485419 0.413252 0.122653 0.690922
0 0.601277 0.409072 0.129278 0.677305
0 0.884426 0.471091 0.199061 0.814171
0 0.104288 0.411365 0.145201 0.739565
0 0.254047 0.410532 0.146944 0.721684
0 0.373148 0.409308 0.126776 0.708487
0 0.726744 0.425072 0.162509 0.684435
0 0.485419 0.413252 0.122653 0.690922
0 0.601277 0.409072 0.129278 0.677305
0 0.884426 0.471091 0.199061 0.814171
0 0.600034 0.457442 0.116915 0.75025
0 0.104326 0.425446 0.14376 0.732888
0 0.252092 0.422419 0.136284 0.707731
0 0.486999 0.425186 0.114384 0.698378
0 0.373534 0.472105 0.118937 0.793956
0 0.727127 0.514617 0.157669 0.842545
0 0.887119 0.50085 0.182758 0.823935
0 0.600034 0.457442 0.116915 0.75025
0 0.104326 0.425446 0.14376 0.732888
0 0.252092 0.422419 0.136284 0.707731
0 0.486999 0.425186 0.114384 0.698378
0 0.373534 0.472105 0.118937 0.793956
0 0.727127 0.514617 0.157669 0.842545
0 0.887119 0.50085 0.182758 0.823935
0 0.541928 0.919851 0.271987 0.160298
0 0.600034 0.457442 0.116915 0.75025
0 0.104326 0.425446 0.14376 0.732888
0 0.252092 0.422419 0.136284 0.707731
0 0.486999 0.425186 0.114384 0.698378
0 0.373534 0.472105 0.118937 0.793956
0 0.727127 0.514617 0.157669 0.842545
0 0.887119 0.50085 0.182758 0.823935
