0 0.914151 0.561702 0.101638 0.779228
0 0.723247 0.563539 0.0952939 0.765202
0 0.35077 0.566086 0.09831 0.781667
0 0.445208 0.563955 0.0964895 0.787824
0 0.630643 0.563411 0.0943212 0.767895
0 0.537496 0.553212 0.0965042 0.790585
0 0.81773 0.566609 0.0979865 0.781957
0 0.066728 0.57047 0.103265 0.768933
0 0.259858 0.547421 0.0961303 0.709395
0 0.981482 0.556827 0.0370146 0.751071
0 0.00963083 0.576638 0.019104 0.77045
0 0.164986 0.542338 0.101634 0.710942
0 0.164703 0.538016 0.100179 0.715128
0 0.914151 0.561702 0.101638 0.779228
0 0.723247 0.563539 0.0952939 0.765202
0 0.35077 0.566086 0.09831 0.781667
0 0.445208 0.563955 0.0964895 0.787824
0 0.630643 0.563411 0.0943212 0.767895
0 0.537496 0.553212 0.0965042 0.790585
0 0.81773 0.566609 0.0979865 0.781957
0 0.066728 0.57047 0.103265 0.768933
0 0.259858 0.547421 0.0961303 0.709395
0 0.981482 0.556827 0.0370146 0.751071
0 0.00963083 0.576638 0.019104 0.77045
0 0.164986 0.542338 0.101634 0.710942
0 0.164703 0.538016 0.100179 0.715128
0 0.914151 0.561702 0.101638 0.779228
0 0.723247 0.563539 0.0952939 0.765202
0 0.35077 0.566086 0.09831 0.781667
0 0.445208 0.563955 0.0964895 0.787824
0 0.630643 0.563411 0.0943212 0.767895
0 0.537496 0.553212 0.0965042 0.790585
0 0.81773 0.566609 0.0979865 0.781957
0 0.066728 0.57047 0.103265 0.768933
0 0.259858 0.547421 0.0961303 0.709395
0 0.981482 0.556827 0.0370146 0.751071
0 0.00963083 0.576638 0.019104 0.77045
0 0.164986 0.542338 0.101634 0.710942
0 0.164703 0.538016 0.100179 0.715128
0 0.164353 0.536981 0.101312 0.697677
0 0.445741 0.574852 0.0969621 0.766414
0 0.631117 0.571526 0.0955805 0.758816
0 0.537072 0.563578 0.0970116 0.785398
0 0.351449 0.558123 0.0993404 0.795513
0 0.914494 0.563982 0.101545 0.765053
0 0.818384 0.568629 0.0981457 0.764048
0 0.0676086 0.576519 0.103035 0.767042
0 0.723629 0.568783 0.0961905 0.758008
0 0.259284 0.534894 0.0957852 0.688864
0 0.982088 0.519891 0.0358243 0.68299
0 0.164353 0.536981 0.101312 0.697677
0 0.445741 0.574852 0.0969621 0.766414
0 0.631117 0.571526 0.0955805 0.758816
0 0.537072 0.563578 0.0970116 0.785398
0 0.351449 0.558123 0.0993404 0.795513
0 0.914494 0.563982 0.101545 0.765053
0 0.818384 0.568629 0.0981457 0.764048
0 0.0676086 0.576519 0.103035 0.767042
0 0.723629 0.568783 0.0961905 0.758008
0 0.259284 0.534894 0.0957852 0.688864
0 0.982088 0.519891 0.0358243 0.68299
0 0.0110476 0.577413 0.0220952 0.749054
0 0.164353 0.536981 0.101312 0.697677
0 0.445741 0.574852 0.0969621 0.766414
0 0.631117 0.571526 0.0955805 0.758816
0 0.537072 0.563578 0.0970116 0.785398
0 0.351449 0.558123 0.0993404 0.795513
0 0.914494 0.563982 0.101545 0.765053
0 0.818384 0.568629 0.0981457 0.764048
0 0.0676086 0.576519 0.103035 0.767042
0 0.723629 0.568783 0.0961905 0.758008
0 0.259284 0.534894 0.0957852 0.688864
0 0.982088 0.519891 0.0358243 0.68299
0 0.164353 0.536981 0.101312 0.697677
0 0.445741 0.574852 0.0969621 0.766414
0 0.631117 0.571526 0.0955805 0.758816
0 0.537072 0.563578 0.0970116 0.785398
0 0.351449 0.558123 0.0993404 0.795513
0 0.914494 0.563982 0.101545 0.765053
0 0.818384 0.568629 0.0981457 0.764048
0 0.0676086 0.576519 0.103035 0.767042
0 0.723629 0.568783 0.0961905 0.758008
0 0.259284 0.534894 0.0957852 0.688864
0 0.982088 0.519891 0.0358243 0.68299
