0 0.347075 0.494113 0.192301 0.917047
0 0.154106 0.504387 0.211788 0.934384
0 0.813157 0.39525 0.29101 0.782909
0 0.700023 0.459609 0.5562 0.919218
0 0.347075 0.494113 0.192301 0.917047
0 0.154106 0.504387 0.211788 0.934384
0 0.813157 0.39525 0.29101 0.782909
0 0.700023 0.459609 0.5562 0.919218
0 0.347075 0.494113 0.192301 0.917047
0 0.154106 0.504387 0.211788 0.934384
0 0.813157 0.39525 0.29101 0.782909
0 0.700023 0.459609 0.5562 0.919218
0 0.154793 0.53969 0.199601 0.870897
0 0.343305 0.519419 0.185002 0.848516
0 0.699957 0.66598 0.51594 0.390084
0 0.881541 0.875325 0.189024 0.24935
0 0.154793 0.53969 0.199601 0.870897
0 0.343305 0.519419 0.185002 0.848516
0 0.699957 0.66598 0.51594 0.390084
0 0.881541 0.875325 0.189024 0.24935
0 0.801103 0.257623 0.267947 0.515247
0 0.154793 0.53969 0.199601 0.870897
0 0.343305 0.519419 0.185002 0.848516
0 0.699957 0.66598 0.51594 0.390084
0 0.881541 0.875325 0.189024 0.24935
0 0.154793 0.53969 0.199601 0.870897
0 0.343305 0.519419 0.185002 0.848516
0 0.699957 0.66598 0.51594 0.390084
0 0.881541 0.875325 0.189024 0.24935
