0 0.773846 0.346393 0.115243 0.355153
0 0.543669 0.474079 0.197723 0.746418
0 0.773356 0.70448 0.131803 0.354801
0 0.0360009 0.86876 0.0720018 0.262479
0 0.704305 0.317276 0.0432365 0.333101
0 0.940098 0.41029 0.119804 0.454162
0 0.184005 0.489902 0.172758 0.383581
0 0.925426 0.576592 0.147114 0.841543
0 0.773846 0.346393 0.115243 0.355153
0 0.543669 0.474079 0.197723 0.746418
0 0.773356 0.70448 0.131803 0.354801
0 0.0360009 0.86876 0.0720018 0.262479
0 0.704305 0.317276 0.0432365 0.333101
0 0.940098 0.41029 0.119804 0.454162
0 0.184005 0.489902 0.172758 0.383581
0 0.925426 0.576592 0.147114 0.841543
0 0.773846 0.346393 0.115243 0.355153
0 0.543669 0.474079 0.197723 0.746418
0 0.773356 0.70448 0.131803 0.354801
0 0.0360009 0.86876 0.0720018 0.262479
0 0.704305 0.317276 0.0432365 0.333101
0 0.940098 0.41029 0.119804 0.454162
0 0.184005 0.489902 0.172758 0.383581
0 0.925426 0.576592 0.147114 0.841543
0 0.364003 0.532907 0.188614 0.489434
0 0.746662 0.683996 0.208637 0.401686
0 0.185276 0.500961 0.184539 0.413594
0 0.199253 0.182807 0.205005 0.365614
0 0.934877 0.409049 0.130246 0.451173
0 0.925537 0.781189 0.147293 0.417232
0 0.550146 0.310142 0.19101 0.390966
0 0.539449 0.650533 0.185445 0.387991
0 0.0403622 0.485454 0.0807245 0.344764
0 0.0296009 0.17149 0.0592017 0.342979
0 0.0461325 0.873771 0.0917079 0.252459
0 0.0802585 0.154845 0.0565494 0.306835
0 0.754834 0.349366 0.0786157 0.343179
0 0.364003 0.532907 0.188614 0.489434
0 0.746662 0.683996 0.208637 0.401686
0 0.185276 0.500961 0.184539 0.413594
0 0.199253 0.182807 0.205005 0.365614
0 0.934877 0.409049 0.130246 0.451173
0 0.925537 0.781189 0.147293 0.417232
0 0.550146 0.310142 0.19101 0.390966
0 0.539449 0.650533 0.185445 0.387991
0 0.0403622 0.485454 0.0807245 0.344764
0 0.0296009 0.17149 0.0592017 0.342979
0 0.0461325 0.873771 0.0917079 0.252459
0 0.0802585 0.154845 0.0565494 0.306835
0 0.754834 0.349366 0.0786157 0.343179
0 0.704028 0.31486 0.0502658 0.329537
0 0.822754 0.363172 0.0980936 0.340475
0 0.796512 0.363008 0.153445 0.353873
0 0.364003 0.532907 0.188614 0.489434
0 0.746662 0.683996 0.208637 0.401686
0 0.185276 0.500961 0.184539 0.413594
0 0.199253 0.182807 0.205005 0.365614
0 0.934877 0.409049 0.130246 0.451173
0 0.925537 0.781189 0.147293 0.417232
0 0.550146 0.310142 0.19101 0.390966
0 0.539449 0.650533 0.185445 0.387991
0 0.0403622 0.485454 0.0807245 0.344764
0 0.0296009 0.17149 0.0592017 0.342979
0 0.0461325 0.873771 0.0917079 0.252459
0 0.0802585 0.154845 0.0565494 0.306835
0 0.754834 0.349366 0.0786157 0.343179
0 0.364003 0.532907 0.188614 0.489434
0 0.746662 0.683996 0.208637 0.401686
0 0.185276 0.500961 0.184539 0.413594
0 0.199253 0.182807 0.205005 0.365614
0 0.934877 0.409049 0.130246 0.451173
0 0.925537 0.781189 0.147293 0.417232
0 0.550146 0.310142 0.19101 0.390966
0 0.539449 0.650533 0.185445 0.387991
0 0.0403622 0.485454 0.0807245 0.344764
0 0.0296009 0.17149 0.0592017 0.342979
0 0.0461325 0.873771 0.0917079 0.252459
0 0.0802585 0.154845 0.0565494 0.306835
0 0.754834 0.349366 0.0786157 0.343179
