0 0.713677 0.599471 0.165024 0.698044
0 0.3577 0.567655 0.13907 0.518162
0 0.901374 0.578471 0.190988 0.807113
0 0.470199 0.585834 0.150091 0.559342
0 0.588354 0.575394 0.162364 0.707661
0 0.583697 0.580183 0.157093 0.668258
0 0.713677 0.599471 0.165024 0.698044
0 0.3577 0.567655 0.13907 0.518162
0 0.901374 0.578471 0.190988 0.807113
0 0.470199 0.585834 0.150091 0.559342
0 0.588354 0.575394 0.162364 0.707661
0 0.583697 0.580183 0.157093 0.668258
0 0.713677 0.599471 0.165024 0.698044
0 0.3577 0.567655 0.13907 0.518162
0 0.901374 0.578471 0.190988 0.807113
0 0.470199 0.585834 0.150091 0.559342
0 0.588354 0.575394 0.162364 0.707661
0 0.583697 0.580183 0.157093 0.668258
0 0.901054 0.577386 0.174727 0.783724
0 0.360961 0.493719 0.141797 0.649793
0 0.589394 0.571998 0.145286 0.670326
0 0.25449 0.448103 0.135252 0.624556
0 0.713556 0.600129 0.155863 0.669674
0 0.471082 0.538697 0.142396 0.661081
0 0.146338 0.408168 0.136693 0.619226
0 0.901054 0.577386 0.174727 0.783724
0 0.360961 0.493719 0.141797 0.649793
0 0.589394 0.571998 0.145286 0.670326
0 0.25449 0.448103 0.135252 0.624556
0 0.713556 0.600129 0.155863 0.669674
0 0.471082 0.538697 0.142396 0.661081
0 0.146338 0.408168 0.136693 0.619226
0 0.0195968 0.348703 0.0391936 0.612295
0 0.713271 0.600477 0.154538 0.669408
0 0.0211935 0.338677 0.0423871 0.632458
0 0.901054 0.577386 0.174727 0.783724
0 0.360961 0.493719 0.141797 0.649793
0 0.589394 0.571998 0.145286 0.670326
0 0.25449 0.448103 0.135252 0.624556
0 0.713556 0.600129 0.155863 0.669674
0 0.471082 0.538697 0.142396 0.661081
0 0.146338 0.408168 0.136693 0.619226
0 0.901054 0.577386 0.174727 0.783724
0 0.360961 0.493719 0.141797 0.649793
0 0.589394 0.571998 0.145286 0.670326
0 0.25449 0.448103 0.135252 0.624556
0 0.713556 0.600129 0.155863 0.669674
0 0.471082 0.538697 0.142396 0.661081
0 0.146338 0.408168 0.136693 0.619226
