0 0.431298 0.556487 0.117645 0.738437
0 0.136475 0.425823 0.232764 0.58367
0 0.310046 0.453776 0.120244 0.547663
0 0.547709 0.560779 0.121686 0.75877
0 0.752211 0.574345 0.115218 0.794885
0 0.648224 0.468403 0.105623 0.534634
0 0.885343 0.522014 0.170068 0.927566
0 0.886232 0.527812 0.171379 0.926645
0 0.752036 0.470887 0.108684 0.541355
0 0.433408 0.477042 0.114862 0.569907
0 0.543976 0.47668 0.10661 0.59313
0 0.431298 0.556487 0.117645 0.738437
0 0.136475 0.425823 0.232764 0.58367
0 0.310046 0.453776 0.120244 0.547663
0 0.547709 0.560779 0.121686 0.75877
0 0.752211 0.574345 0.115218 0.794885
0 0.648224 0.468403 0.105623 0.534634
0 0.885343 0.522014 0.170068 0.927566
0 0.886232 0.527812 0.171379 0.926645
0 0.752036 0.470887 0.108684 0.541355
0 0.433408 0.477042 0.114862 0.569907
0 0.543976 0.47668 0.10661 0.59313
0 0.431298 0.556487 0.117645 0.738437
0 0.136475 0.425823 0.232764 0.58367
0 0.310046 0.453776 0.120244 0.547663
0 0.547709 0.560779 0.121686 0.75877
0 0.752211 0.574345 0.115218 0.794885
0 0.648224 0.468403 0.105623 0.534634
0 0.885343 0.522014 0.170068 0.927566
0 0.886232 0.527812 0.171379 0.926645
0 0.752036 0.470887 0.108684 0.541355
0 0.433408 0.477042 0.114862 0.569907
0 0.543976 0.47668 0.10661 0.59313
0 0.647625 0.574418 0.102259 0.70852
0 0.432961 0.560591 0.113943 0.711619
0 0.544083 0.563729 0.106122 0.709482
0 0.312213 0.54901 0.122433 0.694694
0 0.136927 0.434226 0.210579 0.582845
0 0.88567 0.517725 0.149467 0.889704
0 0.647625 0.574418 0.102259 0.70852
0 0.432961 0.560591 0.113943 0.711619
0 0.544083 0.563729 0.106122 0.709482
0 0.312213 0.54901 0.122433 0.694694
0 0.136927 0.434226 0.210579 0.582845
0 0.88567 0.517725 0.149467 0.889704
0 0.886041 0.51115 0.148122 0.898271
0 0.432387 0.56083 0.114951 0.71161
0 0.753509 0.582965 0.107399 0.733829
0 0.75076 0.577028 0.105256 0.725119
0 0.647625 0.574418 0.102259 0.70852
0 0.432961 0.560591 0.113943 0.711619
0 0.544083 0.563729 0.106122 0.709482
0 0.312213 0.54901 0.122433 0.694694
0 0.136927 0.434226 0.210579 0.582845
0 0.88567 0.517725 0.149467 0.889704
0 0.647625 0.574418 0.102259 0.70852
0 0.432961 0.560591 0.113943 0.711619
0 0.544083 0.563729 0.106122 0.709482
0 0.312213 0.54901 0.122433 0.694694
0 0.136927 0.434226 0.210579 0.582845
0 0.88567 0.517725 0.149467 0.889704
