0 0.546594 0.561783 0.168885 0.66641
0 0.720431 0.608261 0.170476 0.698978
0 0.215147 0.562505 0.18014 0.659705
0 0.0401569 0.526125 0.0800647 0.635648
0 0.546594 0.561783 0.168885 0.66641
0 0.720431 0.608261 0.170476 0.698978
0 0.215147 0.562505 0.18014 0.659705
0 0.0401569 0.526125 0.0800647 0.635648
0 0.546594 0.561783 0.168885 0.66641
0 0.720431 0.608261 0.170476 0.698978
0 0.215147 0.562505 0.18014 0.659705
0 0.0401569 0.526125 0.0800647 0.635648
0 0.546059 0.566929 0.166196 0.655312
0 0.21486 0.569714 0.171764 0.672522
0 0.0379627 0.52325 0.0758311 0.625708
0 0.72056 0.625104 0.162853 0.667453
0 0.546059 0.566929 0.166196 0.655312
0 0.21486 0.569714 0.171764 0.672522
0 0.0379627 0.52325 0.0758311 0.625708
0 0.72056 0.625104 0.162853 0.667453
0 0.720264 0.632178 0.164137 0.655516
0 0.546059 0.566929 0.166196 0.655312
0 0.21486 0.569714 0.171764 0.672522
0 0.0379627 0.52325 0.0758311 0.625708
0 0.72056 0.625104 0.162853 0.667453
