0 0.729851 0.47305 0.170557 0.830988
0 0.345489 0.509307 0.200326 0.890384
0 0.882931 0.449073 0.163569 0.789512
0 0.152374 0.513642 0.207305 0.934911
0 0.560277 0.488428 0.193867 0.859479
0 0.729851 0.47305 0.170557 0.830988
0 0.345489 0.509307 0.200326 0.890384
0 0.882931 0.449073 0.163569 0.789512
0 0.152374 0.513642 0.207305 0.934911
0 0.560277 0.488428 0.193867 0.859479
0 0.729851 0.47305 0.170557 0.830988
0 0.345489 0.509307 0.200326 0.890384
0 0.882931 0.449073 0.163569 0.789512
0 0.152374 0.513642 0.207305 0.934911
0 0.560277 0.488428 0.193867 0.859479
0 0.564947 0.5071 0.17996 0.82561
0 0.154224 0.530165 0.19812 0.905053
0 0.731325 0.491159 0.161949 0.79375
0 0.885872 0.460107 0.156043 0.777534
0 0.346172 0.51827 0.1893 0.857795
0 0.564947 0.5071 0.17996 0.82561
0 0.154224 0.530165 0.19812 0.905053
0 0.731325 0.491159 0.161949 0.79375
0 0.885872 0.460107 0.156043 0.777534
0 0.346172 0.51827 0.1893 0.857795
0 0.982816 0.418373 0.0343043 0.796344
0 0.564947 0.5071 0.17996 0.82561
0 0.154224 0.530165 0.19812 0.905053
0 0.731325 0.491159 0.161949 0.79375
0 0.885872 0.460107 0.156043 0.777534
0 0.346172 0.51827 0.1893 0.857795
0 0.564947 0.5071 0.17996 0.82561
0 0.154224 0.530165 0.19812 0.905053
0 0.731325 0.491159 0.161949 0.79375
0 0.885872 0.460107 0.156043 0.777534
0 0.346172 0.51827 0.1893 0.857795
