0 0.420848 0.700868 0.278812 0.510294
0 0.708877 0.701097 0.294856 0.520413
0 0.144519 0.724466 0.283618 0.524617
0 0.915058 0.693 0.16617 0.535778
0 0.420848 0.700868 0.278812 0.510294
0 0.708877 0.701097 0.294856 0.520413
0 0.144519 0.724466 0.283618 0.524617
0 0.915058 0.693 0.16617 0.535778
0 0.420848 0.700868 0.278812 0.510294
0 0.708877 0.701097 0.294856 0.520413
0 0.144519 0.724466 0.283618 0.524617
0 0.915058 0.693 0.16617 0.535778
0 0.709474 0.702891 0.27833 0.51213
0 0.421788 0.703575 0.268442 0.520466
0 0.142661 0.728908 0.276161 0.532264
0 0.919268 0.697878 0.159387 0.518797
0 0.709474 0.702891 0.27833 0.51213
0 0.421788 0.703575 0.268442 0.520466
0 0.142661 0.728908 0.276161 0.532264
0 0.919268 0.697878 0.159387 0.518797
0 0.0291655 0.425828 0.058331 0.139372
0 0.709474 0.702891 0.27833 0.51213
0 0.421788 0.703575 0.268442 0.520466
0 0.142661 0.728908 0.276161 0.532264
0 0.919268 0.697878 0.159387 0.518797
0 0.709474 0.702891 0.27833 0.51213
0 0.421788 0.703575 0.268442 0.520466
0 0.142661 0.728908 0.276161 0.532264
0 0.919268 0.697878 0.159387 0.518797
