0 0.836253 0.651425 0.220049 0.657793
0 0.120992 0.372657 0.194267 0.43456
0 0.670527 0.590935 0.114127 0.708721
0 0.563061 0.564032 0.110918 0.680684
0 0.464689 0.554615 0.103371 0.692339
0 0.121147 0.562881 0.210751 0.835222
0 0.836253 0.651425 0.220049 0.657793
0 0.120992 0.372657 0.194267 0.43456
0 0.670527 0.590935 0.114127 0.708721
0 0.563061 0.564032 0.110918 0.680684
0 0.464689 0.554615 0.103371 0.692339
0 0.121147 0.562881 0.210751 0.835222
0 0.836253 0.651425 0.220049 0.657793
0 0.120992 0.372657 0.194267 0.43456
0 0.670527 0.590935 0.114127 0.708721
0 0.563061 0.564032 0.110918 0.680684
0 0.464689 0.554615 0.103371 0.692339
0 0.121147 0.562881 0.210751 0.835222
0 0.366242 0.487789 0.100496 0.565619
0 0.27183 0.477053 0.0968084 0.542846
0 0.671022 0.580374 0.113042 0.675777
0 0.845326 0.513482 0.230464 0.857164
0 0.464076 0.52901 0.099953 0.621448
0 0.564254 0.568169 0.108798 0.649043
0 0.562757 0.55939 0.104867 0.641238
0 0.366242 0.487789 0.100496 0.565619
0 0.27183 0.477053 0.0968084 0.542846
0 0.671022 0.580374 0.113042 0.675777
0 0.845326 0.513482 0.230464 0.857164
0 0.464076 0.52901 0.099953 0.621448
0 0.564254 0.568169 0.108798 0.649043
0 0.562757 0.55939 0.104867 0.641238
0 0.366242 0.487789 0.100496 0.565619
0 0.27183 0.477053 0.0968084 0.542846
0 0.671022 0.580374 0.113042 0.675777
0 0.845326 0.513482 0.230464 0.857164
0 0.464076 0.52901 0.099953 0.621448
0 0.564254 0.568169 0.108798 0.649043
0 0.562757 0.55939 0.104867 0.641238
0 0.366242 0.487789 0.100496 0.565619
0 0.27183 0.477053 0.0968084 0.542846
0 0.671022 0.580374 0.113042 0.675777
0 0.845326 0.513482 0.230464 0.857164
0 0.464076 0.52901 0.099953 0.621448
0 0.564254 0.568169 0.108798 0.649043
0 0.562757 0.55939 0.104867 0.641238
