0 0.513291 0.548572 0.0759218 0.518926
0 0.450886 0.525652 0.0687434 0.504237
0 0.391365 0.505406 0.0649922 0.505748
0 0.897436 0.517698 0.192428 0.914067
0 0.0281682 0.357719 0.0558056 0.509682
0 0.246069 0.441518 0.0676578 0.512394
0 0.100578 0.397417 0.0879037 0.476329
0 0.694363 0.307669 0.125268 0.405318
0 0.0955852 0.897594 0.182552 0.204812
0 0.889535 0.741184 0.167819 0.433358
0 0.208419 0.431565 0.0404286 0.49028
0 0.173018 0.421741 0.0569324 0.486635
0 0.311585 0.473993 0.0791847 0.497792
0 0.334725 0.486268 0.0564737 0.493832
0 0.513291 0.548572 0.0759218 0.518926
0 0.450886 0.525652 0.0687434 0.504237
0 0.391365 0.505406 0.0649922 0.505748
0 0.897436 0.517698 0.192428 0.914067
0 0.0281682 0.357719 0.0558056 0.509682
0 0.246069 0.441518 0.0676578 0.512394
0 0.100578 0.397417 0.0879037 0.476329
0 0.694363 0.307669 0.125268 0.405318
0 0.0955852 0.897594 0.182552 0.204812
0 0.889535 0.741184 0.167819 0.433358
0 0.208419 0.431565 0.0404286 0.49028
0 0.173018 0.421741 0.0569324 0.486635
0 0.311585 0.473993 0.0791847 0.497792
0 0.334725 0.486268 0.0564737 0.493832
0 0.513291 0.548572 0.0759218 0.518926
0 0.450886 0.525652 0.0687434 0.504237
0 0.391365 0.505406 0.0649922 0.505748
0 0.897436 0.517698 0.192428 0.914067
0 0.0281682 0.357719 0.0558056 0.509682
0 0.246069 0.441518 0.0676578 0.512394
0 0.100578 0.397417 0.0879037 0.476329
0 0.694363 0.307669 0.125268 0.405318
0 0.0955852 0.897594 0.182552 0.204812
0 0.889535 0.741184 0.167819 0.433358
0 0.208419 0.431565 0.0404286 0.49028
0 0.173018 0.421741 0.0569324 0.486635
0 0.311585 0.473993 0.0791847 0.497792
0 0.334725 0.486268 0.0564737 0.493832
0 0.449932 0.527339 0.071368 0.498858
0 0.514038 0.54777 0.0786106 0.517973
0 0.101436 0.3681 0.0981135 0.551143
0 0.189105 0.373762 0.0907579 0.59854
0 0.0308354 0.309021 0.0612807 0.618042
0 0.392778 0.508234 0.0703551 0.505447
0 0.255735 0.373487 0.0624506 0.636666
0 0.680663 0.309172 0.0987902 0.379908
0 0.0523353 0.89834 0.100064 0.203319
0 0.895535 0.744074 0.193028 0.468905
0 0.336661 0.485158 0.0521515 0.491529
0 0.135751 0.903699 0.107558 0.192601
0 0.684578 0.698907 0.127561 0.373425
0 0.583332 0.667129 0.0869522 0.372441
0 0.900363 0.316952 0.159292 0.459641
0 0.449932 0.527339 0.071368 0.498858
0 0.514038 0.54777 0.0786106 0.517973
0 0.101436 0.3681 0.0981135 0.551143
0 0.189105 0.373762 0.0907579 0.59854
0 0.0308354 0.309021 0.0612807 0.618042
0 0.392778 0.508234 0.0703551 0.505447
0 0.255735 0.373487 0.0624506 0.636666
0 0.680663 0.309172 0.0987902 0.379908
0 0.0523353 0.89834 0.100064 0.203319
0 0.895535 0.744074 0.193028 0.468905
0 0.336661 0.485158 0.0521515 0.491529
0 0.135751 0.903699 0.107558 0.192601
0 0.684578 0.698907 0.127561 0.373425
0 0.583332 0.667129 0.0869522 0.372441
0 0.900363 0.316952 0.159292 0.459641
0 0.301184 0.471068 0.051149 0.482339
0 0.872461 0.743725 0.246675 0.477628
0 0.030303 0.33054 0.0606061 0.567838
0 0.449932 0.527339 0.071368 0.498858
0 0.514038 0.54777 0.0786106 0.517973
0 0.101436 0.3681 0.0981135 0.551143
0 0.189105 0.373762 0.0907579 0.59854
0 0.0308354 0.309021 0.0612807 0.618042
0 0.392778 0.508234 0.0703551 0.505447
0 0.255735 0.373487 0.0624506 0.636666
0 0.680663 0.309172 0.0987902 0.379908
0 0.0523353 0.89834 0.100064 0.203319
0 0.895535 0.744074 0.193028 0.468905
0 0.336661 0.485158 0.0521515 0.491529
0 0.135751 0.903699 0.107558 0.192601
0 0.684578 0.698907 0.127561 0.373425
0 0.583332 0.667129 0.0869522 0.372441
0 0.900363 0.316952 0.159292 0.459641
0 0.449932 0.527339 0.071368 0.498858
0 0.514038 0.54777 0.0786106 0.517973
0 0.101436 0.3681 0.0981135 0.551143
0 0.189105 0.373762 0.0907579 0.59854
0 0.0308354 0.309021 0.0612807 0.618042
0 0.392778 0.508234 0.0703551 0.505447
0 0.255735 0.373487 0.0624506 0.636666
0 0.680663 0.309172 0.0987902 0.379908
0 0.0523353 0.89834 0.100064 0.203319
0 0.895535 0.744074 0.193028 0.468905
0 0.336661 0.485158 0.0521515 0.491529
0 0.135751 0.903699 0.107558 0.192601
0 0.684578 0.698907 0.127561 0.373425
0 0.583332 0.667129 0.0869522 0.372441
0 0.900363 0.316952 0.159292 0.459641
