0 0.544486 0.645356 0.115816 0.610638
0 0.654882 0.655066 0.120403 0.603548
0 0.773688 0.658979 0.122298 0.607691
0 0.426477 0.588016 0.131806 0.737161
0 0.888105 0.657886 0.121682 0.580554
0 0.194201 0.592507 0.13844 0.732363
0 0.0751162 0.583005 0.141867 0.72036
0 0.979459 0.672163 0.0410817 0.562265
0 0.309738 0.580651 0.133487 0.747747
0 0.42671 0.589239 0.129006 0.736716
0 0.308788 0.57478 0.13308 0.751745
0 0.544486 0.645356 0.115816 0.610638
0 0.654882 0.655066 0.120403 0.603548
0 0.773688 0.658979 0.122298 0.607691
0 0.426477 0.588016 0.131806 0.737161
0 0.888105 0.657886 0.121682 0.580554
0 0.194201 0.592507 0.13844 0.732363
0 0.0751162 0.583005 0.141867 0.72036
0 0.979459 0.672163 0.0410817 0.562265
0 0.309738 0.580651 0.133487 0.747747
0 0.42671 0.589239 0.129006 0.736716
0 0.308788 0.57478 0.13308 0.751745
0 0.544486 0.645356 0.115816 0.610638
0 0.654882 0.655066 0.120403 0.603548
0 0.773688 0.658979 0.122298 0.607691
0 0.426477 0.588016 0.131806 0.737161
0 0.888105 0.657886 0.121682 0.580554
0 0.194201 0.592507 0.13844 0.732363
0 0.0751162 0.583005 0.141867 0.72036
0 0.979459 0.672163 0.0410817 0.562265
0 0.309738 0.580651 0.133487 0.747747
0 0.42671 0.589239 0.129006 0.736716
0 0.308788 0.57478 0.13308 0.751745
0 0.65471 0.670814 0.113069 0.551134
0 0.310862 0.581017 0.128805 0.726107
0 0.0755111 0.585577 0.134484 0.696721
0 0.194597 0.598401 0.132375 0.7053
0 0.543841 0.646932 0.114679 0.587706
0 0.889008 0.668166 0.109304 0.548598
0 0.773211 0.686414 0.109431 0.530039
0 0.773247 0.687051 0.109212 0.531927
0 0.977124 0.671481 0.045752 0.549979
0 0.427673 0.59476 0.128101 0.7111
0 0.65471 0.670814 0.113069 0.551134
0 0.310862 0.581017 0.128805 0.726107
0 0.0755111 0.585577 0.134484 0.696721
0 0.194597 0.598401 0.132375 0.7053
0 0.543841 0.646932 0.114679 0.587706
0 0.889008 0.668166 0.109304 0.548598
0 0.773211 0.686414 0.109431 0.530039
0 0.773247 0.687051 0.109212 0.531927
0 0.977124 0.671481 0.045752 0.549979
0 0.427673 0.59476 0.128101 0.7111
0 0.65471 0.670814 0.113069 0.551134
0 0.310862 0.581017 0.128805 0.726107
0 0.0755111 0.585577 0.134484 0.696721
0 0.194597 0.598401 0.132375 0.7053
0 0.543841 0.646932 0.114679 0.587706
0 0.889008 0.668166 0.109304 0.548598
0 0.773211 0.686414 0.109431 0.530039
0 0.773247 0.687051 0.109212 0.531927
0 0.977124 0.671481 0.045752 0.549979
0 0.427673 0.59476 0.128101 0.7111
0 0.65471 0.670814 0.113069 0.551134
0 0.310862 0.581017 0.128805 0.726107
0 0.0755111 0.585577 0.134484 0.696721
0 0.194597 0.598401 0.132375 0.7053
0 0.543841 0.646932 0.114679 0.587706
0 0.889008 0.668166 0.109304 0.548598
0 0.773211 0.686414 0.109431 0.530039
0 0.773247 0.687051 0.109212 0.531927
0 0.977124 0.671481 0.045752 0.549979
0 0.427673 0.59476 0.128101 0.7111
