0 0.907911 0.392458 0.112472 0.388164
0 0.488735 0.558946 0.245236 0.653772
0 0.785596 0.563613 0.125599 0.610574
0 0.0526812 0.593612 0.105362 0.782431
0 0.672914 0.579643 0.147404 0.599723
0 0.230478 0.571085 0.286038 0.732136
0 0.907911 0.392458 0.112472 0.388164
0 0.488735 0.558946 0.245236 0.653772
0 0.785596 0.563613 0.125599 0.610574
0 0.0526812 0.593612 0.105362 0.782431
0 0.672914 0.579643 0.147404 0.599723
0 0.230478 0.571085 0.286038 0.732136
0 0.907911 0.392458 0.112472 0.388164
0 0.488735 0.558946 0.245236 0.653772
0 0.785596 0.563613 0.125599 0.610574
0 0.0526812 0.593612 0.105362 0.782431
0 0.672914 0.579643 0.147404 0.599723
0 0.230478 0.571085 0.286038 0.732136
0 0.489032 0.566738 0.256063 0.639505
0 0.236412 0.606389 0.301872 0.676463
0 0.0571405 0.612759 0.113371 0.761036
0 0.899905 0.392009 0.135394 0.399123
0 0.724728 0.571205 0.252097 0.61672
0 0.489032 0.566738 0.256063 0.639505
0 0.236412 0.606389 0.301872 0.676463
0 0.0571405 0.612759 0.113371 0.761036
0 0.899905 0.392009 0.135394 0.399123
0 0.724728 0.571205 0.252097 0.61672
0 0.909267 0.772181 0.172468 0.227278
0 0.489032 0.566738 0.256063 0.639505
0 0.236412 0.606389 0.301872 0.676463
0 0.0571405 0.612759 0.113371 0.761036
0 0.899905 0.392009 0.135394 0.399123
0 0.724728 0.571205 0.252097 0.61672
0 0.489032 0.566738 0.256063 0.639505
0 0.236412 0.606389 0.301872 0.676463
0 0.0571405 0.612759 0.113371 0.761036
0 0.899905 0.392009 0.135394 0.399123
0 0.724728 0.571205 0.252097 0.61672
