0 0.663707 0.684439 0.42349 0.517726
0 0.264318 0.709068 0.427665 0.568462
0 0.040866 0.70314 0.081732 0.573585
0 0.663707 0.684439 0.42349 0.517726
0 0.264318 0.709068 0.427665 0.568462
0 0.040866 0.70314 0.081732 0.573585
0 0.663707 0.684439 0.42349 0.517726
0 0.264318 0.709068 0.427665 0.568462
0 0.040866 0.70314 0.081732 0.573585
0 0.272019 0.706742 0.407712 0.531377
0 0.666466 0.685857 0.403138 0.512806
0 0.0387975 0.712542 0.0775951 0.535765
0 0.272019 0.706742 0.407712 0.531377
0 0.666466 0.685857 0.403138 0.512806
0 0.0387975 0.712542 0.0775951 0.535765
0 0.0391364 0.594675 0.0782727 0.294204
0 0.738445 0.96994 0.307499 0.0601202
0 0.669802 0.686227 0.409355 0.500249
0 0.0370682 0.714972 0.0734944 0.54135
0 0.272019 0.706742 0.407712 0.531377
0 0.666466 0.685857 0.403138 0.512806
0 0.0387975 0.712542 0.0775951 0.535765
