0 0.489938 0.560408 0.280886 0.630878
0 0.806231 0.577729 0.336218 0.813682
0 0.195145 0.435017 0.291185 0.731034
0 0.489938 0.560408 0.280886 0.630878
0 0.806231 0.577729 0.336218 0.813682
0 0.195145 0.435017 0.291185 0.731034
0 0.489938 0.560408 0.280886 0.630878
0 0.806231 0.577729 0.336218 0.813682
0 0.195145 0.435017 0.291185 0.731034
0 0.189559 0.470154 0.276933 0.618263
0 0.490434 0.549092 0.279611 0.640113
0 0.813551 0.668691 0.32634 0.633602
0 0.189559 0.470154 0.276933 0.618263
0 0.490434 0.549092 0.279611 0.640113
0 0.813551 0.668691 0.32634 0.633602
0 0.189559 0.470154 0.276933 0.618263
0 0.490434 0.549092 0.279611 0.640113
0 0.813551 0.668691 0.32634 0.633602
0 0.189559 0.470154 0.276933 0.618263
0 0.490434 0.549092 0.279611 0.640113
0 0.813551 0.668691 0.32634 0.633602
