0 0.254903 0.393825 0.18726 0.507991
0 0.446316 0.47073 0.183795 0.57315
0 0.254903 0.393825 0.18726 0.507991
0 0.446316 0.47073 0.183795 0.57315
0 0.254903 0.393825 0.18726 0.507991
0 0.446316 0.47073 0.183795 0.57315
0 0.244523 0.361523 0.163199 0.504822
0 0.428095 0.441078 0.15054 0.549451
0 0.244523 0.361523 0.163199 0.504822
0 0.428095 0.441078 0.15054 0.549451
0 0.0232487 0.5553 0.0464975 0.553381
0 0.244523 0.361523 0.163199 0.504822
0 0.428095 0.441078 0.15054 0.549451
0 0.244523 0.361523 0.163199 0.504822
0 0.428095 0.441078 0.15054 0.549451
