0 0.193055 0.553847 0.0856143 0.864965
0 0.491734 0.531339 0.0801981 0.912769
0 0.117146 0.55372 0.0803223 0.876684
0 0.0425042 0.563244 0.0850083 0.86476
0 0.946238 0.542575 0.0846004 0.875925
0 0.418631 0.506073 0.0780679 0.966649
0 0.345296 0.543278 0.082845 0.898113
0 0.269584 0.554412 0.0823111 0.881718
0 0.564969 0.384861 0.0768506 0.746486
0 0.565195 0.499669 0.0770948 0.997765
0 0.193055 0.553847 0.0856143 0.864965
0 0.491734 0.531339 0.0801981 0.912769
0 0.117146 0.55372 0.0803223 0.876684
0 0.0425042 0.563244 0.0850083 0.86476
0 0.946238 0.542575 0.0846004 0.875925
0 0.418631 0.506073 0.0780679 0.966649
0 0.345296 0.543278 0.082845 0.898113
0 0.269584 0.554412 0.0823111 0.881718
0 0.564969 0.384861 0.0768506 0.746486
0 0.565195 0.499669 0.0770948 0.997765
0 0.193055 0.553847 0.0856143 0.864965
0 0.491734 0.531339 0.0801981 0.912769
0 0.117146 0.55372 0.0803223 0.876684
0 0.0425042 0.563244 0.0850083 0.86476
0 0.946238 0.542575 0.0846004 0.875925
0 0.418631 0.506073 0.0780679 0.966649
0 0.345296 0.543278 0.082845 0.898113
0 0.269584 0.554412 0.0823111 0.881718
0 0.564969 0.384861 0.0768506 0.746486
0 0.565195 0.499669 0.0770948 0.997765
0 0.491903 0.569542 0.0790315 0.840552
0 0.345417 0.5553 0.0791485 0.863883
0 0.0420407 0.629848 0.0840715 0.728459
0 0.19306 0.586479 0.0815322 0.796421
0 0.117422 0.59772 0.0786467 0.779958
0 0.565091 0.51522 0.0740224 0.964908
0 0.269658 0.561644 0.0797123 0.85459
0 0.418115 0.607639 0.0711415 0.730673
0 0.94501 0.604966 0.0832046 0.759064
0 0.990269 0.632516 0.0194618 0.718927
0 0.79221 0.577669 0.0780602 0.819287
0 0.867656 0.582599 0.0786486 0.777785
0 0.491903 0.569542 0.0790315 0.840552
0 0.345417 0.5553 0.0791485 0.863883
0 0.0420407 0.629848 0.0840715 0.728459
0 0.19306 0.586479 0.0815322 0.796421
0 0.117422 0.59772 0.0786467 0.779958
0 0.565091 0.51522 0.0740224 0.964908
0 0.269658 0.561644 0.0797123 0.85459
0 0.418115 0.607639 0.0711415 0.730673
0 0.94501 0.604966 0.0832046 0.759064
0 0.990269 0.632516 0.0194618 0.718927
0 0.79221 0.577669 0.0780602 0.819287
0 0.867656 0.582599 0.0786486 0.777785
0 0.491903 0.569542 0.0790315 0.840552
0 0.345417 0.5553 0.0791485 0.863883
0 0.0420407 0.629848 0.0840715 0.728459
0 0.19306 0.586479 0.0815322 0.796421
0 0.117422 0.59772 0.0786467 0.779958
0 0.565091 0.51522 0.0740224 0.964908
0 0.269658 0.561644 0.0797123 0.85459
0 0.418115 0.607639 0.0711415 0.730673
0 0.94501 0.604966 0.0832046 0.759064
0 0.990269 0.632516 0.0194618 0.718927
0 0.79221 0.577669 0.0780602 0.819287
0 0.867656 0.582599 0.0786486 0.777785
0 0.491903 0.569542 0.0790315 0.840552
0 0.345417 0.5553 0.0791485 0.863883
0 0.0420407 0.629848 0.0840715 0.728459
0 0.19306 0.586479 0.0815322 0.796421
0 0.117422 0.59772 0.0786467 0.779958
0 0.565091 0.51522 0.0740224 0.964908
0 0.269658 0.561644 0.0797123 0.85459
0 0.418115 0.607639 0.0711415 0.730673
0 0.94501 0.604966 0.0832046 0.759064
0 0.990269 0.632516 0.0194618 0.718927
0 0.79221 0.577669 0.0780602 0.819287
0 0.867656 0.582599 0.0786486 0.777785
