0 0.326141 0.484103 0.130317 0.820405
0 0.862992 0.613784 0.186461 0.717725
0 0.0916192 0.491171 0.141857 0.8611
0 0.563496 0.49433 0.144162 0.878696
0 0.432763 0.485026 0.126374 0.827453
0 0.211053 0.484644 0.128421 0.840319
0 0.698155 0.507112 0.158298 0.892115
0 0.211166 0.487168 0.131189 0.850363
0 0.326141 0.484103 0.130317 0.820405
0 0.862992 0.613784 0.186461 0.717725
0 0.0916192 0.491171 0.141857 0.8611
0 0.563496 0.49433 0.144162 0.878696
0 0.432763 0.485026 0.126374 0.827453
0 0.211053 0.484644 0.128421 0.840319
0 0.698155 0.507112 0.158298 0.892115
0 0.211166 0.487168 0.131189 0.850363
0 0.326141 0.484103 0.130317 0.820405
0 0.862992 0.613784 0.186461 0.717725
0 0.0916192 0.491171 0.141857 0.8611
0 0.563496 0.49433 0.144162 0.878696
0 0.432763 0.485026 0.126374 0.827453
0 0.211053 0.484644 0.128421 0.840319
0 0.698155 0.507112 0.158298 0.892115
0 0.211166 0.487168 0.131189 0.850363
0 0.210416 0.498592 0.12924 0.844599
0 0.698747 0.503076 0.154806 0.873335
0 0.866001 0.482135 0.180769 0.900968
0 0.32863 0.498697 0.128429 0.840808
0 0.438668 0.490024 0.120945 0.826776
0 0.0917952 0.49247 0.133977 0.840236
0 0.565467 0.492723 0.142252 0.864484
0 0.210416 0.498592 0.12924 0.844599
0 0.698747 0.503076 0.154806 0.873335
0 0.866001 0.482135 0.180769 0.900968
0 0.32863 0.498697 0.128429 0.840808
0 0.438668 0.490024 0.120945 0.826776
0 0.0917952 0.49247 0.133977 0.840236
0 0.565467 0.492723 0.142252 0.864484
0 0.210416 0.498592 0.12924 0.844599
0 0.698747 0.503076 0.154806 0.873335
0 0.866001 0.482135 0.180769 0.900968
0 0.32863 0.498697 0.128429 0.840808
0 0.438668 0.490024 0.120945 0.826776
0 0.0917952 0.49247 0.133977 0.840236
0 0.565467 0.492723 0.142252 0.864484
0 0.210416 0.498592 0.12924 0.844599
0 0.698747 0.503076 0.154806 0.873335
0 0.866001 0.482135 0.180769 0.900968
0 0.32863 0.498697 0.128429 0.840808
0 0.438668 0.490024 0.120945 0.826776
0 0.0917952 0.49247 0.133977 0.840236
0 0.565467 0.492723 0.142252 0.864484
