0 0.761827 0.613396 0.129742 0.614202
0 0.658472 0.578369 0.111262 0.629899
0 0.870436 0.685267 0.112178 0.502015
0 0.583776 0.599088 0.0783128 0.58644
0 0.955977 0.69036 0.0854918 0.515476
0 0.195535 0.431122 0.167753 0.714757
0 0.351473 0.467699 0.220919 0.813347
0 0.721002 0.955701 0.0575087 0.0885986
0 0.521581 0.583399 0.08638 0.569749
0 0.0670012 0.429912 0.0969237 0.637634
0 0.761827 0.613396 0.129742 0.614202
0 0.658472 0.578369 0.111262 0.629899
0 0.870436 0.685267 0.112178 0.502015
0 0.583776 0.599088 0.0783128 0.58644
0 0.955977 0.69036 0.0854918 0.515476
0 0.195535 0.431122 0.167753 0.714757
0 0.351473 0.467699 0.220919 0.813347
0 0.721002 0.955701 0.0575087 0.0885986
0 0.521581 0.583399 0.08638 0.569749
0 0.0670012 0.429912 0.0969237 0.637634
0 0.761827 0.613396 0.129742 0.614202
0 0.658472 0.578369 0.111262 0.629899
0 0.870436 0.685267 0.112178 0.502015
0 0.583776 0.599088 0.0783128 0.58644
0 0.955977 0.69036 0.0854918 0.515476
0 0.195535 0.431122 0.167753 0.714757
0 0.351473 0.467699 0.220919 0.813347
0 0.721002 0.955701 0.0575087 0.0885986
0 0.521581 0.583399 0.08638 0.569749
0 0.0670012 0.429912 0.0969237 0.637634
0 0.761194 0.572032 0.123302 0.670015
0 0.867492 0.575809 0.112304 0.71353
0 0.659695 0.572962 0.107653 0.616696
0 0.521152 0.568148 0.0772155 0.518821
0 0.443682 0.46606 0.102423 0.659446
0 0.065865 0.416524 0.0884114 0.612911
0 0.208597 0.441342 0.113189 0.646361
0 0.33816 0.460545 0.149596 0.711518
0 0.955292 0.612566 0.0894155 0.637827
0 0.135298 0.416557 0.0726239 0.637204
0 0.583308 0.572983 0.0750169 0.534813
0 0.58361 0.572907 0.0760062 0.538328
0 0.761194 0.572032 0.123302 0.670015
0 0.867492 0.575809 0.112304 0.71353
0 0.659695 0.572962 0.107653 0.616696
0 0.521152 0.568148 0.0772155 0.518821
0 0.443682 0.46606 0.102423 0.659446
0 0.065865 0.416524 0.0884114 0.612911
0 0.208597 0.441342 0.113189 0.646361
0 0.33816 0.460545 0.149596 0.711518
0 0.955292 0.612566 0.0894155 0.637827
0 0.135298 0.416557 0.0726239 0.637204
0 0.583308 0.572983 0.0750169 0.534813
0 0.58361 0.572907 0.0760062 0.538328
0 0.761194 0.572032 0.123302 0.670015
0 0.867492 0.575809 0.112304 0.71353
0 0.659695 0.572962 0.107653 0.616696
0 0.521152 0.568148 0.0772155 0.518821
0 0.443682 0.46606 0.102423 0.659446
0 0.065865 0.416524 0.0884114 0.612911
0 0.208597 0.441342 0.113189 0.646361
0 0.33816 0.460545 0.149596 0.711518
0 0.955292 0.612566 0.0894155 0.637827
0 0.135298 0.416557 0.0726239 0.637204
0 0.583308 0.572983 0.0750169 0.534813
0 0.58361 0.572907 0.0760062 0.538328
0 0.761194 0.572032 0.123302 0.670015
0 0.867492 0.575809 0.112304 0.71353
0 0.659695 0.572962 0.107653 0.616696
0 0.521152 0.568148 0.0772155 0.518821
0 0.443682 0.46606 0.102423 0.659446
0 0.065865 0.416524 0.0884114 0.612911
0 0.208597 0.441342 0.113189 0.646361
0 0.33816 0.460545 0.149596 0.711518
0 0.955292 0.612566 0.0894155 0.637827
0 0.135298 0.416557 0.0726239 0.637204
0 0.583308 0.572983 0.0750169 0.534813
0 0.58361 0.572907 0.0760062 0.538328
