0 0.475249 0.585427 0.304904 0.769118
0 0.692956 0.624337 0.27072 0.694916
0 0.251911 0.5124 0.185062 0.547781
0 0.891032 0.604744 0.213798 0.701532
0 0.475249 0.585427 0.304904 0.769118
0 0.692956 0.624337 0.27072 0.694916
0 0.251911 0.5124 0.185062 0.547781
0 0.891032 0.604744 0.213798 0.701532
0 0.475249 0.585427 0.304904 0.769118
0 0.692956 0.624337 0.27072 0.694916
0 0.251911 0.5124 0.185062 0.547781
0 0.891032 0.604744 0.213798 0.701532
0 0.482172 0.588785 0.270444 0.755671
0 0.694044 0.608777 0.241612 0.709424
0 0.895446 0.62257 0.206302 0.708891
0 0.482172 0.588785 0.270444 0.755671
0 0.694044 0.608777 0.241612 0.709424
0 0.895446 0.62257 0.206302 0.708891
0 0.252631 0.500676 0.160855 0.508448
0 0.253754 0.475827 0.166295 0.563206
0 0.482172 0.588785 0.270444 0.755671
0 0.694044 0.608777 0.241612 0.709424
0 0.895446 0.62257 0.206302 0.708891
