0 0.842766 0.592898 0.109226 0.681534
0 0.322587 0.632827 0.113531 0.678931
0 0.429039 0.559544 0.0875119 0.581322
0 0.73332 0.591192 0.111569 0.700886
0 0.214132 0.654089 0.103026 0.663783
0 0.111622 0.679512 0.102778 0.627284
0 0.947011 0.57814 0.101856 0.696231
0 0.627578 0.610091 0.109504 0.681311
0 0.522576 0.61889 0.100708 0.672455
0 0.0306921 0.677779 0.061186 0.629993
0 0.842766 0.592898 0.109226 0.681534
0 0.322587 0.632827 0.113531 0.678931
0 0.429039 0.559544 0.0875119 0.581322
0 0.73332 0.591192 0.111569 0.700886
0 0.214132 0.654089 0.103026 0.663783
0 0.111622 0.679512 0.102778 0.627284
0 0.947011 0.57814 0.101856 0.696231
0 0.627578 0.610091 0.109504 0.681311
0 0.522576 0.61889 0.100708 0.672455
0 0.0306921 0.677779 0.061186 0.629993
0 0.842766 0.592898 0.109226 0.681534
0 0.322587 0.632827 0.113531 0.678931
0 0.429039 0.559544 0.0875119 0.581322
0 0.73332 0.591192 0.111569 0.700886
0 0.214132 0.654089 0.103026 0.663783
0 0.111622 0.679512 0.102778 0.627284
0 0.947011 0.57814 0.101856 0.696231
0 0.627578 0.610091 0.109504 0.681311
0 0.522576 0.61889 0.100708 0.672455
0 0.0306921 0.677779 0.061186 0.629993
0 0.428724 0.555033 0.088678 0.583337
0 0.523631 0.625976 0.10455 0.661297
0 0.31941 0.645103 0.116128 0.658864
0 0.842691 0.595627 0.110151 0.680797
0 0.626976 0.618062 0.108496 0.669452
0 0.947921 0.582035 0.102032 0.680465
0 0.213446 0.657691 0.10198 0.649055
0 0.111463 0.674083 0.103714 0.629836
0 0.733936 0.59818 0.110456 0.688072
0 0.030512 0.689473 0.0606663 0.613253
0 0.428724 0.555033 0.088678 0.583337
0 0.523631 0.625976 0.10455 0.661297
0 0.31941 0.645103 0.116128 0.658864
0 0.842691 0.595627 0.110151 0.680797
0 0.626976 0.618062 0.108496 0.669452
0 0.947921 0.582035 0.102032 0.680465
0 0.213446 0.657691 0.10198 0.649055
0 0.111463 0.674083 0.103714 0.629836
0 0.733936 0.59818 0.110456 0.688072
0 0.030512 0.689473 0.0606663 0.613253
