0 0.309872 0.582545 0.0305102 0.611954
0 0.383218 0.588339 0.032234 0.584159
0 0.510106 0.641635 0.031451 0.458131
0 0.344252 0.583541 0.0351533 0.607661
0 0.544049 0.638434 0.0333994 0.459342
0 0.583626 0.631976 0.033612 0.44494
0 0.717003 0.494655 0.0484389 0.638054
0 0.21054 0.509383 0.0359334 0.846151
0 0.24433 0.510418 0.0352429 0.830626
0 0.210271 0.507812 0.035442 0.853169
0 0.0827552 0.422397 0.026761 0.531402
0 0.944272 0.359014 0.0401562 0.401989
0 0.668428 0.51409 0.0406102 0.627885
0 0.0273657 0.550259 0.0392524 0.804942
0 0.016774 0.548575 0.0322108 0.819393
0 0.983878 0.368514 0.0322429 0.455402
0 0.279824 0.574279 0.0288332 0.641664
0 0.1466 0.521274 0.0337435 0.829997
0 0.0844679 0.520645 0.0317681 0.766712
0 0.0576832 0.531743 0.0288841 0.777359
0 0.766984 0.481344 0.0463626 0.643753
0 0.114466 0.50836 0.0328007 0.787306
0 0.812583 0.490538 0.0413244 0.603541
0 0.0538617 0.426886 0.0258458 0.556392
0 0.244591 0.505543 0.0335427 0.8438
0 0.903796 0.353103 0.0416864 0.383033
0 0.858515 0.466994 0.0440591 0.618462
0 0.177312 0.52048 0.0322861 0.844243
0 0.309872 0.582545 0.0305102 0.611954
0 0.383218 0.588339 0.032234 0.584159
0 0.510106 0.641635 0.031451 0.458131
0 0.344252 0.583541 0.0351533 0.607661
0 0.544049 0.638434 0.0333994 0.459342
0 0.583626 0.631976 0.033612 0.44494
0 0.717003 0.494655 0.0484389 0.638054
0 0.21054 0.509383 0.0359334 0.846151
0 0.24433 0.510418 0.0352429 0.830626
0 0.210271 0.507812 0.035442 0.853169
0 0.0827552 0.422397 0.026761 0.531402
0 0.944272 0.359014 0.0401562 0.401989
0 0.668428 0.51409 0.0406102 0.627885
0 0.0273657 0.550259 0.0392524 0.804942
0 0.016774 0.548575 0.0322108 0.819393
0 0.983878 0.368514 0.0322429 0.455402
0 0.279824 0.574279 0.0288332 0.641664
0 0.1466 0.521274 0.0337435 0.829997
0 0.0844679 0.520645 0.0317681 0.766712
0 0.0576832 0.531743 0.0288841 0.777359
0 0.766984 0.481344 0.0463626 0.643753
0 0.114466 0.50836 0.0328007 0.787306
0 0.812583 0.490538 0.0413244 0.603541
0 0.0538617 0.426886 0.0258458 0.556392
0 0.244591 0.505543 0.0335427 0.8438
0 0.903796 0.353103 0.0416864 0.383033
0 0.858515 0.466994 0.0440591 0.618462
0 0.177312 0.52048 0.0322861 0.844243
0 0.309872 0.582545 0.0305102 0.611954
0 0.383218 0.588339 0.032234 0.584159
0 0.510106 0.641635 0.031451 0.458131
0 0.344252 0.583541 0.0351533 0.607661
0 0.544049 0.638434 0.0333994 0.459342
0 0.583626 0.631976 0.033612 0.44494
0 0.717003 0.494655 0.0484389 0.638054
0 0.21054 0.509383 0.0359334 0.846151
0 0.24433 0.510418 0.0352429 0.830626
0 0.210271 0.507812 0.035442 0.853169
0 0.0827552 0.422397 0.026761 0.531402
0 0.944272 0.359014 0.0401562 0.401989
0 0.668428 0.51409 0.0406102 0.627885
0 0.0273657 0.550259 0.0392524 0.804942
0 0.016774 0.548575 0.0322108 0.819393
0 0.983878 0.368514 0.0322429 0.455402
0 0.279824 0.574279 0.0288332 0.641664
0 0.1466 0.521274 0.0337435 0.829997
0 0.0844679 0.520645 0.0317681 0.766712
0 0.0576832 0.531743 0.0288841 0.777359
0 0.766984 0.481344 0.0463626 0.643753
0 0.114466 0.50836 0.0328007 0.787306
0 0.812583 0.490538 0.0413244 0.603541
0 0.0538617 0.426886 0.0258458 0.556392
0 0.244591 0.505543 0.0335427 0.8438
0 0.903796 0.353103 0.0416864 0.383033
0 0.858515 0.466994 0.0440591 0.618462
0 0.177312 0.52048 0.0322861 0.844243
0 0.210281 0.510389 0.03563 0.86291
0 0.900389 0.477229 0.039836 0.633456
0 0.508485 0.62138 0.0322159 0.464844
0 0.542386 0.616311 0.0318315 0.472818
0 0.114876 0.535266 0.0338634 0.804731
0 0.94188 0.47548 0.0389877 0.612106
0 0.716666 0.489175 0.0464122 0.653575
0 0.857922 0.47622 0.0412154 0.655542
0 0.241394 0.511916 0.0297482 0.82746
0 0.309228 0.578906 0.0316877 0.626578
0 0.343447 0.575227 0.0348387 0.634378
0 0.382194 0.57331 0.0328614 0.604667
0 0.58126 0.607691 0.0320066 0.469242
0 0.669047 0.512991 0.0419812 0.648441
0 0.765433 0.471262 0.043771 0.66935
0 0.812 0.472159 0.0401887 0.646195
0 0.981807 0.481772 0.036173 0.645619
0 0.084295 0.542562 0.0297506 0.778218
0 0.169497 0.523208 0.0442672 0.864344
0 0.176075 0.515615 0.0320801 0.853979
0 0.472576 0.64994 0.0318723 0.438987
0 0.670268 0.502928 0.0412683 0.647895
0 0.210281 0.510389 0.03563 0.86291
0 0.900389 0.477229 0.039836 0.633456
0 0.508485 0.62138 0.0322159 0.464844
0 0.542386 0.616311 0.0318315 0.472818
0 0.114876 0.535266 0.0338634 0.804731
0 0.94188 0.47548 0.0389877 0.612106
0 0.716666 0.489175 0.0464122 0.653575
0 0.857922 0.47622 0.0412154 0.655542
0 0.241394 0.511916 0.0297482 0.82746
0 0.309228 0.578906 0.0316877 0.626578
0 0.343447 0.575227 0.0348387 0.634378
0 0.382194 0.57331 0.0328614 0.604667
0 0.58126 0.607691 0.0320066 0.469242
0 0.669047 0.512991 0.0419812 0.648441
0 0.765433 0.471262 0.043771 0.66935
0 0.812 0.472159 0.0401887 0.646195
0 0.981807 0.481772 0.036173 0.645619
0 0.084295 0.542562 0.0297506 0.778218
0 0.169497 0.523208 0.0442672 0.864344
0 0.176075 0.515615 0.0320801 0.853979
0 0.472576 0.64994 0.0318723 0.438987
0 0.670268 0.502928 0.0412683 0.647895
0 0.0131054 0.549925 0.0262107 0.788393
0 0.279802 0.578216 0.0244657 0.634777
0 0.581633 0.614507 0.0295373 0.516363
0 0.435025 0.658637 0.0342543 0.423737
0 0.582086 0.621268 0.0297556 0.438379
0 0.0563175 0.549296 0.0287062 0.772193
0 0.475803 0.636801 0.0297779 0.442472
0 0.142196 0.515887 0.0253533 0.819675
0 0.507896 0.619322 0.0299001 0.487437
0 0.307647 0.577318 0.0314271 0.573386
0 0.544519 0.608383 0.0284701 0.499697
