0 0.511192 0.68412 0.195275 0.565738
0 0.70253 0.700575 0.201524 0.574886
0 0.89656 0.697653 0.204112 0.566698
0 0.124456 0.668906 0.206832 0.53899
0 0.324713 0.674339 0.199051 0.541675
0 0.511192 0.68412 0.195275 0.565738
0 0.70253 0.700575 0.201524 0.574886
0 0.89656 0.697653 0.204112 0.566698
0 0.124456 0.668906 0.206832 0.53899
0 0.324713 0.674339 0.199051 0.541675
0 0.511192 0.68412 0.195275 0.565738
0 0.70253 0.700575 0.201524 0.574886
0 0.89656 0.697653 0.204112 0.566698
0 0.124456 0.668906 0.206832 0.53899
0 0.324713 0.674339 0.199051 0.541675
0 0.703891 0.688719 0.204634 0.585877
0 0.513003 0.677551 0.195262 0.570762
0 0.895042 0.68352 0.206597 0.552194
0 0.326711 0.668067 0.197013 0.554668
0 0.128768 0.662164 0.208055 0.546815
0 0.703891 0.688719 0.204634 0.585877
0 0.513003 0.677551 0.195262 0.570762
0 0.895042 0.68352 0.206597 0.552194
0 0.326711 0.668067 0.197013 0.554668
0 0.128768 0.662164 0.208055 0.546815
0 0.703891 0.688719 0.204634 0.585877
0 0.513003 0.677551 0.195262 0.570762
0 0.895042 0.68352 0.206597 0.552194
0 0.326711 0.668067 0.197013 0.554668
0 0.128768 0.662164 0.208055 0.546815
0 0.703891 0.688719 0.204634 0.585877
0 0.513003 0.677551 0.195262 0.570762
0 0.895042 0.68352 0.206597 0.552194
0 0.326711 0.668067 0.197013 0.554668
0 0.128768 0.662164 0.208055 0.546815
