0 0.219835 0.634299 0.137246 0.563244
0 0.569979 0.588793 0.124319 0.542239
0 0.767011 0.521338 0.116236 0.515666
0 0.0895719 0.658105 0.137407 0.560824
0 0.462105 0.628167 0.125938 0.556665
0 0.461616 0.630188 0.123232 0.550991
0 0.349498 0.638314 0.13018 0.530232
0 0.670698 0.551616 0.109231 0.562053
0 0.219835 0.634299 0.137246 0.563244
0 0.569979 0.588793 0.124319 0.542239
0 0.767011 0.521338 0.116236 0.515666
0 0.0895719 0.658105 0.137407 0.560824
0 0.462105 0.628167 0.125938 0.556665
0 0.461616 0.630188 0.123232 0.550991
0 0.349498 0.638314 0.13018 0.530232
0 0.670698 0.551616 0.109231 0.562053
0 0.219835 0.634299 0.137246 0.563244
0 0.569979 0.588793 0.124319 0.542239
0 0.767011 0.521338 0.116236 0.515666
0 0.0895719 0.658105 0.137407 0.560824
0 0.462105 0.628167 0.125938 0.556665
0 0.461616 0.630188 0.123232 0.550991
0 0.349498 0.638314 0.13018 0.530232
0 0.670698 0.551616 0.109231 0.562053
0 0.219504 0.638793 0.136534 0.553999
0 0.462113 0.629536 0.124175 0.544913
0 0.0907208 0.664091 0.135488 0.561359
0 0.349815 0.628974 0.130437 0.564875
0 0.765527 0.51381 0.110225 0.506472
0 0.56664 0.586769 0.11642 0.528838
0 0.664831 0.540113 0.10517 0.530907
0 0.667534 0.54581 0.110305 0.521688
0 0.565613 0.591852 0.11414 0.516696
0 0.219504 0.638793 0.136534 0.553999
0 0.462113 0.629536 0.124175 0.544913
0 0.0907208 0.664091 0.135488 0.561359
0 0.349815 0.628974 0.130437 0.564875
0 0.765527 0.51381 0.110225 0.506472
0 0.56664 0.586769 0.11642 0.528838
0 0.664831 0.540113 0.10517 0.530907
0 0.667534 0.54581 0.110305 0.521688
0 0.565613 0.591852 0.11414 0.516696
0 0.219504 0.638793 0.136534 0.553999
0 0.462113 0.629536 0.124175 0.544913
0 0.0907208 0.664091 0.135488 0.561359
0 0.349815 0.628974 0.130437 0.564875
0 0.765527 0.51381 0.110225 0.506472
0 0.56664 0.586769 0.11642 0.528838
0 0.664831 0.540113 0.10517 0.530907
0 0.667534 0.54581 0.110305 0.521688
0 0.565613 0.591852 0.11414 0.516696
