0 0.330196 0.51736 0.0315413 0.788738
0 0.157863 0.486567 0.0392335 0.847553
0 0.604904 0.54032 0.0295923 0.753594
0 0.467492 0.515316 0.0377206 0.831759
0 0.636277 0.541083 0.032815 0.763944
0 0.0898132 0.474093 0.0423292 0.864907
0 0.912878 0.541047 0.0392605 0.802341
0 0.502222 0.529383 0.0360342 0.805551
0 0.537699 0.528031 0.0334134 0.772118
0 0.295271 0.515394 0.0388899 0.795557
0 0.365145 0.524283 0.0351949 0.789278
0 0.810245 0.544725 0.038005 0.738464
0 0.196979 0.472801 0.0385132 0.850425
0 0.239263 0.548145 0.0474625 0.733644
0 0.671353 0.522922 0.0362004 0.797284
0 0.42812 0.506137 0.0410802 0.846522
0 0.967297 0.536102 0.0654052 0.862489
0 0.572235 0.528745 0.0349052 0.776666
0 0.860484 0.571207 0.0582157 0.790816
0 0.763497 0.523194 0.0535059 0.773887
0 0.0273315 0.474026 0.0405967 0.87708
0 0.966965 0.530609 0.0660707 0.85925
0 0.705642 0.497467 0.0332442 0.759426
0 0.0168669 0.468945 0.0312795 0.902838
0 0.849302 0.569955 0.0448726 0.789169
0 0.330196 0.51736 0.0315413 0.788738
0 0.157863 0.486567 0.0392335 0.847553
0 0.604904 0.54032 0.0295923 0.753594
0 0.467492 0.515316 0.0377206 0.831759
0 0.636277 0.541083 0.032815 0.763944
0 0.0898132 0.474093 0.0423292 0.864907
0 0.912878 0.541047 0.0392605 0.802341
0 0.502222 0.529383 0.0360342 0.805551
0 0.537699 0.528031 0.0334134 0.772118
0 0.295271 0.515394 0.0388899 0.795557
0 0.365145 0.524283 0.0351949 0.789278
0 0.810245 0.544725 0.038005 0.738464
0 0.196979 0.472801 0.0385132 0.850425
0 0.239263 0.548145 0.0474625 0.733644
0 0.671353 0.522922 0.0362004 0.797284
0 0.42812 0.506137 0.0410802 0.846522
0 0.967297 0.536102 0.0654052 0.862489
0 0.572235 0.528745 0.0349052 0.776666
0 0.860484 0.571207 0.0582157 0.790816
0 0.763497 0.523194 0.0535059 0.773887
0 0.0273315 0.474026 0.0405967 0.87708
0 0.966965 0.530609 0.0660707 0.85925
0 0.705642 0.497467 0.0332442 0.759426
0 0.0168669 0.468945 0.0312795 0.902838
0 0.849302 0.569955 0.0448726 0.789169
0 0.330196 0.51736 0.0315413 0.788738
0 0.157863 0.486567 0.0392335 0.847553
0 0.604904 0.54032 0.0295923 0.753594
0 0.467492 0.515316 0.0377206 0.831759
0 0.636277 0.541083 0.032815 0.763944
0 0.0898132 0.474093 0.0423292 0.864907
0 0.912878 0.541047 0.0392605 0.802341
0 0.502222 0.529383 0.0360342 0.805551
0 0.537699 0.528031 0.0334134 0.772118
0 0.295271 0.515394 0.0388899 0.795557
0 0.365145 0.524283 0.0351949 0.789278
0 0.810245 0.544725 0.038005 0.738464
0 0.196979 0.472801 0.0385132 0.850425
0 0.239263 0.548145 0.0474625 0.733644
0 0.671353 0.522922 0.0362004 0.797284
0 0.42812 0.506137 0.0410802 0.846522
0 0.967297 0.536102 0.0654052 0.862489
0 0.572235 0.528745 0.0349052 0.776666
0 0.860484 0.571207 0.0582157 0.790816
0 0.763497 0.523194 0.0535059 0.773887
0 0.0273315 0.474026 0.0405967 0.87708
0 0.966965 0.530609 0.0660707 0.85925
0 0.705642 0.497467 0.0332442 0.759426
0 0.0168669 0.468945 0.0312795 0.902838
0 0.849302 0.569955 0.0448726 0.789169
0 0.426935 0.521361 0.0442123 0.845854
0 0.330783 0.511049 0.0369543 0.818679
0 0.157016 0.497823 0.0408448 0.847495
0 0.367376 0.516081 0.0388146 0.801755
0 0.466742 0.536154 0.0388947 0.818258
0 0.089147 0.493077 0.0398561 0.864548
0 0.295854 0.529373 0.038991 0.7925
0 0.198115 0.476113 0.0429315 0.864437
0 0.705674 0.475209 0.0351153 0.773301
0 0.0244761 0.494044 0.0451483 0.861007
0 0.912439 0.540815 0.0404054 0.813733
0 0.810351 0.550462 0.0386056 0.744812
0 0.63735 0.555568 0.036137 0.740198
0 0.983014 0.536602 0.0339715 0.840842
0 0.604428 0.580743 0.031485 0.691533
0 0.537497 0.570007 0.0348328 0.703584
0 0.73988 0.492179 0.0337808 0.739085
0 0.502403 0.559469 0.0368268 0.75282
0 0.95449 0.539034 0.049203 0.863
0 0.672333 0.5066 0.036701 0.81387
0 0.571984 0.565552 0.0353876 0.703881
0 0.0559133 0.492045 0.0313211 0.854409
0 0.538328 0.566943 0.0360193 0.718756
0 0.426935 0.521361 0.0442123 0.845854
0 0.330783 0.511049 0.0369543 0.818679
0 0.157016 0.497823 0.0408448 0.847495
0 0.367376 0.516081 0.0388146 0.801755
0 0.466742 0.536154 0.0388947 0.818258
0 0.089147 0.493077 0.0398561 0.864548
0 0.295854 0.529373 0.038991 0.7925
0 0.198115 0.476113 0.0429315 0.864437
0 0.705674 0.475209 0.0351153 0.773301
0 0.0244761 0.494044 0.0451483 0.861007
0 0.912439 0.540815 0.0404054 0.813733
0 0.810351 0.550462 0.0386056 0.744812
0 0.63735 0.555568 0.036137 0.740198
0 0.983014 0.536602 0.0339715 0.840842
0 0.604428 0.580743 0.031485 0.691533
0 0.537497 0.570007 0.0348328 0.703584
0 0.73988 0.492179 0.0337808 0.739085
0 0.502403 0.559469 0.0368268 0.75282
0 0.95449 0.539034 0.049203 0.863
0 0.672333 0.5066 0.036701 0.81387
0 0.571984 0.565552 0.0353876 0.703881
0 0.0559133 0.492045 0.0313211 0.854409
0 0.538328 0.566943 0.0360193 0.718756
0 0.00619654 0.481757 0.0119515 0.81509
0 0.121527 0.513477 0.029935 0.809904
0 0.248924 0.564854 0.0595852 0.728669
0 0.572924 0.555937 0.0340155 0.708666
0 0.605752 0.580859 0.0335545 0.709561
0 0.946376 0.536599 0.0373537 0.835601
0 0.197473 0.481102 0.0421459 0.862877
0 0.77937 0.549258 0.0309355 0.72454
0 0.843369 0.559521 0.0326711 0.697861
0 0.00416927 0.473851 0.00807913 0.846062
0 0.841353 0.557429 0.0306503 0.748395
0 0.502859 0.560233 0.0386798 0.773718
0 0.842055 0.555427 0.0311472 0.756726
0 0.876902 0.563439 0.0357389 0.781737
0 0.426935 0.521361 0.0442123 0.845854
0 0.330783 0.511049 0.0369543 0.818679
0 0.157016 0.497823 0.0408448 0.847495
0 0.367376 0.516081 0.0388146 0.801755
0 0.466742 0.536154 0.0388947 0.818258
0 0.089147 0.493077 0.0398561 0.864548
0 0.295854 0.529373 0.038991 0.7925
0 0.198115 0.476113 0.0429315 0.864437
0 0.705674 0.475209 0.0351153 0.773301
0 0.0244761 0.494044 0.0451483 0.861007
0 0.912439 0.540815 0.0404054 0.813733
0 0.810351 0.550462 0.0386056 0.744812
0 0.63735 0.555568 0.036137 0.740198
0 0.983014 0.536602 0.0339715 0.840842
0 0.604428 0.580743 0.031485 0.691533
0 0.537497 0.570007 0.0348328 0.703584
0 0.73988 0.492179 0.0337808 0.739085
0 0.502403 0.559469 0.0368268 0.75282
0 0.95449 0.539034 0.049203 0.863
0 0.672333 0.5066 0.036701 0.81387
0 0.571984 0.565552 0.0353876 0.703881
0 0.0559133 0.492045 0.0313211 0.854409
0 0.538328 0.566943 0.0360193 0.718756
0 0.426935 0.521361 0.0442123 0.845854
0 0.330783 0.511049 0.0369543 0.818679
0 0.157016 0.497823 0.0408448 0.847495
0 0.367376 0.516081 0.0388146 0.801755
0 0.466742 0.536154 0.0388947 0.818258
0 0.089147 0.493077 0.0398561 0.864548
0 0.295854 0.529373 0.038991 0.7925
0 0.198115 0.476113 0.0429315 0.864437
0 0.705674 0.475209 0.0351153 0.773301
0 0.0244761 0.494044 0.0451483 0.861007
0 0.912439 0.540815 0.0404054 0.813733
0 0.810351 0.550462 0.0386056 0.744812
0 0.63735 0.555568 0.036137 0.740198
0 0.983014 0.536602 0.0339715 0.840842
0 0.604428 0.580743 0.031485 0.691533
0 0.537497 0.570007 0.0348328 0.703584
0 0.73988 0.492179 0.0337808 0.739085
0 0.502403 0.559469 0.0368268 0.75282
0 0.95449 0.539034 0.049203 0.863
0 0.672333 0.5066 0.036701 0.81387
0 0.571984 0.565552 0.0353876 0.703881
0 0.0559133 0.492045 0.0313211 0.854409
0 0.538328 0.566943 0.0360193 0.718756
