0 0.581843 0.574947 0.0770884 0.840351
0 0.380538 0.596415 0.0676442 0.777178
0 0.734658 0.558724 0.0866525 0.882551
0 0.512795 0.573707 0.0722035 0.81514
0 0.654542 0.565686 0.0858161 0.864936
0 0.900253 0.527083 0.103399 0.945834
0 0.445592 0.583929 0.070818 0.797335
0 0.264067 0.596556 0.0601425 0.731811
0 0.207385 0.600924 0.058549 0.725098
0 0.320686 0.598753 0.0615254 0.75505
0 0.0218562 0.647488 0.0435209 0.675242
0 0.815452 0.539971 0.0916152 0.920057
0 0.0651844 0.631511 0.0502282 0.68168
0 0.109751 0.611271 0.0486446 0.695942
0 0.970131 0.519041 0.0597377 0.961918
0 0.155789 0.596512 0.053556 0.70106
0 0.815385 0.548726 0.0919821 0.902548
0 0.155657 0.595723 0.0543478 0.69929
0 0.581843 0.574947 0.0770884 0.840351
0 0.380538 0.596415 0.0676442 0.777178
0 0.734658 0.558724 0.0866525 0.882551
0 0.512795 0.573707 0.0722035 0.81514
0 0.654542 0.565686 0.0858161 0.864936
0 0.900253 0.527083 0.103399 0.945834
0 0.445592 0.583929 0.070818 0.797335
0 0.264067 0.596556 0.0601425 0.731811
0 0.207385 0.600924 0.058549 0.725098
0 0.320686 0.598753 0.0615254 0.75505
0 0.0218562 0.647488 0.0435209 0.675242
0 0.815452 0.539971 0.0916152 0.920057
0 0.0651844 0.631511 0.0502282 0.68168
0 0.109751 0.611271 0.0486446 0.695942
0 0.970131 0.519041 0.0597377 0.961918
0 0.155789 0.596512 0.053556 0.70106
0 0.815385 0.548726 0.0919821 0.902548
0 0.155657 0.595723 0.0543478 0.69929
0 0.581843 0.574947 0.0770884 0.840351
0 0.380538 0.596415 0.0676442 0.777178
0 0.734658 0.558724 0.0866525 0.882551
0 0.512795 0.573707 0.0722035 0.81514
0 0.654542 0.565686 0.0858161 0.864936
0 0.900253 0.527083 0.103399 0.945834
0 0.445592 0.583929 0.070818 0.797335
0 0.264067 0.596556 0.0601425 0.731811
0 0.207385 0.600924 0.058549 0.725098
0 0.320686 0.598753 0.0615254 0.75505
0 0.0218562 0.647488 0.0435209 0.675242
0 0.815452 0.539971 0.0916152 0.920057
0 0.0651844 0.631511 0.0502282 0.68168
0 0.109751 0.611271 0.0486446 0.695942
0 0.970131 0.519041 0.0597377 0.961918
0 0.155789 0.596512 0.053556 0.70106
0 0.815385 0.548726 0.0919821 0.902548
0 0.155657 0.595723 0.0543478 0.69929
0 0.655396 0.554805 0.083791 0.863557
0 0.58094 0.561844 0.0778654 0.844262
0 0.380075 0.591267 0.0692444 0.776807
0 0.445418 0.575077 0.0729012 0.798021
0 0.321165 0.593013 0.0618257 0.750805
0 0.0651074 0.632386 0.053255 0.690463
0 0.207482 0.599905 0.0604154 0.715758
0 0.0225892 0.647722 0.0441286 0.68093
0 0.736128 0.542703 0.088579 0.895927
0 0.511586 0.574125 0.0735471 0.81667
0 0.817163 0.535836 0.090667 0.91606
0 0.905044 0.524714 0.0990708 0.950571
0 0.136766 0.617155 0.0907748 0.727233
0 0.264102 0.600432 0.0627153 0.732865
0 0.264638 0.598184 0.0619282 0.732681
0 0.970553 0.514408 0.0588933 0.954638
0 0.145477 0.609204 0.0761996 0.731276
0 0.655396 0.554805 0.083791 0.863557
0 0.58094 0.561844 0.0778654 0.844262
0 0.380075 0.591267 0.0692444 0.776807
0 0.445418 0.575077 0.0729012 0.798021
0 0.321165 0.593013 0.0618257 0.750805
0 0.0651074 0.632386 0.053255 0.690463
0 0.207482 0.599905 0.0604154 0.715758
0 0.0225892 0.647722 0.0441286 0.68093
0 0.736128 0.542703 0.088579 0.895927
0 0.511586 0.574125 0.0735471 0.81667
0 0.817163 0.535836 0.090667 0.91606
0 0.905044 0.524714 0.0990708 0.950571
0 0.136766 0.617155 0.0907748 0.727233
0 0.264102 0.600432 0.0627153 0.732865
0 0.264638 0.598184 0.0619282 0.732681
0 0.970553 0.514408 0.0588933 0.954638
0 0.145477 0.609204 0.0761996 0.731276
0 0.995955 0.785174 0.00809028 0.400387
0 0.882012 0.826248 0.0711393 0.347505
0 0.511856 0.573768 0.0735053 0.819211
0 0.655396 0.554805 0.083791 0.863557
0 0.58094 0.561844 0.0778654 0.844262
0 0.380075 0.591267 0.0692444 0.776807
0 0.445418 0.575077 0.0729012 0.798021
0 0.321165 0.593013 0.0618257 0.750805
0 0.0651074 0.632386 0.053255 0.690463
0 0.207482 0.599905 0.0604154 0.715758
0 0.0225892 0.647722 0.0441286 0.68093
0 0.736128 0.542703 0.088579 0.895927
0 0.511586 0.574125 0.0735471 0.81667
0 0.817163 0.535836 0.090667 0.91606
0 0.905044 0.524714 0.0990708 0.950571
0 0.136766 0.617155 0.0907748 0.727233
0 0.264102 0.600432 0.0627153 0.732865
0 0.264638 0.598184 0.0619282 0.732681
0 0.970553 0.514408 0.0588933 0.954638
0 0.145477 0.609204 0.0761996 0.731276
0 0.655396 0.554805 0.083791 0.863557
0 0.58094 0.561844 0.0778654 0.844262
0 0.380075 0.591267 0.0692444 0.776807
0 0.445418 0.575077 0.0729012 0.798021
0 0.321165 0.593013 0.0618257 0.750805
0 0.0651074 0.632386 0.053255 0.690463
0 0.207482 0.599905 0.0604154 0.715758
0 0.0225892 0.647722 0.0441286 0.68093
0 0.736128 0.542703 0.088579 0.895927
0 0.511586 0.574125 0.0735471 0.81667
0 0.817163 0.535836 0.090667 0.91606
0 0.905044 0.524714 0.0990708 0.950571
0 0.136766 0.617155 0.0907748 0.727233
0 0.264102 0.600432 0.0627153 0.732865
0 0.264638 0.598184 0.0619282 0.732681
0 0.970553 0.514408 0.0588933 0.954638
0 0.145477 0.609204 0.0761996 0.731276
