0 0.38437 0.664394 0.245255 0.331503
0 0.84953 0.662464 0.247479 0.340216
0 0.61608 0.663682 0.242309 0.33348
0 0.153171 0.668728 0.255756 0.325462
0 0.834644 0.112077 0.181246 0.150213
0 0.500711 0.10887 0.521214 0.170972
0 0.38437 0.664394 0.245255 0.331503
0 0.84953 0.662464 0.247479 0.340216
0 0.61608 0.663682 0.242309 0.33348
0 0.153171 0.668728 0.255756 0.325462
0 0.834644 0.112077 0.181246 0.150213
0 0.500711 0.10887 0.521214 0.170972
0 0.38437 0.664394 0.245255 0.331503
0 0.84953 0.662464 0.247479 0.340216
0 0.61608 0.663682 0.242309 0.33348
0 0.153171 0.668728 0.255756 0.325462
0 0.834644 0.112077 0.181246 0.150213
0 0.500711 0.10887 0.521214 0.170972
0 0.847964 0.681931 0.237471 0.30456
0 0.387755 0.687504 0.235171 0.292271
0 0.616597 0.688354 0.232205 0.291991
0 0.160385 0.691427 0.234372 0.283523
0 0.54396 0.110447 0.567247 0.177886
0 0.184818 0.906287 0.180056 0.124174
0 0.835555 0.115032 0.183479 0.14922
0 0.600801 0.107968 0.674976 0.194762
0 0.847964 0.681931 0.237471 0.30456
0 0.387755 0.687504 0.235171 0.292271
0 0.616597 0.688354 0.232205 0.291991
0 0.160385 0.691427 0.234372 0.283523
0 0.54396 0.110447 0.567247 0.177886
0 0.184818 0.906287 0.180056 0.124174
0 0.835555 0.115032 0.183479 0.14922
0 0.600801 0.107968 0.674976 0.194762
0 0.161516 0.689063 0.232952 0.286322
0 0.822304 0.434165 0.229667 0.123292
0 0.734043 0.283611 0.387761 0.164483
0 0.616236 0.688077 0.2334 0.293301
0 0.847964 0.681931 0.237471 0.30456
0 0.387755 0.687504 0.235171 0.292271
0 0.616597 0.688354 0.232205 0.291991
0 0.160385 0.691427 0.234372 0.283523
0 0.54396 0.110447 0.567247 0.177886
0 0.184818 0.906287 0.180056 0.124174
0 0.835555 0.115032 0.183479 0.14922
0 0.600801 0.107968 0.674976 0.194762
0 0.847964 0.681931 0.237471 0.30456
0 0.387755 0.687504 0.235171 0.292271
0 0.616597 0.688354 0.232205 0.291991
0 0.160385 0.691427 0.234372 0.283523
0 0.54396 0.110447 0.567247 0.177886
0 0.184818 0.906287 0.180056 0.124174
0 0.835555 0.115032 0.183479 0.14922
0 0.600801 0.107968 0.674976 0.194762
