0 0.519953 0.508825 0.270944 0.701824
0 0.304991 0.397335 0.239413 0.785006
0 0.121295 0.380718 0.189037 0.691992
0 0.306883 0.491947 0.213263 0.530499
0 0.519953 0.508825 0.270944 0.701824
0 0.304991 0.397335 0.239413 0.785006
0 0.121295 0.380718 0.189037 0.691992
0 0.306883 0.491947 0.213263 0.530499
0 0.519953 0.508825 0.270944 0.701824
0 0.304991 0.397335 0.239413 0.785006
0 0.121295 0.380718 0.189037 0.691992
0 0.306883 0.491947 0.213263 0.530499
0 0.13016 0.351513 0.174845 0.597479
0 0.572481 0.530575 0.363718 0.673749
0 0.317106 0.371845 0.258299 0.686187
0 0.792972 0.560619 0.130567 0.622414
0 0.923495 0.522196 0.146568 0.513095
0 0.13016 0.351513 0.174845 0.597479
0 0.572481 0.530575 0.363718 0.673749
0 0.317106 0.371845 0.258299 0.686187
0 0.792972 0.560619 0.130567 0.622414
0 0.923495 0.522196 0.146568 0.513095
0 0.0163821 0.390139 0.0326882 0.565908
0 0.13016 0.351513 0.174845 0.597479
0 0.572481 0.530575 0.363718 0.673749
0 0.317106 0.371845 0.258299 0.686187
0 0.792972 0.560619 0.130567 0.622414
0 0.923495 0.522196 0.146568 0.513095
0 0.13016 0.351513 0.174845 0.597479
0 0.572481 0.530575 0.363718 0.673749
0 0.317106 0.371845 0.258299 0.686187
0 0.792972 0.560619 0.130567 0.622414
0 0.923495 0.522196 0.146568 0.513095
