0 0.813613 0.386857 0.257753 0.633047
0 0.56426 0.370682 0.250067 0.604739
0 0.268361 0.347389 0.105456 0.581633
0 0.967308 0.445064 0.0653837 0.528418
0 0.380821 0.359883 0.134268 0.600585
0 0.813613 0.386857 0.257753 0.633047
0 0.56426 0.370682 0.250067 0.604739
0 0.268361 0.347389 0.105456 0.581633
0 0.967308 0.445064 0.0653837 0.528418
0 0.380821 0.359883 0.134268 0.600585
0 0.813613 0.386857 0.257753 0.633047
0 0.56426 0.370682 0.250067 0.604739
0 0.268361 0.347389 0.105456 0.581633
0 0.967308 0.445064 0.0653837 0.528418
0 0.380821 0.359883 0.134268 0.600585
0 0.564028 0.378684 0.241235 0.613614
0 0.380427 0.359974 0.132451 0.609468
0 0.813845 0.39832 0.24795 0.603279
0 0.967635 0.401257 0.0647296 0.434516
0 0.267597 0.343786 0.108368 0.606275
0 0.267087 0.454992 0.103915 0.376071
0 0.0538992 0.239398 0.107798 0.473566
0 0.564028 0.378684 0.241235 0.613614
0 0.380427 0.359974 0.132451 0.609468
0 0.813845 0.39832 0.24795 0.603279
0 0.967635 0.401257 0.0647296 0.434516
0 0.267597 0.343786 0.108368 0.606275
0 0.267087 0.454992 0.103915 0.376071
0 0.0538992 0.239398 0.107798 0.473566
0 0.564028 0.378684 0.241235 0.613614
0 0.380427 0.359974 0.132451 0.609468
0 0.813845 0.39832 0.24795 0.603279
0 0.967635 0.401257 0.0647296 0.434516
0 0.267597 0.343786 0.108368 0.606275
0 0.267087 0.454992 0.103915 0.376071
0 0.0538992 0.239398 0.107798 0.473566
0 0.564028 0.378684 0.241235 0.613614
0 0.380427 0.359974 0.132451 0.609468
0 0.813845 0.39832 0.24795 0.603279
0 0.967635 0.401257 0.0647296 0.434516
0 0.267597 0.343786 0.108368 0.606275
0 0.267087 0.454992 0.103915 0.376071
0 0.0538992 0.239398 0.107798 0.473566
