0 0.514087 0.665003 0.10158 0.553239
0 0.721321 0.697218 0.0869508 0.501871
0 0.410696 0.644996 0.105547 0.556959
0 0.597379 0.686969 0.0634197 0.529637
0 0.24151 0.517137 0.179892 0.802876
0 0.908483 0.722373 0.0695379 0.467098
0 0.0623442 0.356501 0.124442 0.440954
0 0.652866 0.696126 0.0516891 0.514288
0 0.820729 0.728926 0.104916 0.495039
0 0.971337 0.721779 0.0568745 0.480297
0 0.514087 0.665003 0.10158 0.553239
0 0.721321 0.697218 0.0869508 0.501871
0 0.410696 0.644996 0.105547 0.556959
0 0.597379 0.686969 0.0634197 0.529637
0 0.24151 0.517137 0.179892 0.802876
0 0.908483 0.722373 0.0695379 0.467098
0 0.0623442 0.356501 0.124442 0.440954
0 0.652866 0.696126 0.0516891 0.514288
0 0.820729 0.728926 0.104916 0.495039
0 0.971337 0.721779 0.0568745 0.480297
0 0.514087 0.665003 0.10158 0.553239
0 0.721321 0.697218 0.0869508 0.501871
0 0.410696 0.644996 0.105547 0.556959
0 0.597379 0.686969 0.0634197 0.529637
0 0.24151 0.517137 0.179892 0.802876
0 0.908483 0.722373 0.0695379 0.467098
0 0.0623442 0.356501 0.124442 0.440954
0 0.652866 0.696126 0.0516891 0.514288
0 0.820729 0.728926 0.104916 0.495039
0 0.971337 0.721779 0.0568745 0.480297
0 0.407955 0.646958 0.113268 0.571005
0 0.514461 0.668465 0.103962 0.546604
0 0.820998 0.73194 0.10628 0.493539
0 0.907174 0.724966 0.0711489 0.471177
0 0.970593 0.726069 0.0588139 0.466473
0 0.598225 0.684799 0.0636659 0.534892
0 0.652867 0.695576 0.0552517 0.520232
0 0.242365 0.529249 0.183336 0.815235
0 0.0627633 0.353571 0.125527 0.447422
0 0.721952 0.695502 0.0893212 0.517499
0 0.0618631 0.760808 0.123726 0.384975
0 0.243958 0.736259 0.167933 0.360901
0 0.407955 0.646958 0.113268 0.571005
0 0.514461 0.668465 0.103962 0.546604
0 0.820998 0.73194 0.10628 0.493539
0 0.907174 0.724966 0.0711489 0.471177
0 0.970593 0.726069 0.0588139 0.466473
0 0.598225 0.684799 0.0636659 0.534892
0 0.652867 0.695576 0.0552517 0.520232
0 0.242365 0.529249 0.183336 0.815235
0 0.0627633 0.353571 0.125527 0.447422
0 0.721952 0.695502 0.0893212 0.517499
0 0.0618631 0.760808 0.123726 0.384975
0 0.243958 0.736259 0.167933 0.360901
0 0.721852 0.695083 0.088983 0.515993
0 0.0651612 0.540282 0.130155 0.837326
0 0.0627853 0.75901 0.124462 0.386855
