0 0.859205 0.57096 0.273977 0.819032
0 0.604631 0.507618 0.288009 0.777914
0 0.293336 0.39539 0.242112 0.721887
0 0.859205 0.57096 0.273977 0.819032
0 0.604631 0.507618 0.288009 0.777914
0 0.293336 0.39539 0.242112 0.721887
0 0.859205 0.57096 0.273977 0.819032
0 0.604631 0.507618 0.288009 0.777914
0 0.293336 0.39539 0.242112 0.721887
0 0.858647 0.569633 0.26905 0.806025
0 0.595013 0.503957 0.30359 0.784169
0 0.214814 0.38458 0.429628 0.737834
0 0.858647 0.569633 0.26905 0.806025
0 0.595013 0.503957 0.30359 0.784169
0 0.214814 0.38458 0.429628 0.737834
0 0.858647 0.569633 0.26905 0.806025
0 0.595013 0.503957 0.30359 0.784169
0 0.214814 0.38458 0.429628 0.737834
0 0.858647 0.569633 0.26905 0.806025
0 0.595013 0.503957 0.30359 0.784169
0 0.214814 0.38458 0.429628 0.737834
