0 0.161565 0.631977 0.06008 0.605647
0 0.439848 0.580354 0.0552666 0.607512
0 0.219352 0.619552 0.058423 0.598961
0 0.547506 0.575578 0.0528383 0.583486
0 0.27602 0.611641 0.0557919 0.604361
0 0.0439239 0.652842 0.0636123 0.630392
0 0.38373 0.601019 0.0565847 0.603594
0 0.329876 0.60899 0.0554245 0.610031
0 0.493957 0.575571 0.0548565 0.599172
0 0.103481 0.646516 0.0614321 0.623306
0 0.650995 0.554826 0.0522371 0.607728
0 0.906438 0.471036 0.0504987 0.689681
0 0.956316 0.466771 0.0484932 0.669059
0 0.987611 0.458504 0.024778 0.696524
0 0.70245 0.555137 0.0534854 0.604274
0 0.599555 0.557519 0.0529841 0.600602
0 0.857736 0.461848 0.0476527 0.693028
0 0.955036 0.474191 0.047847 0.677176
0 0.806141 0.460954 0.0535571 0.703399
0 0.753894 0.551604 0.0533737 0.584508
0 0.857732 0.472491 0.047807 0.699299
0 0.805103 0.481015 0.05347 0.687726
0 0.906216 0.4553 0.0495699 0.688558
0 0.161565 0.631977 0.06008 0.605647
0 0.439848 0.580354 0.0552666 0.607512
0 0.219352 0.619552 0.058423 0.598961
0 0.547506 0.575578 0.0528383 0.583486
0 0.27602 0.611641 0.0557919 0.604361
0 0.0439239 0.652842 0.0636123 0.630392
0 0.38373 0.601019 0.0565847 0.603594
0 0.329876 0.60899 0.0554245 0.610031
0 0.493957 0.575571 0.0548565 0.599172
0 0.103481 0.646516 0.0614321 0.623306
0 0.650995 0.554826 0.0522371 0.607728
0 0.906438 0.471036 0.0504987 0.689681
0 0.956316 0.466771 0.0484932 0.669059
0 0.987611 0.458504 0.024778 0.696524
0 0.70245 0.555137 0.0534854 0.604274
0 0.599555 0.557519 0.0529841 0.600602
0 0.857736 0.461848 0.0476527 0.693028
0 0.955036 0.474191 0.047847 0.677176
0 0.806141 0.460954 0.0535571 0.703399
0 0.753894 0.551604 0.0533737 0.584508
0 0.857732 0.472491 0.047807 0.699299
0 0.805103 0.481015 0.05347 0.687726
0 0.906216 0.4553 0.0495699 0.688558
0 0.161565 0.631977 0.06008 0.605647
0 0.439848 0.580354 0.0552666 0.607512
0 0.219352 0.619552 0.058423 0.598961
0 0.547506 0.575578 0.0528383 0.583486
0 0.27602 0.611641 0.0557919 0.604361
0 0.0439239 0.652842 0.0636123 0.630392
0 0.38373 0.601019 0.0565847 0.603594
0 0.329876 0.60899 0.0554245 0.610031
0 0.493957 0.575571 0.0548565 0.599172
0 0.103481 0.646516 0.0614321 0.623306
0 0.650995 0.554826 0.0522371 0.607728
0 0.906438 0.471036 0.0504987 0.689681
0 0.956316 0.466771 0.0484932 0.669059
0 0.987611 0.458504 0.024778 0.696524
0 0.70245 0.555137 0.0534854 0.604274
0 0.599555 0.557519 0.0529841 0.600602
0 0.857736 0.461848 0.0476527 0.693028
0 0.955036 0.474191 0.047847 0.677176
0 0.806141 0.460954 0.0535571 0.703399
0 0.753894 0.551604 0.0533737 0.584508
0 0.857732 0.472491 0.047807 0.699299
0 0.805103 0.481015 0.05347 0.687726
0 0.906216 0.4553 0.0495699 0.688558
0 0.651019 0.55789 0.0542566 0.612574
0 0.702312 0.558078 0.0551657 0.60229
0 0.599677 0.562267 0.0559791 0.611336
0 0.753613 0.552664 0.0547426 0.590801
0 0.161602 0.634399 0.063317 0.60579
0 0.330322 0.612787 0.0578495 0.611394
0 0.383698 0.609471 0.0595571 0.597661
0 0.856488 0.49309 0.0539299 0.671285
0 0.805906 0.504588 0.0569909 0.644863
0 0.218999 0.620441 0.0591322 0.605048
0 0.275572 0.612388 0.0580219 0.616897
0 0.905583 0.484879 0.0556 0.674968
0 0.103409 0.652274 0.0617741 0.623025
0 0.044015 0.658035 0.0640689 0.636851
0 0.493391 0.580891 0.0571164 0.601329
0 0.954727 0.478754 0.0521016 0.668037
0 0.547866 0.575061 0.0549621 0.59022
0 0.986682 0.455811 0.0264967 0.704685
0 0.438702 0.590951 0.0583365 0.608819
0 0.00788952 0.663696 0.015779 0.6407
0 0.43886 0.594113 0.0582655 0.610453
0 0.651019 0.55789 0.0542566 0.612574
0 0.702312 0.558078 0.0551657 0.60229
0 0.599677 0.562267 0.0559791 0.611336
0 0.753613 0.552664 0.0547426 0.590801
0 0.161602 0.634399 0.063317 0.60579
0 0.330322 0.612787 0.0578495 0.611394
0 0.383698 0.609471 0.0595571 0.597661
0 0.856488 0.49309 0.0539299 0.671285
0 0.805906 0.504588 0.0569909 0.644863
0 0.218999 0.620441 0.0591322 0.605048
0 0.275572 0.612388 0.0580219 0.616897
0 0.905583 0.484879 0.0556 0.674968
0 0.103409 0.652274 0.0617741 0.623025
0 0.044015 0.658035 0.0640689 0.636851
0 0.493391 0.580891 0.0571164 0.601329
0 0.954727 0.478754 0.0521016 0.668037
0 0.547866 0.575061 0.0549621 0.59022
0 0.986682 0.455811 0.0264967 0.704685
0 0.438702 0.590951 0.0583365 0.608819
0 0.00788952 0.663696 0.015779 0.6407
0 0.43886 0.594113 0.0582655 0.610453
0 0.651019 0.55789 0.0542566 0.612574
0 0.702312 0.558078 0.0551657 0.60229
0 0.599677 0.562267 0.0559791 0.611336
0 0.753613 0.552664 0.0547426 0.590801
0 0.161602 0.634399 0.063317 0.60579
0 0.330322 0.612787 0.0578495 0.611394
0 0.383698 0.609471 0.0595571 0.597661
0 0.856488 0.49309 0.0539299 0.671285
0 0.805906 0.504588 0.0569909 0.644863
0 0.218999 0.620441 0.0591322 0.605048
0 0.275572 0.612388 0.0580219 0.616897
0 0.905583 0.484879 0.0556 0.674968
0 0.103409 0.652274 0.0617741 0.623025
0 0.044015 0.658035 0.0640689 0.636851
0 0.493391 0.580891 0.0571164 0.601329
0 0.954727 0.478754 0.0521016 0.668037
0 0.547866 0.575061 0.0549621 0.59022
0 0.986682 0.455811 0.0264967 0.704685
0 0.438702 0.590951 0.0583365 0.608819
0 0.00788952 0.663696 0.015779 0.6407
0 0.43886 0.594113 0.0582655 0.610453
0 0.651019 0.55789 0.0542566 0.612574
0 0.702312 0.558078 0.0551657 0.60229
0 0.599677 0.562267 0.0559791 0.611336
0 0.753613 0.552664 0.0547426 0.590801
0 0.161602 0.634399 0.063317 0.60579
0 0.330322 0.612787 0.0578495 0.611394
0 0.383698 0.609471 0.0595571 0.597661
0 0.856488 0.49309 0.0539299 0.671285
0 0.805906 0.504588 0.0569909 0.644863
0 0.218999 0.620441 0.0591322 0.605048
0 0.275572 0.612388 0.0580219 0.616897
0 0.905583 0.484879 0.0556 0.674968
0 0.103409 0.652274 0.0617741 0.623025
0 0.044015 0.658035 0.0640689 0.636851
0 0.493391 0.580891 0.0571164 0.601329
0 0.954727 0.478754 0.0521016 0.668037
0 0.547866 0.575061 0.0549621 0.59022
0 0.986682 0.455811 0.0264967 0.704685
0 0.438702 0.590951 0.0583365 0.608819
0 0.00788952 0.663696 0.015779 0.6407
0 0.43886 0.594113 0.0582655 0.610453
