0 0.827504 0.577302 0.344992 0.796391
0 0.225355 0.555009 0.368016 0.870251
0 0.53197 0.573827 0.372911 0.767894
0 0.52663 0.577341 0.374305 0.776952
0 0.827504 0.577302 0.344992 0.796391
0 0.225355 0.555009 0.368016 0.870251
0 0.53197 0.573827 0.372911 0.767894
0 0.52663 0.577341 0.374305 0.776952
0 0.827504 0.577302 0.344992 0.796391
0 0.225355 0.555009 0.368016 0.870251
0 0.53197 0.573827 0.372911 0.767894
0 0.52663 0.577341 0.374305 0.776952
0 0.525203 0.572183 0.362529 0.837748
0 0.212464 0.569312 0.363187 0.848194
0 0.824791 0.574965 0.345101 0.815881
0 0.525203 0.572183 0.362529 0.837748
0 0.212464 0.569312 0.363187 0.848194
0 0.824791 0.574965 0.345101 0.815881
0 0.525203 0.572183 0.362529 0.837748
0 0.212464 0.569312 0.363187 0.848194
0 0.824791 0.574965 0.345101 0.815881
