0 0.799136 0.339303 0.294727 0.597924
0 0.510294 0.521902 0.310174 0.636941
0 0.199852 0.663639 0.316025 0.653305
0 0.351942 0.0676994 0.229857 0.135399
0 0.549306 0.0342938 0.211042 0.0685876
0 0.162129 0.0952928 0.233328 0.190586
0 0.799136 0.339303 0.294727 0.597924
0 0.510294 0.521902 0.310174 0.636941
0 0.199852 0.663639 0.316025 0.653305
0 0.351942 0.0676994 0.229857 0.135399
0 0.549306 0.0342938 0.211042 0.0685876
0 0.162129 0.0952928 0.233328 0.190586
0 0.799136 0.339303 0.294727 0.597924
0 0.510294 0.521902 0.310174 0.636941
0 0.199852 0.663639 0.316025 0.653305
0 0.351942 0.0676994 0.229857 0.135399
0 0.549306 0.0342938 0.211042 0.0685876
0 0.162129 0.0952928 0.233328 0.190586
0 0.521902 0.516928 0.285159 0.632778
0 0.207951 0.66578 0.291626 0.640114
0 0.803823 0.332515 0.268224 0.601138
0 0.161706 0.0933682 0.224673 0.186736
0 0.351604 0.0682301 0.254265 0.13646
0 0.521902 0.516928 0.285159 0.632778
0 0.207951 0.66578 0.291626 0.640114
0 0.803823 0.332515 0.268224 0.601138
0 0.161706 0.0933682 0.224673 0.186736
0 0.351604 0.0682301 0.254265 0.13646
0 0.553557 0.0332017 0.236532 0.0664033
0 0.352923 0.0668341 0.247223 0.133668
0 0.521902 0.516928 0.285159 0.632778
0 0.207951 0.66578 0.291626 0.640114
0 0.803823 0.332515 0.268224 0.601138
0 0.161706 0.0933682 0.224673 0.186736
0 0.351604 0.0682301 0.254265 0.13646
