0 0.875822 0.464102 0.24631 0.924655
0 0.149982 0.721491 0.284783 0.438459
0 0.875822 0.464102 0.24631 0.924655
0 0.149982 0.721491 0.284783 0.438459
0 0.875822 0.464102 0.24631 0.924655
0 0.149982 0.721491 0.284783 0.438459
0 0.869563 0.464094 0.228175 0.876488
0 0.489283 0.6968 0.407958 0.456625
0 0.148858 0.714986 0.268699 0.431499
0 0.869563 0.464094 0.228175 0.876488
0 0.489283 0.6968 0.407958 0.456625
0 0.148858 0.714986 0.268699 0.431499
0 0.869563 0.464094 0.228175 0.876488
0 0.489283 0.6968 0.407958 0.456625
0 0.148858 0.714986 0.268699 0.431499
0 0.869563 0.464094 0.228175 0.876488
0 0.489283 0.6968 0.407958 0.456625
0 0.148858 0.714986 0.268699 0.431499
