0 0.493898 0.481814 0.0451035 0.822943
0 0.660747 0.486081 0.0421756 0.851375
0 0.743466 0.550747 0.0435367 0.746414
0 0.618737 0.486365 0.0471002 0.824779
0 0.336761 0.509587 0.0419099 0.727462
0 0.218533 0.467893 0.0456949 0.781888
0 0.533938 0.486461 0.0389229 0.792493
0 0.785049 0.552843 0.0399637 0.743794
0 0.258848 0.460514 0.0448026 0.820827
0 0.177206 0.484856 0.0426165 0.733816
0 0.96289 0.566159 0.0448801 0.756112
0 0.875351 0.550662 0.0434726 0.702482
0 0.413126 0.513227 0.0396255 0.739215
0 0.921016 0.485999 0.0459396 0.603005
0 0.298941 0.478857 0.0375392 0.770021
0 0.701209 0.500999 0.0439643 0.839482
0 0.574601 0.515365 0.0459505 0.759049
0 0.376786 0.508684 0.0380469 0.731028
0 0.452394 0.509808 0.0448795 0.765772
0 0.829616 0.558793 0.0481748 0.751971
0 0.17554 0.478375 0.0435863 0.738138
0 0.575031 0.522579 0.0441609 0.749239
0 0.0834462 0.450288 0.166399 0.900576
0 0.829571 0.558672 0.0502604 0.751259
0 0.452121 0.507615 0.0460689 0.763192
0 0.0766891 0.429801 0.153378 0.859602
0 0.701602 0.512562 0.0431692 0.810475
0 0.963698 0.550548 0.046716 0.783683
0 0.493898 0.481814 0.0451035 0.822943
0 0.660747 0.486081 0.0421756 0.851375
0 0.743466 0.550747 0.0435367 0.746414
0 0.618737 0.486365 0.0471002 0.824779
0 0.336761 0.509587 0.0419099 0.727462
0 0.218533 0.467893 0.0456949 0.781888
0 0.533938 0.486461 0.0389229 0.792493
0 0.785049 0.552843 0.0399637 0.743794
0 0.258848 0.460514 0.0448026 0.820827
0 0.177206 0.484856 0.0426165 0.733816
0 0.96289 0.566159 0.0448801 0.756112
0 0.875351 0.550662 0.0434726 0.702482
0 0.413126 0.513227 0.0396255 0.739215
0 0.921016 0.485999 0.0459396 0.603005
0 0.298941 0.478857 0.0375392 0.770021
0 0.701209 0.500999 0.0439643 0.839482
0 0.574601 0.515365 0.0459505 0.759049
0 0.376786 0.508684 0.0380469 0.731028
0 0.452394 0.509808 0.0448795 0.765772
0 0.829616 0.558793 0.0481748 0.751971
0 0.17554 0.478375 0.0435863 0.738138
0 0.575031 0.522579 0.0441609 0.749239
0 0.0834462 0.450288 0.166399 0.900576
0 0.829571 0.558672 0.0502604 0.751259
0 0.452121 0.507615 0.0460689 0.763192
0 0.0766891 0.429801 0.153378 0.859602
0 0.701602 0.512562 0.0431692 0.810475
0 0.963698 0.550548 0.046716 0.783683
0 0.493898 0.481814 0.0451035 0.822943
0 0.660747 0.486081 0.0421756 0.851375
0 0.743466 0.550747 0.0435367 0.746414
0 0.618737 0.486365 0.0471002 0.824779
0 0.336761 0.509587 0.0419099 0.727462
0 0.218533 0.467893 0.0456949 0.781888
0 0.533938 0.486461 0.0389229 0.792493
0 0.785049 0.552843 0.0399637 0.743794
0 0.258848 0.460514 0.0448026 0.820827
0 0.177206 0.484856 0.0426165 0.733816
0 0.96289 0.566159 0.0448801 0.756112
0 0.875351 0.550662 0.0434726 0.702482
0 0.413126 0.513227 0.0396255 0.739215
0 0.921016 0.485999 0.0459396 0.603005
0 0.298941 0.478857 0.0375392 0.770021
0 0.701209 0.500999 0.0439643 0.839482
0 0.574601 0.515365 0.0459505 0.759049
0 0.376786 0.508684 0.0380469 0.731028
0 0.452394 0.509808 0.0448795 0.765772
0 0.829616 0.558793 0.0481748 0.751971
0 0.17554 0.478375 0.0435863 0.738138
0 0.575031 0.522579 0.0441609 0.749239
0 0.0834462 0.450288 0.166399 0.900576
0 0.829571 0.558672 0.0502604 0.751259
0 0.452121 0.507615 0.0460689 0.763192
0 0.0766891 0.429801 0.153378 0.859602
0 0.701602 0.512562 0.0431692 0.810475
0 0.963698 0.550548 0.046716 0.783683
0 0.376375 0.531353 0.0400083 0.706864
0 0.829199 0.560814 0.0504673 0.757902
0 0.701225 0.505813 0.0429661 0.824656
0 0.618375 0.507413 0.044919 0.811042
0 0.74363 0.543059 0.0432398 0.774189
0 0.337379 0.527982 0.0421646 0.694874
0 0.412932 0.531873 0.0397944 0.727423
0 0.452697 0.521275 0.0451291 0.762175
0 0.574235 0.517331 0.0455809 0.788716
0 0.660363 0.505229 0.0437408 0.84278
0 0.259674 0.474365 0.0455386 0.79957
0 0.495447 0.507605 0.043452 0.80158
0 0.785123 0.55417 0.0420788 0.763075
0 0.533702 0.493466 0.0392267 0.809178
0 0.962405 0.572505 0.0449515 0.77381
0 0.218094 0.480041 0.0462146 0.770321
0 0.920117 0.549073 0.0460622 0.77435
0 0.875628 0.578032 0.0439242 0.737694
0 0.0693099 0.464651 0.13862 0.785677
0 0.919489 0.560883 0.047579 0.764389
0 0.0688493 0.435992 0.137542 0.843225
0 0.990237 0.595933 0.0194737 0.718759
0 0.169499 0.499933 0.0463313 0.710292
0 0.297977 0.509607 0.0364268 0.722645
0 0.376375 0.531353 0.0400083 0.706864
0 0.829199 0.560814 0.0504673 0.757902
0 0.701225 0.505813 0.0429661 0.824656
0 0.618375 0.507413 0.044919 0.811042
0 0.74363 0.543059 0.0432398 0.774189
0 0.337379 0.527982 0.0421646 0.694874
0 0.412932 0.531873 0.0397944 0.727423
0 0.452697 0.521275 0.0451291 0.762175
0 0.574235 0.517331 0.0455809 0.788716
0 0.660363 0.505229 0.0437408 0.84278
0 0.259674 0.474365 0.0455386 0.79957
0 0.495447 0.507605 0.043452 0.80158
0 0.785123 0.55417 0.0420788 0.763075
0 0.533702 0.493466 0.0392267 0.809178
0 0.962405 0.572505 0.0449515 0.77381
0 0.218094 0.480041 0.0462146 0.770321
0 0.920117 0.549073 0.0460622 0.77435
0 0.875628 0.578032 0.0439242 0.737694
0 0.0693099 0.464651 0.13862 0.785677
0 0.919489 0.560883 0.047579 0.764389
0 0.0688493 0.435992 0.137542 0.843225
0 0.990237 0.595933 0.0194737 0.718759
0 0.169499 0.499933 0.0463313 0.710292
0 0.297977 0.509607 0.0364268 0.722645
0 0.300425 0.525645 0.0364559 0.688195
0 0.987796 0.593589 0.0243182 0.73904
