0 0.663798 0.67682 0.104157 0.221535
0 0.0473949 0.744708 0.0947897 0.455287
0 0.837987 0.766163 0.268869 0.389053
0 0.148864 0.74006 0.156766 0.453474
0 0.663798 0.67682 0.104157 0.221535
0 0.0473949 0.744708 0.0947897 0.455287
0 0.837987 0.766163 0.268869 0.389053
0 0.148864 0.74006 0.156766 0.453474
0 0.663798 0.67682 0.104157 0.221535
0 0.0473949 0.744708 0.0947897 0.455287
0 0.837987 0.766163 0.268869 0.389053
0 0.148864 0.74006 0.156766 0.453474
0 0.416692 0.743949 0.370447 0.408131
0 0.0173362 0.88393 0.0343677 0.171694
0 0.0641086 0.879308 0.0583743 0.167991
0 0.839613 0.790783 0.269723 0.348365
0 0.416692 0.743949 0.370447 0.408131
0 0.0173362 0.88393 0.0343677 0.171694
0 0.0641086 0.879308 0.0583743 0.167991
0 0.839613 0.790783 0.269723 0.348365
0 0.147855 0.744034 0.154736 0.458269
0 0.416692 0.743949 0.370447 0.408131
0 0.0173362 0.88393 0.0343677 0.171694
0 0.0641086 0.879308 0.0583743 0.167991
0 0.839613 0.790783 0.269723 0.348365
0 0.416692 0.743949 0.370447 0.408131
0 0.0173362 0.88393 0.0343677 0.171694
0 0.0641086 0.879308 0.0583743 0.167991
0 0.839613 0.790783 0.269723 0.348365
