0 0.639647 0.568337 0.329706 0.726804
0 0.381588 0.476103 0.327067 0.698953
0 0.873685 0.641182 0.249909 0.713844
0 0.639647 0.568337 0.329706 0.726804
0 0.381588 0.476103 0.327067 0.698953
0 0.873685 0.641182 0.249909 0.713844
0 0.639647 0.568337 0.329706 0.726804
0 0.381588 0.476103 0.327067 0.698953
0 0.873685 0.641182 0.249909 0.713844
0 0.641393 0.578332 0.309497 0.700243
0 0.385565 0.497425 0.305498 0.649638
0 0.641393 0.578332 0.309497 0.700243
0 0.385565 0.497425 0.305498 0.649638
0 0.740404 0.110454 0.203739 0.220908
0 0.641393 0.578332 0.309497 0.700243
0 0.385565 0.497425 0.305498 0.649638
