0 0.466913 0.484125 0.134564 0.96825
0 0.214341 0.481151 0.140707 0.957479
0 0.592668 0.484316 0.130793 0.968632
0 0.711455 0.482998 0.126109 0.965997
0 0.825763 0.462783 0.121371 0.925566
0 0.0806496 0.455744 0.152494 0.902774
0 0.342668 0.484975 0.140339 0.96995
0 0.466913 0.484125 0.134564 0.96825
0 0.214341 0.481151 0.140707 0.957479
0 0.592668 0.484316 0.130793 0.968632
0 0.711455 0.482998 0.126109 0.965997
0 0.825763 0.462783 0.121371 0.925566
0 0.0806496 0.455744 0.152494 0.902774
0 0.342668 0.484975 0.140339 0.96995
0 0.466913 0.484125 0.134564 0.96825
0 0.214341 0.481151 0.140707 0.957479
0 0.592668 0.484316 0.130793 0.968632
0 0.711455 0.482998 0.126109 0.965997
0 0.825763 0.462783 0.121371 0.925566
0 0.0806496 0.455744 0.152494 0.902774
0 0.342668 0.484975 0.140339 0.96995
0 0.713113 0.417268 0.126068 0.834536
0 0.344674 0.450509 0.139372 0.893788
0 0.594527 0.436644 0.130777 0.873289
0 0.82911 0.413757 0.124003 0.827513
0 0.0862752 0.440661 0.145141 0.804032
0 0.941996 0.463952 0.115668 0.782524
0 0.469247 0.460734 0.132188 0.921467
0 0.215674 0.426437 0.137444 0.817377
0 0.215735 0.425084 0.136721 0.810593
0 0.468666 0.454326 0.13323 0.908653
0 0.713113 0.417268 0.126068 0.834536
0 0.344674 0.450509 0.139372 0.893788
0 0.594527 0.436644 0.130777 0.873289
0 0.82911 0.413757 0.124003 0.827513
0 0.0862752 0.440661 0.145141 0.804032
0 0.941996 0.463952 0.115668 0.782524
0 0.469247 0.460734 0.132188 0.921467
0 0.215674 0.426437 0.137444 0.817377
0 0.215735 0.425084 0.136721 0.810593
0 0.468666 0.454326 0.13323 0.908653
0 0.0140426 0.462161 0.0280853 0.805912
0 0.713113 0.417268 0.126068 0.834536
0 0.344674 0.450509 0.139372 0.893788
0 0.594527 0.436644 0.130777 0.873289
0 0.82911 0.413757 0.124003 0.827513
0 0.0862752 0.440661 0.145141 0.804032
0 0.941996 0.463952 0.115668 0.782524
0 0.469247 0.460734 0.132188 0.921467
0 0.215674 0.426437 0.137444 0.817377
0 0.215735 0.425084 0.136721 0.810593
0 0.468666 0.454326 0.13323 0.908653
0 0.713113 0.417268 0.126068 0.834536
0 0.344674 0.450509 0.139372 0.893788
0 0.594527 0.436644 0.130777 0.873289
0 0.82911 0.413757 0.124003 0.827513
0 0.0862752 0.440661 0.145141 0.804032
0 0.941996 0.463952 0.115668 0.782524
0 0.469247 0.460734 0.132188 0.921467
0 0.215674 0.426437 0.137444 0.817377
0 0.215735 0.425084 0.136721 0.810593
0 0.468666 0.454326 0.13323 0.908653
