0 0.366148 0.69483 0.143008 0.459025
0 0.90109 0.67254 0.197443 0.470783
0 0.501535 0.689661 0.155024 0.452222
0 0.103691 0.715014 0.150136 0.469802
0 0.235654 0.712202 0.143161 0.450049
0 0.10354 0.716712 0.149353 0.467156
0 0.692736 0.676641 0.265869 0.458228
0 0.752106 0.679744 0.147392 0.444314
0 0.366148 0.69483 0.143008 0.459025
0 0.90109 0.67254 0.197443 0.470783
0 0.501535 0.689661 0.155024 0.452222
0 0.103691 0.715014 0.150136 0.469802
0 0.235654 0.712202 0.143161 0.450049
0 0.10354 0.716712 0.149353 0.467156
0 0.692736 0.676641 0.265869 0.458228
0 0.752106 0.679744 0.147392 0.444314
0 0.366148 0.69483 0.143008 0.459025
0 0.90109 0.67254 0.197443 0.470783
0 0.501535 0.689661 0.155024 0.452222
0 0.103691 0.715014 0.150136 0.469802
0 0.235654 0.712202 0.143161 0.450049
0 0.10354 0.716712 0.149353 0.467156
0 0.692736 0.676641 0.265869 0.458228
0 0.752106 0.679744 0.147392 0.444314
0 0.238774 0.712166 0.142531 0.443459
0 0.36666 0.699085 0.143352 0.439407
0 0.50323 0.68985 0.151833 0.445375
0 0.10544 0.720253 0.155338 0.457711
0 0.631667 0.683611 0.13882 0.439171
0 0.753659 0.67926 0.142465 0.437763
0 0.968814 0.664355 0.062371 0.440909
0 0.903191 0.671294 0.193272 0.463532
0 0.90095 0.671537 0.189039 0.459539
0 0.880858 0.663535 0.154608 0.454299
0 0.238774 0.712166 0.142531 0.443459
0 0.36666 0.699085 0.143352 0.439407
0 0.50323 0.68985 0.151833 0.445375
0 0.10544 0.720253 0.155338 0.457711
0 0.631667 0.683611 0.13882 0.439171
0 0.753659 0.67926 0.142465 0.437763
0 0.968814 0.664355 0.062371 0.440909
0 0.903191 0.671294 0.193272 0.463532
0 0.90095 0.671537 0.189039 0.459539
0 0.880858 0.663535 0.154608 0.454299
0 0.238774 0.712166 0.142531 0.443459
0 0.36666 0.699085 0.143352 0.439407
0 0.50323 0.68985 0.151833 0.445375
0 0.10544 0.720253 0.155338 0.457711
0 0.631667 0.683611 0.13882 0.439171
0 0.753659 0.67926 0.142465 0.437763
0 0.968814 0.664355 0.062371 0.440909
0 0.903191 0.671294 0.193272 0.463532
0 0.90095 0.671537 0.189039 0.459539
0 0.880858 0.663535 0.154608 0.454299
0 0.238774 0.712166 0.142531 0.443459
0 0.36666 0.699085 0.143352 0.439407
0 0.50323 0.68985 0.151833 0.445375
0 0.10544 0.720253 0.155338 0.457711
0 0.631667 0.683611 0.13882 0.439171
0 0.753659 0.67926 0.142465 0.437763
0 0.968814 0.664355 0.062371 0.440909
0 0.903191 0.671294 0.193272 0.463532
0 0.90095 0.671537 0.189039 0.459539
0 0.880858 0.663535 0.154608 0.454299
