0 0.137117 0.407328 0.0771014 0.623893
0 0.0725987 0.406207 0.0652033 0.61896
0 0.434373 0.416461 0.166389 0.540488
0 0.0229449 0.360685 0.0456645 0.715548
0 0.224539 0.390317 0.0817856 0.477814
0 0.30462 0.390596 0.105252 0.485774
0 0.137117 0.407328 0.0771014 0.623893
0 0.0725987 0.406207 0.0652033 0.61896
0 0.434373 0.416461 0.166389 0.540488
0 0.0229449 0.360685 0.0456645 0.715548
0 0.224539 0.390317 0.0817856 0.477814
0 0.30462 0.390596 0.105252 0.485774
0 0.137117 0.407328 0.0771014 0.623893
0 0.0725987 0.406207 0.0652033 0.61896
0 0.434373 0.416461 0.166389 0.540488
0 0.0229449 0.360685 0.0456645 0.715548
0 0.224539 0.390317 0.0817856 0.477814
0 0.30462 0.390596 0.105252 0.485774
0 0.135336 0.406585 0.0766743 0.612627
0 0.307166 0.385539 0.0979168 0.470039
0 0.439959 0.423736 0.174001 0.54204
0 0.0720431 0.403147 0.0662424 0.599736
0 0.224088 0.40229 0.0816464 0.442757
0 0.0239771 0.338155 0.047646 0.664262
0 0.135336 0.406585 0.0766743 0.612627
0 0.307166 0.385539 0.0979168 0.470039
0 0.439959 0.423736 0.174001 0.54204
0 0.0720431 0.403147 0.0662424 0.599736
0 0.224088 0.40229 0.0816464 0.442757
0 0.0239771 0.338155 0.047646 0.664262
0 0.467491 0.0903933 0.104506 0.180787
0 0.135336 0.406585 0.0766743 0.612627
0 0.307166 0.385539 0.0979168 0.470039
0 0.439959 0.423736 0.174001 0.54204
0 0.0720431 0.403147 0.0662424 0.599736
0 0.224088 0.40229 0.0816464 0.442757
0 0.0239771 0.338155 0.047646 0.664262
0 0.135336 0.406585 0.0766743 0.612627
0 0.307166 0.385539 0.0979168 0.470039
0 0.439959 0.423736 0.174001 0.54204
0 0.0720431 0.403147 0.0662424 0.599736
0 0.224088 0.40229 0.0816464 0.442757
0 0.0239771 0.338155 0.047646 0.664262
