0 0.641874 0.655703 0.235563 0.591295
0 0.872143 0.635801 0.247671 0.627025
0 0.279392 0.693775 0.171748 0.544499
0 0.444665 0.688106 0.153607 0.543034
0 0.0984101 0.68881 0.178782 0.56674
0 0.641874 0.655703 0.235563 0.591295
0 0.872143 0.635801 0.247671 0.627025
0 0.279392 0.693775 0.171748 0.544499
0 0.444665 0.688106 0.153607 0.543034
0 0.0984101 0.68881 0.178782 0.56674
0 0.641874 0.655703 0.235563 0.591295
0 0.872143 0.635801 0.247671 0.627025
0 0.279392 0.693775 0.171748 0.544499
0 0.444665 0.688106 0.153607 0.543034
0 0.0984101 0.68881 0.178782 0.56674
0 0.0993047 0.696008 0.18032 0.547861
0 0.279319 0.689276 0.163075 0.55115
0 0.8747 0.631431 0.238256 0.634617
0 0.448144 0.672722 0.154882 0.568981
0 0.642766 0.662465 0.230426 0.581475
0 0.0993047 0.696008 0.18032 0.547861
0 0.279319 0.689276 0.163075 0.55115
0 0.8747 0.631431 0.238256 0.634617
0 0.448144 0.672722 0.154882 0.568981
0 0.642766 0.662465 0.230426 0.581475
0 0.990219 0.652611 0.0192847 0.617606
0 0.0993047 0.696008 0.18032 0.547861
0 0.279319 0.689276 0.163075 0.55115
0 0.8747 0.631431 0.238256 0.634617
0 0.448144 0.672722 0.154882 0.568981
0 0.642766 0.662465 0.230426 0.581475
0 0.0993047 0.696008 0.18032 0.547861
0 0.279319 0.689276 0.163075 0.55115
0 0.8747 0.631431 0.238256 0.634617
0 0.448144 0.672722 0.154882 0.568981
0 0.642766 0.662465 0.230426 0.581475
