0 0.050062 0.522641 0.100124 0.886614
0 0.0478136 0.522053 0.0956272 0.904186
0 0.711637 0.520125 0.417236 0.93851
0 0.146079 0.541302 0.179819 0.834578
0 0.144309 0.552013 0.183337 0.82339
0 0.050062 0.522641 0.100124 0.886614
0 0.0478136 0.522053 0.0956272 0.904186
0 0.711637 0.520125 0.417236 0.93851
0 0.146079 0.541302 0.179819 0.834578
0 0.144309 0.552013 0.183337 0.82339
0 0.050062 0.522641 0.100124 0.886614
0 0.0478136 0.522053 0.0956272 0.904186
0 0.711637 0.520125 0.417236 0.93851
0 0.146079 0.541302 0.179819 0.834578
0 0.144309 0.552013 0.183337 0.82339
0 0.712494 0.507408 0.420117 0.92654
0 0.122594 0.568806 0.222064 0.803271
0 0.723442 0.767885 0.403357 0.434195
0 0.293041 0.518249 0.289004 0.937539
0 0.712494 0.507408 0.420117 0.92654
0 0.122594 0.568806 0.222064 0.803271
0 0.723442 0.767885 0.403357 0.434195
0 0.293041 0.518249 0.289004 0.937539
0 0.047361 0.505212 0.0938646 0.910563
0 0.712494 0.507408 0.420117 0.92654
0 0.122594 0.568806 0.222064 0.803271
0 0.723442 0.767885 0.403357 0.434195
0 0.293041 0.518249 0.289004 0.937539
0 0.712494 0.507408 0.420117 0.92654
0 0.122594 0.568806 0.222064 0.803271
0 0.723442 0.767885 0.403357 0.434195
0 0.293041 0.518249 0.289004 0.937539
