0 0.892442 0.539157 0.211215 0.921687
0 0.574709 0.5513 0.114431 0.838142
0 0.687589 0.561688 0.131655 0.837842
0 0.425675 0.549836 0.199655 0.823511
0 0.272726 0.537732 0.108889 0.811782
0 0.691584 0.567989 0.133431 0.852533
0 0.892442 0.539157 0.211215 0.921687
0 0.574709 0.5513 0.114431 0.838142
0 0.687589 0.561688 0.131655 0.837842
0 0.425675 0.549836 0.199655 0.823511
0 0.272726 0.537732 0.108889 0.811782
0 0.691584 0.567989 0.133431 0.852533
0 0.892442 0.539157 0.211215 0.921687
0 0.574709 0.5513 0.114431 0.838142
0 0.687589 0.561688 0.131655 0.837842
0 0.425675 0.549836 0.199655 0.823511
0 0.272726 0.537732 0.108889 0.811782
0 0.691584 0.567989 0.133431 0.852533
0 0.46706 0.546865 0.110096 0.803161
0 0.575667 0.557355 0.109828 0.813103
0 0.272317 0.531579 0.103382 0.787739
0 0.690809 0.563893 0.123187 0.821827
0 0.173361 0.52147 0.0993844 0.776678
0 0.889172 0.539229 0.181218 0.897591
0 0.370458 0.541244 0.0986922 0.799776
0 0.074959 0.50979 0.104315 0.776451
0 0.46706 0.546865 0.110096 0.803161
0 0.575667 0.557355 0.109828 0.813103
0 0.272317 0.531579 0.103382 0.787739
0 0.690809 0.563893 0.123187 0.821827
0 0.173361 0.52147 0.0993844 0.776678
0 0.889172 0.539229 0.181218 0.897591
0 0.370458 0.541244 0.0986922 0.799776
0 0.074959 0.50979 0.104315 0.776451
0 0.46706 0.546865 0.110096 0.803161
0 0.575667 0.557355 0.109828 0.813103
0 0.272317 0.531579 0.103382 0.787739
0 0.690809 0.563893 0.123187 0.821827
0 0.173361 0.52147 0.0993844 0.776678
0 0.889172 0.539229 0.181218 0.897591
0 0.370458 0.541244 0.0986922 0.799776
0 0.074959 0.50979 0.104315 0.776451
0 0.46706 0.546865 0.110096 0.803161
0 0.575667 0.557355 0.109828 0.813103
0 0.272317 0.531579 0.103382 0.787739
0 0.690809 0.563893 0.123187 0.821827
0 0.173361 0.52147 0.0993844 0.776678
0 0.889172 0.539229 0.181218 0.897591
0 0.370458 0.541244 0.0986922 0.799776
0 0.074959 0.50979 0.104315 0.776451
