0 0.218118 0.336296 0.133185 0.630553
0 0.769298 0.548852 0.140069 0.696654
0 0.100158 0.301069 0.118226 0.555333
0 0.444787 0.420668 0.142715 0.663274
0 0.325405 0.391563 0.113017 0.672702
0 0.638619 0.491983 0.113209 0.665784
0 0.443133 0.416 0.143712 0.671988
0 0.638099 0.496359 0.113537 0.667617
0 0.218118 0.336296 0.133185 0.630553
0 0.769298 0.548852 0.140069 0.696654
0 0.100158 0.301069 0.118226 0.555333
0 0.444787 0.420668 0.142715 0.663274
0 0.325405 0.391563 0.113017 0.672702
0 0.638619 0.491983 0.113209 0.665784
0 0.443133 0.416 0.143712 0.671988
0 0.638099 0.496359 0.113537 0.667617
0 0.218118 0.336296 0.133185 0.630553
0 0.769298 0.548852 0.140069 0.696654
0 0.100158 0.301069 0.118226 0.555333
0 0.444787 0.420668 0.142715 0.663274
0 0.325405 0.391563 0.113017 0.672702
0 0.638619 0.491983 0.113209 0.665784
0 0.443133 0.416 0.143712 0.671988
0 0.638099 0.496359 0.113537 0.667617
0 0.440324 0.412969 0.134448 0.613023
0 0.216602 0.342401 0.12427 0.611761
0 0.770278 0.553131 0.135585 0.682257
0 0.0947049 0.282485 0.0995514 0.554736
0 0.324929 0.384683 0.105701 0.629781
0 0.440324 0.412969 0.134448 0.613023
0 0.216602 0.342401 0.12427 0.611761
0 0.770278 0.553131 0.135585 0.682257
0 0.0947049 0.282485 0.0995514 0.554736
0 0.324929 0.384683 0.105701 0.629781
0 0.607557 0.491985 0.159907 0.635649
0 0.440324 0.412969 0.134448 0.613023
0 0.216602 0.342401 0.12427 0.611761
0 0.770278 0.553131 0.135585 0.682257
0 0.0947049 0.282485 0.0995514 0.554736
0 0.324929 0.384683 0.105701 0.629781
