0 0.386135 0.547398 0.187884 0.742674
0 0.230834 0.438265 0.14787 0.590498
0 0.868843 0.445232 0.0931722 0.499476
0 0.942768 0.58757 0.110479 0.723544
0 0.947445 0.506299 0.0999397 0.530018
0 0.386135 0.547398 0.187884 0.742674
0 0.230834 0.438265 0.14787 0.590498
0 0.868843 0.445232 0.0931722 0.499476
0 0.942768 0.58757 0.110479 0.723544
0 0.947445 0.506299 0.0999397 0.530018
0 0.386135 0.547398 0.187884 0.742674
0 0.230834 0.438265 0.14787 0.590498
0 0.868843 0.445232 0.0931722 0.499476
0 0.942768 0.58757 0.110479 0.723544
0 0.947445 0.506299 0.0999397 0.530018
0 0.385515 0.56455 0.183519 0.719498
0 0.22911 0.45462 0.136195 0.551163
0 0.572854 0.595234 0.182311 0.729654
0 0.560022 0.147512 0.152539 0.28563
0 0.918205 0.576445 0.1627 0.752109
0 0.377407 0.091239 0.140386 0.182478
0 0.0146836 0.416772 0.0293673 0.480359
0 0.385515 0.56455 0.183519 0.719498
0 0.22911 0.45462 0.136195 0.551163
0 0.572854 0.595234 0.182311 0.729654
0 0.560022 0.147512 0.152539 0.28563
0 0.918205 0.576445 0.1627 0.752109
0 0.377407 0.091239 0.140386 0.182478
0 0.0146836 0.416772 0.0293673 0.480359
0 0.909194 0.490338 0.179474 0.88896
0 0.939281 0.597089 0.120705 0.716048
0 0.385515 0.56455 0.183519 0.719498
0 0.22911 0.45462 0.136195 0.551163
0 0.572854 0.595234 0.182311 0.729654
0 0.560022 0.147512 0.152539 0.28563
0 0.918205 0.576445 0.1627 0.752109
0 0.377407 0.091239 0.140386 0.182478
0 0.0146836 0.416772 0.0293673 0.480359
0 0.385515 0.56455 0.183519 0.719498
0 0.22911 0.45462 0.136195 0.551163
0 0.572854 0.595234 0.182311 0.729654
0 0.560022 0.147512 0.152539 0.28563
0 0.918205 0.576445 0.1627 0.752109
0 0.377407 0.091239 0.140386 0.182478
0 0.0146836 0.416772 0.0293673 0.480359
