0 0.523211 0.316725 0.265078 0.278001
0 0.250653 0.324609 0.285008 0.292475
0 0.803972 0.306479 0.268404 0.283136
0 0.0358634 0.760003 0.0708695 0.479994
0 0.523211 0.316725 0.265078 0.278001
0 0.250653 0.324609 0.285008 0.292475
0 0.803972 0.306479 0.268404 0.283136
0 0.0358634 0.760003 0.0708695 0.479994
0 0.523211 0.316725 0.265078 0.278001
0 0.250653 0.324609 0.285008 0.292475
0 0.803972 0.306479 0.268404 0.283136
0 0.0358634 0.760003 0.0708695 0.479994
0 0.523959 0.314198 0.274052 0.291055
0 0.252619 0.32197 0.292458 0.31598
0 0.804968 0.311187 0.280831 0.316803
0 0.210366 0.782271 0.154601 0.288322
0 0.523959 0.314198 0.274052 0.291055
0 0.252619 0.32197 0.292458 0.31598
0 0.804968 0.311187 0.280831 0.316803
0 0.210366 0.782271 0.154601 0.288322
0 0.408659 0.112007 0.249905 0.224015
0 0.523959 0.314198 0.274052 0.291055
0 0.252619 0.32197 0.292458 0.31598
0 0.804968 0.311187 0.280831 0.316803
0 0.210366 0.782271 0.154601 0.288322
