0 0.85259 0.481669 0.152328 0.819262
0 0.107953 0.609591 0.1241 0.69179
0 0.529511 0.587671 0.105984 0.706049
0 0.629149 0.565779 0.104976 0.708407
0 0.325113 0.538544 0.111275 0.501032
0 0.429122 0.513463 0.106548 0.501289
0 0.726472 0.542753 0.106592 0.730632
0 0.326858 0.632567 0.111573 0.711889
0 0.42872 0.616618 0.107453 0.725085
0 0.219881 0.622062 0.11648 0.659592
0 0.427897 0.611661 0.108363 0.723297
0 0.219351 0.593213 0.116397 0.586956
0 0.729299 0.449226 0.101966 0.496752
0 0.85259 0.481669 0.152328 0.819262
0 0.107953 0.609591 0.1241 0.69179
0 0.529511 0.587671 0.105984 0.706049
0 0.629149 0.565779 0.104976 0.708407
0 0.325113 0.538544 0.111275 0.501032
0 0.429122 0.513463 0.106548 0.501289
0 0.726472 0.542753 0.106592 0.730632
0 0.326858 0.632567 0.111573 0.711889
0 0.42872 0.616618 0.107453 0.725085
0 0.219881 0.622062 0.11648 0.659592
0 0.427897 0.611661 0.108363 0.723297
0 0.219351 0.593213 0.116397 0.586956
0 0.729299 0.449226 0.101966 0.496752
0 0.85259 0.481669 0.152328 0.819262
0 0.107953 0.609591 0.1241 0.69179
0 0.529511 0.587671 0.105984 0.706049
0 0.629149 0.565779 0.104976 0.708407
0 0.325113 0.538544 0.111275 0.501032
0 0.429122 0.513463 0.106548 0.501289
0 0.726472 0.542753 0.106592 0.730632
0 0.326858 0.632567 0.111573 0.711889
0 0.42872 0.616618 0.107453 0.725085
0 0.219881 0.622062 0.11648 0.659592
0 0.427897 0.611661 0.108363 0.723297
0 0.219351 0.593213 0.116397 0.586956
0 0.729299 0.449226 0.101966 0.496752
0 0.326728 0.640846 0.110813 0.698862
0 0.532444 0.603721 0.109498 0.677835
0 0.429868 0.629344 0.108724 0.696678
0 0.850138 0.479806 0.137883 0.770887
0 0.73118 0.543242 0.104203 0.705056
0 0.110211 0.615032 0.125494 0.678287
0 0.632927 0.565077 0.10777 0.683731
0 0.218703 0.631833 0.113233 0.645174
0 0.632851 0.562377 0.104896 0.682041
0 0.730648 0.550964 0.101021 0.665748
0 0.326728 0.640846 0.110813 0.698862
0 0.532444 0.603721 0.109498 0.677835
0 0.429868 0.629344 0.108724 0.696678
0 0.850138 0.479806 0.137883 0.770887
0 0.73118 0.543242 0.104203 0.705056
0 0.110211 0.615032 0.125494 0.678287
0 0.632927 0.565077 0.10777 0.683731
0 0.218703 0.631833 0.113233 0.645174
0 0.632851 0.562377 0.104896 0.682041
0 0.730648 0.550964 0.101021 0.665748
0 0.90555 0.921079 0.174086 0.157841
0 0.982403 0.413924 0.0351133 0.827847
0 0.326728 0.640846 0.110813 0.698862
0 0.532444 0.603721 0.109498 0.677835
0 0.429868 0.629344 0.108724 0.696678
0 0.850138 0.479806 0.137883 0.770887
0 0.73118 0.543242 0.104203 0.705056
0 0.110211 0.615032 0.125494 0.678287
0 0.632927 0.565077 0.10777 0.683731
0 0.218703 0.631833 0.113233 0.645174
0 0.632851 0.562377 0.104896 0.682041
0 0.730648 0.550964 0.101021 0.665748
0 0.326728 0.640846 0.110813 0.698862
0 0.532444 0.603721 0.109498 0.677835
0 0.429868 0.629344 0.108724 0.696678
0 0.850138 0.479806 0.137883 0.770887
0 0.73118 0.543242 0.104203 0.705056
0 0.110211 0.615032 0.125494 0.678287
0 0.632927 0.565077 0.10777 0.683731
0 0.218703 0.631833 0.113233 0.645174
0 0.632851 0.562377 0.104896 0.682041
0 0.730648 0.550964 0.101021 0.665748
