0 0.979057 0.533517 0.0418189 0.510451
0 0.325929 0.470645 0.258704 0.911294
0 0.57527 0.447771 0.262339 0.886533
0 0.105072 0.5048 0.209273 0.891314
0 0.0525864 0.718831 0.105173 0.436323
0 0.979057 0.533517 0.0418189 0.510451
0 0.325929 0.470645 0.258704 0.911294
0 0.57527 0.447771 0.262339 0.886533
0 0.105072 0.5048 0.209273 0.891314
0 0.0525864 0.718831 0.105173 0.436323
0 0.574605 0.256871 0.253156 0.485884
0 0.331436 0.688888 0.250232 0.434963
0 0.824499 0.303163 0.236827 0.512795
0 0.330621 0.267511 0.250225 0.466793
0 0.104422 0.70627 0.208369 0.462041
0 0.576586 0.673332 0.244095 0.405753
0 0.104175 0.261455 0.208351 0.496609
0 0.976456 0.58733 0.0470888 0.611191
0 0.147512 0.260467 0.114469 0.463289
0 0.574605 0.256871 0.253156 0.485884
0 0.331436 0.688888 0.250232 0.434963
0 0.824499 0.303163 0.236827 0.512795
0 0.330621 0.267511 0.250225 0.466793
0 0.104422 0.70627 0.208369 0.462041
0 0.576586 0.673332 0.244095 0.405753
0 0.104175 0.261455 0.208351 0.496609
0 0.976456 0.58733 0.0470888 0.611191
0 0.147512 0.260467 0.114469 0.463289
0 0.577665 0.674914 0.24905 0.402159
0 0.410658 0.681366 0.0945381 0.409877
0 0.574605 0.256871 0.253156 0.485884
0 0.331436 0.688888 0.250232 0.434963
0 0.824499 0.303163 0.236827 0.512795
0 0.330621 0.267511 0.250225 0.466793
0 0.104422 0.70627 0.208369 0.462041
0 0.576586 0.673332 0.244095 0.405753
0 0.104175 0.261455 0.208351 0.496609
0 0.976456 0.58733 0.0470888 0.611191
0 0.147512 0.260467 0.114469 0.463289
0 0.574605 0.256871 0.253156 0.485884
0 0.331436 0.688888 0.250232 0.434963
0 0.824499 0.303163 0.236827 0.512795
0 0.330621 0.267511 0.250225 0.466793
0 0.104422 0.70627 0.208369 0.462041
0 0.576586 0.673332 0.244095 0.405753
0 0.104175 0.261455 0.208351 0.496609
0 0.976456 0.58733 0.0470888 0.611191
0 0.147512 0.260467 0.114469 0.463289
