0 0.390385 0.480653 0.262155 0.399528
0 0.130811 0.486697 0.256645 0.394958
0 0.751262 0.508057 0.488392 0.974839
0 0.390385 0.480653 0.262155 0.399528
0 0.130811 0.486697 0.256645 0.394958
0 0.751262 0.508057 0.488392 0.974839
0 0.390385 0.480653 0.262155 0.399528
0 0.130811 0.486697 0.256645 0.394958
0 0.751262 0.508057 0.488392 0.974839
0 0.13727 0.596413 0.265801 0.657602
0 0.757872 0.504253 0.484256 0.985407
0 0.396726 0.587159 0.27352 0.695764
0 0.13727 0.596413 0.265801 0.657602
0 0.757872 0.504253 0.484256 0.985407
0 0.396726 0.587159 0.27352 0.695764
0 0.13727 0.596413 0.265801 0.657602
0 0.757872 0.504253 0.484256 0.985407
0 0.396726 0.587159 0.27352 0.695764
