0 0.863146 0.501799 0.181943 0.860335
0 0.18583 0.509481 0.109029 0.539976
0 0.724581 0.457104 0.108613 0.56315
0 0.409098 0.584041 0.119762 0.796437
0 0.0793896 0.540426 0.111699 0.587523
0 0.621654 0.475719 0.101937 0.545852
0 0.293019 0.503364 0.113698 0.572431
0 0.517289 0.576892 0.11269 0.766123
0 0.723643 0.546136 0.106295 0.772353
0 0.621971 0.566471 0.103619 0.764871
0 0.409005 0.580739 0.120407 0.806545
0 0.863146 0.501799 0.181943 0.860335
0 0.18583 0.509481 0.109029 0.539976
0 0.724581 0.457104 0.108613 0.56315
0 0.409098 0.584041 0.119762 0.796437
0 0.0793896 0.540426 0.111699 0.587523
0 0.621654 0.475719 0.101937 0.545852
0 0.293019 0.503364 0.113698 0.572431
0 0.517289 0.576892 0.11269 0.766123
0 0.723643 0.546136 0.106295 0.772353
0 0.621971 0.566471 0.103619 0.764871
0 0.409005 0.580739 0.120407 0.806545
0 0.863146 0.501799 0.181943 0.860335
0 0.18583 0.509481 0.109029 0.539976
0 0.724581 0.457104 0.108613 0.56315
0 0.409098 0.584041 0.119762 0.796437
0 0.0793896 0.540426 0.111699 0.587523
0 0.621654 0.475719 0.101937 0.545852
0 0.293019 0.503364 0.113698 0.572431
0 0.517289 0.576892 0.11269 0.766123
0 0.723643 0.546136 0.106295 0.772353
0 0.621971 0.566471 0.103619 0.764871
0 0.409005 0.580739 0.120407 0.806545
0 0.408362 0.585509 0.115722 0.783082
0 0.724141 0.569143 0.107027 0.735118
0 0.185329 0.567559 0.107348 0.62726
0 0.294167 0.592754 0.112435 0.756868
0 0.0809033 0.572815 0.109311 0.62555
0 0.517492 0.583765 0.110385 0.744669
0 0.621923 0.578824 0.101902 0.742017
0 0.865603 0.508462 0.162724 0.814485
0 0.408362 0.585509 0.115722 0.783082
0 0.724141 0.569143 0.107027 0.735118
0 0.185329 0.567559 0.107348 0.62726
0 0.294167 0.592754 0.112435 0.756868
0 0.0809033 0.572815 0.109311 0.62555
0 0.517492 0.583765 0.110385 0.744669
0 0.621923 0.578824 0.101902 0.742017
0 0.865603 0.508462 0.162724 0.814485
0 0.408362 0.585509 0.115722 0.783082
0 0.724141 0.569143 0.107027 0.735118
0 0.185329 0.567559 0.107348 0.62726
0 0.294167 0.592754 0.112435 0.756868
0 0.0809033 0.572815 0.109311 0.62555
0 0.517492 0.583765 0.110385 0.744669
0 0.621923 0.578824 0.101902 0.742017
0 0.865603 0.508462 0.162724 0.814485
0 0.408362 0.585509 0.115722 0.783082
0 0.724141 0.569143 0.107027 0.735118
0 0.185329 0.567559 0.107348 0.62726
0 0.294167 0.592754 0.112435 0.756868
0 0.0809033 0.572815 0.109311 0.62555
0 0.517492 0.583765 0.110385 0.744669
0 0.621923 0.578824 0.101902 0.742017
0 0.865603 0.508462 0.162724 0.814485
