0 0.35807 0.659748 0.224072 0.515494
0 0.133915 0.609869 0.245054 0.739143
0 0.905443 0.456383 0.181315 0.478778
0 0.557142 0.59411 0.217906 0.502946
0 0.35807 0.659748 0.224072 0.515494
0 0.133915 0.609869 0.245054 0.739143
0 0.905443 0.456383 0.181315 0.478778
0 0.557142 0.59411 0.217906 0.502946
0 0.35807 0.659748 0.224072 0.515494
0 0.133915 0.609869 0.245054 0.739143
0 0.905443 0.456383 0.181315 0.478778
0 0.557142 0.59411 0.217906 0.502946
0 0.741313 0.439736 0.185681 0.659851
0 0.356641 0.561132 0.220019 0.721082
0 0.55684 0.493182 0.211524 0.677085
0 0.138399 0.618852 0.232001 0.722486
0 0.908992 0.364036 0.175592 0.634601
0 0.741313 0.439736 0.185681 0.659851
0 0.356641 0.561132 0.220019 0.721082
0 0.55684 0.493182 0.211524 0.677085
0 0.138399 0.618852 0.232001 0.722486
0 0.908992 0.364036 0.175592 0.634601
0 0.741313 0.439736 0.185681 0.659851
0 0.356641 0.561132 0.220019 0.721082
0 0.55684 0.493182 0.211524 0.677085
0 0.138399 0.618852 0.232001 0.722486
0 0.908992 0.364036 0.175592 0.634601
0 0.741313 0.439736 0.185681 0.659851
0 0.356641 0.561132 0.220019 0.721082
0 0.55684 0.493182 0.211524 0.677085
0 0.138399 0.618852 0.232001 0.722486
0 0.908992 0.364036 0.175592 0.634601
