0 0.277866 0.508796 0.433883 0.275834
0 0.714658 0.504706 0.429614 0.274272
0 0.21079 0.807182 0.193086 0.282857
0 0.0315426 0.240484 0.0630853 0.412715
0 0.277866 0.508796 0.433883 0.275834
0 0.714658 0.504706 0.429614 0.274272
0 0.21079 0.807182 0.193086 0.282857
0 0.0315426 0.240484 0.0630853 0.412715
0 0.277866 0.508796 0.433883 0.275834
0 0.714658 0.504706 0.429614 0.274272
0 0.21079 0.807182 0.193086 0.282857
0 0.0315426 0.240484 0.0630853 0.412715
0 0.716159 0.496278 0.438907 0.299989
0 0.281185 0.501677 0.440588 0.298507
0 0.0301258 0.120044 0.0602516 0.152797
0 0.716159 0.496278 0.438907 0.299989
0 0.281185 0.501677 0.440588 0.298507
0 0.0301258 0.120044 0.0602516 0.152797
0 0.0942425 0.10817 0.0706698 0.166751
0 0.577975 0.182747 0.497895 0.365494
0 0.0282857 0.318067 0.0560745 0.252574
0 0.716159 0.496278 0.438907 0.299989
0 0.281185 0.501677 0.440588 0.298507
0 0.0301258 0.120044 0.0602516 0.152797
0 0.716159 0.496278 0.438907 0.299989
0 0.281185 0.501677 0.440588 0.298507
0 0.0301258 0.120044 0.0602516 0.152797
