0 0.346094 0.716159 0.045258 0.487236
0 0.832119 0.534136 0.0524506 0.833976
0 0.74405 0.535615 0.0472761 0.8084
0 0.786126 0.540495 0.0415432 0.825453
0 0.300151 0.710177 0.0445556 0.485729
0 0.156868 0.517572 0.0508661 0.866444
0 0.255407 0.703487 0.0416579 0.498211
0 0.394718 0.679971 0.0498834 0.554436
0 0.440463 0.695111 0.0399903 0.498863
0 0.483268 0.711934 0.0393954 0.486925
0 0.208204 0.64434 0.0481562 0.616595
0 0.525462 0.717411 0.0406746 0.484379
0 0.108748 0.499296 0.0525403 0.913588
0 0.613025 0.533207 0.0441168 0.827611
0 0.879243 0.599481 0.0461284 0.704993
0 0.568679 0.734706 0.0405225 0.446599
0 0.655762 0.566434 0.0470157 0.761305
0 0.569685 0.509196 0.046858 0.885799
0 0.970439 0.516291 0.0540088 0.881813
0 0.69963 0.556821 0.0445 0.777024
0 0.925529 0.505204 0.0491656 0.872945
0 0.0230763 0.606891 0.0454461 0.736819
0 0.209894 0.660203 0.0464848 0.594444
0 0.346094 0.716159 0.045258 0.487236
0 0.832119 0.534136 0.0524506 0.833976
0 0.74405 0.535615 0.0472761 0.8084
0 0.786126 0.540495 0.0415432 0.825453
0 0.300151 0.710177 0.0445556 0.485729
0 0.156868 0.517572 0.0508661 0.866444
0 0.255407 0.703487 0.0416579 0.498211
0 0.394718 0.679971 0.0498834 0.554436
0 0.440463 0.695111 0.0399903 0.498863
0 0.483268 0.711934 0.0393954 0.486925
0 0.208204 0.64434 0.0481562 0.616595
0 0.525462 0.717411 0.0406746 0.484379
0 0.108748 0.499296 0.0525403 0.913588
0 0.613025 0.533207 0.0441168 0.827611
0 0.879243 0.599481 0.0461284 0.704993
0 0.568679 0.734706 0.0405225 0.446599
0 0.655762 0.566434 0.0470157 0.761305
0 0.569685 0.509196 0.046858 0.885799
0 0.970439 0.516291 0.0540088 0.881813
0 0.69963 0.556821 0.0445 0.777024
0 0.925529 0.505204 0.0491656 0.872945
0 0.0230763 0.606891 0.0454461 0.736819
0 0.209894 0.660203 0.0464848 0.594444
0 0.346094 0.716159 0.045258 0.487236
0 0.832119 0.534136 0.0524506 0.833976
0 0.74405 0.535615 0.0472761 0.8084
0 0.786126 0.540495 0.0415432 0.825453
0 0.300151 0.710177 0.0445556 0.485729
0 0.156868 0.517572 0.0508661 0.866444
0 0.255407 0.703487 0.0416579 0.498211
0 0.394718 0.679971 0.0498834 0.554436
0 0.440463 0.695111 0.0399903 0.498863
0 0.483268 0.711934 0.0393954 0.486925
0 0.208204 0.64434 0.0481562 0.616595
0 0.525462 0.717411 0.0406746 0.484379
0 0.108748 0.499296 0.0525403 0.913588
0 0.613025 0.533207 0.0441168 0.827611
0 0.879243 0.599481 0.0461284 0.704993
0 0.568679 0.734706 0.0405225 0.446599
0 0.655762 0.566434 0.0470157 0.761305
0 0.569685 0.509196 0.046858 0.885799
0 0.970439 0.516291 0.0540088 0.881813
0 0.69963 0.556821 0.0445 0.777024
0 0.925529 0.505204 0.0491656 0.872945
0 0.0230763 0.606891 0.0454461 0.736819
0 0.209894 0.660203 0.0464848 0.594444
0 0.699614 0.565149 0.0441645 0.773082
0 0.832178 0.544325 0.0539594 0.814271
0 0.786525 0.551318 0.0421959 0.802927
0 0.525548 0.518326 0.0445969 0.861157
0 0.613087 0.545216 0.0424172 0.816137
0 0.395769 0.679395 0.0475404 0.568032
0 0.30019 0.727157 0.044621 0.474685
0 0.10884 0.480336 0.0519283 0.932399
0 0.48233 0.567456 0.0418349 0.752539
0 0.346743 0.719117 0.0455245 0.48334
0 0.254546 0.699678 0.0433513 0.517039
0 0.570396 0.511299 0.0448226 0.87213
0 0.880181 0.613389 0.0469519 0.682126
0 0.158054 0.483046 0.0482872 0.919514
0 0.655732 0.579951 0.0466127 0.74742
0 0.20962 0.685868 0.0472275 0.553705
0 0.744951 0.552494 0.0467752 0.799127
0 0.968732 0.537356 0.0509661 0.85645
0 0.441623 0.600837 0.0408545 0.706386
0 0.925151 0.518973 0.0422613 0.867089
0 0.0617274 0.487593 0.0543437 0.95173
0 0.570357 0.516028 0.044177 0.864055
0 0.394676 0.695331 0.0472611 0.51997
0 0.0248993 0.746737 0.0478385 0.441084
0 0.922962 0.608642 0.0413134 0.688523
0 0.744749 0.545794 0.0448414 0.804954
0 0.0249183 0.5762 0.0470814 0.783526
0 0.699614 0.565149 0.0441645 0.773082
0 0.832178 0.544325 0.0539594 0.814271
0 0.786525 0.551318 0.0421959 0.802927
0 0.525548 0.518326 0.0445969 0.861157
0 0.613087 0.545216 0.0424172 0.816137
0 0.395769 0.679395 0.0475404 0.568032
0 0.30019 0.727157 0.044621 0.474685
0 0.10884 0.480336 0.0519283 0.932399
0 0.48233 0.567456 0.0418349 0.752539
0 0.346743 0.719117 0.0455245 0.48334
0 0.254546 0.699678 0.0433513 0.517039
0 0.570396 0.511299 0.0448226 0.87213
0 0.880181 0.613389 0.0469519 0.682126
0 0.158054 0.483046 0.0482872 0.919514
0 0.655732 0.579951 0.0466127 0.74742
0 0.20962 0.685868 0.0472275 0.553705
0 0.744951 0.552494 0.0467752 0.799127
0 0.968732 0.537356 0.0509661 0.85645
0 0.441623 0.600837 0.0408545 0.706386
0 0.925151 0.518973 0.0422613 0.867089
0 0.0617274 0.487593 0.0543437 0.95173
0 0.570357 0.516028 0.044177 0.864055
0 0.394676 0.695331 0.0472611 0.51997
0 0.0248993 0.746737 0.0478385 0.441084
0 0.922962 0.608642 0.0413134 0.688523
0 0.744749 0.545794 0.0448414 0.804954
0 0.0249183 0.5762 0.0470814 0.783526
0 0.345979 0.722681 0.0440231 0.471718
0 0.442183 0.589157 0.0397836 0.731692
0 0.0656735 0.696309 0.0493899 0.506628
0 0.160771 0.664508 0.0484078 0.578102
0 0.881689 0.565031 0.0479627 0.787422
0 0.922636 0.549987 0.0400407 0.794581
0 0.972786 0.513815 0.0541491 0.877073
0 0.699614 0.565149 0.0441645 0.773082
0 0.832178 0.544325 0.0539594 0.814271
0 0.786525 0.551318 0.0421959 0.802927
0 0.525548 0.518326 0.0445969 0.861157
0 0.613087 0.545216 0.0424172 0.816137
0 0.395769 0.679395 0.0475404 0.568032
0 0.30019 0.727157 0.044621 0.474685
0 0.10884 0.480336 0.0519283 0.932399
0 0.48233 0.567456 0.0418349 0.752539
0 0.346743 0.719117 0.0455245 0.48334
0 0.254546 0.699678 0.0433513 0.517039
0 0.570396 0.511299 0.0448226 0.87213
0 0.880181 0.613389 0.0469519 0.682126
0 0.158054 0.483046 0.0482872 0.919514
0 0.655732 0.579951 0.0466127 0.74742
0 0.20962 0.685868 0.0472275 0.553705
0 0.744951 0.552494 0.0467752 0.799127
0 0.968732 0.537356 0.0509661 0.85645
0 0.441623 0.600837 0.0408545 0.706386
0 0.925151 0.518973 0.0422613 0.867089
0 0.0617274 0.487593 0.0543437 0.95173
0 0.570357 0.516028 0.044177 0.864055
0 0.394676 0.695331 0.0472611 0.51997
0 0.0248993 0.746737 0.0478385 0.441084
0 0.922962 0.608642 0.0413134 0.688523
0 0.744749 0.545794 0.0448414 0.804954
0 0.0249183 0.5762 0.0470814 0.783526
0 0.699614 0.565149 0.0441645 0.773082
0 0.832178 0.544325 0.0539594 0.814271
0 0.786525 0.551318 0.0421959 0.802927
0 0.525548 0.518326 0.0445969 0.861157
0 0.613087 0.545216 0.0424172 0.816137
0 0.395769 0.679395 0.0475404 0.568032
0 0.30019 0.727157 0.044621 0.474685
0 0.10884 0.480336 0.0519283 0.932399
0 0.48233 0.567456 0.0418349 0.752539
0 0.346743 0.719117 0.0455245 0.48334
0 0.254546 0.699678 0.0433513 0.517039
0 0.570396 0.511299 0.0448226 0.87213
0 0.880181 0.613389 0.0469519 0.682126
0 0.158054 0.483046 0.0482872 0.919514
0 0.655732 0.579951 0.0466127 0.74742
0 0.20962 0.685868 0.0472275 0.553705
0 0.744951 0.552494 0.0467752 0.799127
0 0.968732 0.537356 0.0509661 0.85645
0 0.441623 0.600837 0.0408545 0.706386
0 0.925151 0.518973 0.0422613 0.867089
0 0.0617274 0.487593 0.0543437 0.95173
0 0.570357 0.516028 0.044177 0.864055
0 0.394676 0.695331 0.0472611 0.51997
0 0.0248993 0.746737 0.0478385 0.441084
0 0.922962 0.608642 0.0413134 0.688523
0 0.744749 0.545794 0.0448414 0.804954
0 0.0249183 0.5762 0.0470814 0.783526
