0 0.803312 0.677541 0.219397 0.625749
0 0.63045 0.634144 0.146245 0.676514
0 0.406496 0.537108 0.127734 0.495934
0 0.517907 0.625362 0.13963 0.677515
0 0.0905247 0.584318 0.137862 0.610654
0 0.29111 0.533849 0.13117 0.482343
0 0.518746 0.545599 0.132649 0.482921
0 0.399229 0.890757 0.112581 0.217177
0 0.477497 0.894066 0.0600648 0.203841
0 0.803312 0.677541 0.219397 0.625749
0 0.63045 0.634144 0.146245 0.676514
0 0.406496 0.537108 0.127734 0.495934
0 0.517907 0.625362 0.13963 0.677515
0 0.0905247 0.584318 0.137862 0.610654
0 0.29111 0.533849 0.13117 0.482343
0 0.518746 0.545599 0.132649 0.482921
0 0.399229 0.890757 0.112581 0.217177
0 0.477497 0.894066 0.0600648 0.203841
0 0.803312 0.677541 0.219397 0.625749
0 0.63045 0.634144 0.146245 0.676514
0 0.406496 0.537108 0.127734 0.495934
0 0.517907 0.625362 0.13963 0.677515
0 0.0905247 0.584318 0.137862 0.610654
0 0.29111 0.533849 0.13117 0.482343
0 0.518746 0.545599 0.132649 0.482921
0 0.399229 0.890757 0.112581 0.217177
0 0.477497 0.894066 0.0600648 0.203841
0 0.09086 0.574113 0.12135 0.560027
0 0.29349 0.601016 0.126077 0.582235
0 0.633605 0.644925 0.140431 0.610928
0 0.812206 0.557822 0.240629 0.861096
0 0.192694 0.589086 0.114921 0.569931
0 0.515862 0.631927 0.13394 0.601564
0 0.405223 0.615658 0.132391 0.5881
0 0.09086 0.574113 0.12135 0.560027
0 0.29349 0.601016 0.126077 0.582235
0 0.633605 0.644925 0.140431 0.610928
0 0.812206 0.557822 0.240629 0.861096
0 0.192694 0.589086 0.114921 0.569931
0 0.515862 0.631927 0.13394 0.601564
0 0.405223 0.615658 0.132391 0.5881
0 0.406174 0.615223 0.131678 0.594613
0 0.09086 0.574113 0.12135 0.560027
0 0.29349 0.601016 0.126077 0.582235
0 0.633605 0.644925 0.140431 0.610928
0 0.812206 0.557822 0.240629 0.861096
0 0.192694 0.589086 0.114921 0.569931
0 0.515862 0.631927 0.13394 0.601564
0 0.405223 0.615658 0.132391 0.5881
