0 0.684426 0.657528 0.117975 0.66886
0 0.912447 0.530932 0.138918 0.936923
0 0.579214 0.554206 0.115497 0.881541
0 0.165129 0.549386 0.134325 0.892601
0 0.474181 0.526338 0.120249 0.929823
0 0.794263 0.534598 0.128591 0.928408
0 0.0647866 0.537571 0.129573 0.901208
0 0.581492 0.642739 0.114845 0.698557
0 0.373764 0.532676 0.130783 0.928736
0 0.26992 0.540604 0.129987 0.918557
0 0.680416 0.556642 0.117565 0.87884
0 0.684426 0.657528 0.117975 0.66886
0 0.912447 0.530932 0.138918 0.936923
0 0.579214 0.554206 0.115497 0.881541
0 0.165129 0.549386 0.134325 0.892601
0 0.474181 0.526338 0.120249 0.929823
0 0.794263 0.534598 0.128591 0.928408
0 0.0647866 0.537571 0.129573 0.901208
0 0.581492 0.642739 0.114845 0.698557
0 0.373764 0.532676 0.130783 0.928736
0 0.26992 0.540604 0.129987 0.918557
0 0.680416 0.556642 0.117565 0.87884
0 0.684426 0.657528 0.117975 0.66886
0 0.912447 0.530932 0.138918 0.936923
0 0.579214 0.554206 0.115497 0.881541
0 0.165129 0.549386 0.134325 0.892601
0 0.474181 0.526338 0.120249 0.929823
0 0.794263 0.534598 0.128591 0.928408
0 0.0647866 0.537571 0.129573 0.901208
0 0.581492 0.642739 0.114845 0.698557
0 0.373764 0.532676 0.130783 0.928736
0 0.26992 0.540604 0.129987 0.918557
0 0.680416 0.556642 0.117565 0.87884
0 0.912269 0.535634 0.13761 0.928733
0 0.68259 0.645526 0.119388 0.708947
0 0.581792 0.659944 0.115018 0.679008
0 0.788775 0.540745 0.13524 0.916097
0 0.372838 0.543267 0.122504 0.904726
0 0.473419 0.538701 0.119801 0.912238
0 0.476085 0.617053 0.113535 0.758928
0 0.0640044 0.573166 0.125461 0.849778
0 0.171108 0.568167 0.12984 0.849168
0 0.912269 0.535634 0.13761 0.928733
0 0.68259 0.645526 0.119388 0.708947
0 0.581792 0.659944 0.115018 0.679008
0 0.788775 0.540745 0.13524 0.916097
0 0.372838 0.543267 0.122504 0.904726
0 0.473419 0.538701 0.119801 0.912238
0 0.476085 0.617053 0.113535 0.758928
0 0.0640044 0.573166 0.125461 0.849778
0 0.171108 0.568167 0.12984 0.849168
0 0.0637771 0.579929 0.125612 0.831638
0 0.268102 0.562348 0.119421 0.875304
0 0.98836 0.466491 0.0232796 0.825942
0 0.00696301 0.601896 0.013926 0.796208
0 0.268558 0.596253 0.127497 0.79795
0 0.912269 0.535634 0.13761 0.928733
0 0.68259 0.645526 0.119388 0.708947
0 0.581792 0.659944 0.115018 0.679008
0 0.788775 0.540745 0.13524 0.916097
0 0.372838 0.543267 0.122504 0.904726
0 0.473419 0.538701 0.119801 0.912238
0 0.476085 0.617053 0.113535 0.758928
0 0.0640044 0.573166 0.125461 0.849778
0 0.171108 0.568167 0.12984 0.849168
0 0.912269 0.535634 0.13761 0.928733
0 0.68259 0.645526 0.119388 0.708947
0 0.581792 0.659944 0.115018 0.679008
0 0.788775 0.540745 0.13524 0.916097
0 0.372838 0.543267 0.122504 0.904726
0 0.473419 0.538701 0.119801 0.912238
0 0.476085 0.617053 0.113535 0.758928
0 0.0640044 0.573166 0.125461 0.849778
0 0.171108 0.568167 0.12984 0.849168
