0 0.176705 0.60145 0.35341 0.667321
0 0.654957 0.641736 0.210757 0.292644
0 0.821182 0.634979 0.211549 0.290896
0 0.440557 0.572467 0.337294 0.671212
0 0.436696 0.57401 0.334082 0.670371
0 0.38816 0.775353 0.137634 0.245793
0 0.176705 0.60145 0.35341 0.667321
0 0.654957 0.641736 0.210757 0.292644
0 0.821182 0.634979 0.211549 0.290896
0 0.440557 0.572467 0.337294 0.671212
0 0.436696 0.57401 0.334082 0.670371
0 0.38816 0.775353 0.137634 0.245793
0 0.176705 0.60145 0.35341 0.667321
0 0.654957 0.641736 0.210757 0.292644
0 0.821182 0.634979 0.211549 0.290896
0 0.440557 0.572467 0.337294 0.671212
0 0.436696 0.57401 0.334082 0.670371
0 0.38816 0.775353 0.137634 0.245793
0 0.187043 0.586464 0.29403 0.658479
0 0.452807 0.570049 0.289319 0.662663
0 0.797421 0.687022 0.265979 0.394711
0 0.649481 0.694541 0.21654 0.38029
0 0.187043 0.586464 0.29403 0.658479
0 0.452807 0.570049 0.289319 0.662663
0 0.797421 0.687022 0.265979 0.394711
0 0.649481 0.694541 0.21654 0.38029
0 0.18205 0.594008 0.30006 0.638435
0 0.389101 0.777497 0.122696 0.232578
0 0.747084 0.611413 0.382137 0.230192
0 0.187043 0.586464 0.29403 0.658479
0 0.452807 0.570049 0.289319 0.662663
0 0.797421 0.687022 0.265979 0.394711
0 0.649481 0.694541 0.21654 0.38029
0 0.187043 0.586464 0.29403 0.658479
0 0.452807 0.570049 0.289319 0.662663
0 0.797421 0.687022 0.265979 0.394711
0 0.649481 0.694541 0.21654 0.38029
