0 0.340904 0.773839 0.184301 0.294747
0 0.31237 0.380984 0.201821 0.331761
0 0.12782 0.428798 0.224387 0.370108
0 0.964646 0.381793 0.0702006 0.580251
0 0.340904 0.773839 0.184301 0.294747
0 0.31237 0.380984 0.201821 0.331761
0 0.12782 0.428798 0.224387 0.370108
0 0.964646 0.381793 0.0702006 0.580251
0 0.340904 0.773839 0.184301 0.294747
0 0.31237 0.380984 0.201821 0.331761
0 0.12782 0.428798 0.224387 0.370108
0 0.964646 0.381793 0.0702006 0.580251
0 0.311491 0.380402 0.193746 0.32517
0 0.616609 0.673088 0.119369 0.293342
0 0.342321 0.782879 0.181069 0.280012
0 0.479009 0.3171 0.175356 0.348395
0 0.311491 0.380402 0.193746 0.32517
0 0.616609 0.673088 0.119369 0.293342
0 0.342321 0.782879 0.181069 0.280012
0 0.479009 0.3171 0.175356 0.348395
0 0.633978 0.30405 0.148883 0.396172
0 0.311491 0.380402 0.193746 0.32517
0 0.616609 0.673088 0.119369 0.293342
0 0.342321 0.782879 0.181069 0.280012
0 0.479009 0.3171 0.175356 0.348395
0 0.311491 0.380402 0.193746 0.32517
0 0.616609 0.673088 0.119369 0.293342
0 0.342321 0.782879 0.181069 0.280012
0 0.479009 0.3171 0.175356 0.348395
