0 0.894703 0.614366 0.192882 0.657005
0 0.265723 0.485736 0.136867 0.780102
0 0.624263 0.565125 0.131747 0.772868
0 0.388709 0.513707 0.132683 0.804914
0 0.510742 0.542404 0.135049 0.787649
0 0.390486 0.360674 0.126093 0.504019
0 0.0643791 0.442146 0.128758 0.884292
0 0.741917 0.605645 0.13491 0.732615
0 0.894703 0.614366 0.192882 0.657005
0 0.265723 0.485736 0.136867 0.780102
0 0.624263 0.565125 0.131747 0.772868
0 0.388709 0.513707 0.132683 0.804914
0 0.510742 0.542404 0.135049 0.787649
0 0.390486 0.360674 0.126093 0.504019
0 0.0643791 0.442146 0.128758 0.884292
0 0.741917 0.605645 0.13491 0.732615
0 0.894703 0.614366 0.192882 0.657005
0 0.265723 0.485736 0.136867 0.780102
0 0.624263 0.565125 0.131747 0.772868
0 0.388709 0.513707 0.132683 0.804914
0 0.510742 0.542404 0.135049 0.787649
0 0.390486 0.360674 0.126093 0.504019
0 0.0643791 0.442146 0.128758 0.884292
0 0.741917 0.605645 0.13491 0.732615
0 0.510683 0.56479 0.128909 0.754137
0 0.391404 0.541427 0.12943 0.772647
0 0.625489 0.584105 0.12586 0.749
0 0.898244 0.512231 0.198485 0.861775
0 0.265761 0.512957 0.131596 0.76188
0 0.740116 0.594991 0.124517 0.69987
0 0.737815 0.588887 0.125704 0.687127
0 0.510683 0.56479 0.128909 0.754137
0 0.391404 0.541427 0.12943 0.772647
0 0.625489 0.584105 0.12586 0.749
0 0.898244 0.512231 0.198485 0.861775
0 0.265761 0.512957 0.131596 0.76188
0 0.740116 0.594991 0.124517 0.69987
0 0.737815 0.588887 0.125704 0.687127
0 0.510683 0.56479 0.128909 0.754137
0 0.391404 0.541427 0.12943 0.772647
0 0.625489 0.584105 0.12586 0.749
0 0.898244 0.512231 0.198485 0.861775
0 0.265761 0.512957 0.131596 0.76188
0 0.740116 0.594991 0.124517 0.69987
0 0.737815 0.588887 0.125704 0.687127
