0 0.137685 0.697752 0.24368 0.4817
0 0.383119 0.707923 0.273251 0.499362
0 0.150207 0.247933 0.300413 0.437197
0 0.661712 0.721018 0.310064 0.517109
0 0.424897 0.25024 0.283375 0.434985
0 0.710964 0.236533 0.320001 0.46804
0 0.898097 0.729747 0.201887 0.540505
0 0.897794 0.729671 0.202166 0.540658
0 0.932072 0.241836 0.135674 0.476249
0 0.137685 0.697752 0.24368 0.4817
0 0.383119 0.707923 0.273251 0.499362
0 0.150207 0.247933 0.300413 0.437197
0 0.661712 0.721018 0.310064 0.517109
0 0.424897 0.25024 0.283375 0.434985
0 0.710964 0.236533 0.320001 0.46804
0 0.898097 0.729747 0.201887 0.540505
0 0.897794 0.729671 0.202166 0.540658
0 0.932072 0.241836 0.135674 0.476249
0 0.137685 0.697752 0.24368 0.4817
0 0.383119 0.707923 0.273251 0.499362
0 0.150207 0.247933 0.300413 0.437197
0 0.661712 0.721018 0.310064 0.517109
0 0.424897 0.25024 0.283375 0.434985
0 0.710964 0.236533 0.320001 0.46804
0 0.898097 0.729747 0.201887 0.540505
0 0.897794 0.729671 0.202166 0.540658
0 0.932072 0.241836 0.135674 0.476249
0 0.140355 0.69671 0.236852 0.488312
0 0.38636 0.706372 0.26562 0.507794
0 0.665058 0.718841 0.300669 0.528074
0 0.901646 0.730262 0.195158 0.539475
0 0.717426 0.242528 0.320654 0.453688
0 0.426639 0.249704 0.286109 0.422553
0 0.140355 0.69671 0.236852 0.488312
0 0.38636 0.706372 0.26562 0.507794
0 0.665058 0.718841 0.300669 0.528074
0 0.901646 0.730262 0.195158 0.539475
0 0.717426 0.242528 0.320654 0.453688
0 0.426639 0.249704 0.286109 0.422553
0 0.14497 0.249673 0.286703 0.415353
0 0.933917 0.232784 0.132138 0.449257
0 0.140355 0.69671 0.236852 0.488312
0 0.38636 0.706372 0.26562 0.507794
0 0.665058 0.718841 0.300669 0.528074
0 0.901646 0.730262 0.195158 0.539475
0 0.717426 0.242528 0.320654 0.453688
0 0.426639 0.249704 0.286109 0.422553
0 0.140355 0.69671 0.236852 0.488312
0 0.38636 0.706372 0.26562 0.507794
0 0.665058 0.718841 0.300669 0.528074
0 0.901646 0.730262 0.195158 0.539475
0 0.717426 0.242528 0.320654 0.453688
0 0.426639 0.249704 0.286109 0.422553
