0 0.888899 0.66511 0.109449 0.492935
0 0.465211 0.532396 0.130093 0.845074
0 0.359566 0.533013 0.131187 0.845941
0 0.654768 0.542902 0.150926 0.804506
0 0.77553 0.640241 0.156745 0.600105
0 0.564213 0.535907 0.115757 0.827
0 0.957257 0.768679 0.0617199 0.323556
0 0.0676823 0.548208 0.135365 0.888207
0 0.560037 0.535237 0.106901 0.795246
0 0.888899 0.66511 0.109449 0.492935
0 0.465211 0.532396 0.130093 0.845074
0 0.359566 0.533013 0.131187 0.845941
0 0.654768 0.542902 0.150926 0.804506
0 0.77553 0.640241 0.156745 0.600105
0 0.564213 0.535907 0.115757 0.827
0 0.957257 0.768679 0.0617199 0.323556
0 0.0676823 0.548208 0.135365 0.888207
0 0.560037 0.535237 0.106901 0.795246
0 0.888899 0.66511 0.109449 0.492935
0 0.465211 0.532396 0.130093 0.845074
0 0.359566 0.533013 0.131187 0.845941
0 0.654768 0.542902 0.150926 0.804506
0 0.77553 0.640241 0.156745 0.600105
0 0.564213 0.535907 0.115757 0.827
0 0.957257 0.768679 0.0617199 0.323556
0 0.0676823 0.548208 0.135365 0.888207
0 0.560037 0.535237 0.106901 0.795246
0 0.066496 0.737624 0.11715 0.448659
0 0.746298 0.630665 0.0664541 0.570467
0 0.557347 0.554175 0.0933096 0.748041
0 0.810596 0.633538 0.072057 0.568771
0 0.889475 0.662568 0.0976317 0.474448
0 0.462062 0.542183 0.113955 0.781133
0 0.657178 0.544082 0.113317 0.753233
0 0.359771 0.528088 0.122525 0.828511
0 0.257307 0.643061 0.0921129 0.508675
0 0.96169 0.665603 0.0612187 0.478031
0 0.168905 0.653929 0.0928911 0.577333
0 0.066496 0.737624 0.11715 0.448659
0 0.746298 0.630665 0.0664541 0.570467
0 0.557347 0.554175 0.0933096 0.748041
0 0.810596 0.633538 0.072057 0.568771
0 0.889475 0.662568 0.0976317 0.474448
0 0.462062 0.542183 0.113955 0.781133
0 0.657178 0.544082 0.113317 0.753233
0 0.359771 0.528088 0.122525 0.828511
0 0.257307 0.643061 0.0921129 0.508675
0 0.96169 0.665603 0.0612187 0.478031
0 0.168905 0.653929 0.0928911 0.577333
0 0.652642 0.959489 0.116017 0.081023
0 0.066496 0.737624 0.11715 0.448659
0 0.746298 0.630665 0.0664541 0.570467
0 0.557347 0.554175 0.0933096 0.748041
0 0.810596 0.633538 0.072057 0.568771
0 0.889475 0.662568 0.0976317 0.474448
0 0.462062 0.542183 0.113955 0.781133
0 0.657178 0.544082 0.113317 0.753233
0 0.359771 0.528088 0.122525 0.828511
0 0.257307 0.643061 0.0921129 0.508675
0 0.96169 0.665603 0.0612187 0.478031
0 0.168905 0.653929 0.0928911 0.577333
