0 0.0914762 0.495898 0.0595424 0.657505
0 0.267261 0.526266 0.0595804 0.683154
0 0.387331 0.544344 0.0618521 0.704597
0 0.150407 0.509144 0.0628636 0.668958
0 0.57034 0.566431 0.0643764 0.719069
0 0.694879 0.576672 0.0659555 0.704309
0 0.631925 0.570875 0.0636483 0.719421
0 0.327787 0.537651 0.0620706 0.693848
0 0.448947 0.548336 0.0643241 0.708929
0 0.509046 0.547127 0.0620453 0.703667
0 0.208813 0.521146 0.0594964 0.689127
0 0.820744 0.565722 0.0647057 0.815946
0 0.883283 0.553717 0.0659837 0.852434
0 0.988069 0.556989 0.023863 0.874559
0 0.949068 0.568544 0.0700804 0.85516
0 0.508823 0.548881 0.0621831 0.704743
0 0.208765 0.522012 0.0594513 0.687556
0 0.757866 0.626717 0.0615755 0.663861
0 0.00453765 0.49894 0.00907531 0.630211
0 0.0914762 0.495898 0.0595424 0.657505
0 0.267261 0.526266 0.0595804 0.683154
0 0.387331 0.544344 0.0618521 0.704597
0 0.150407 0.509144 0.0628636 0.668958
0 0.57034 0.566431 0.0643764 0.719069
0 0.694879 0.576672 0.0659555 0.704309
0 0.631925 0.570875 0.0636483 0.719421
0 0.327787 0.537651 0.0620706 0.693848
0 0.448947 0.548336 0.0643241 0.708929
0 0.509046 0.547127 0.0620453 0.703667
0 0.208813 0.521146 0.0594964 0.689127
0 0.820744 0.565722 0.0647057 0.815946
0 0.883283 0.553717 0.0659837 0.852434
0 0.988069 0.556989 0.023863 0.874559
0 0.949068 0.568544 0.0700804 0.85516
0 0.508823 0.548881 0.0621831 0.704743
0 0.208765 0.522012 0.0594513 0.687556
0 0.757866 0.626717 0.0615755 0.663861
0 0.00453765 0.49894 0.00907531 0.630211
0 0.0914762 0.495898 0.0595424 0.657505
0 0.267261 0.526266 0.0595804 0.683154
0 0.387331 0.544344 0.0618521 0.704597
0 0.150407 0.509144 0.0628636 0.668958
0 0.57034 0.566431 0.0643764 0.719069
0 0.694879 0.576672 0.0659555 0.704309
0 0.631925 0.570875 0.0636483 0.719421
0 0.327787 0.537651 0.0620706 0.693848
0 0.448947 0.548336 0.0643241 0.708929
0 0.509046 0.547127 0.0620453 0.703667
0 0.208813 0.521146 0.0594964 0.689127
0 0.820744 0.565722 0.0647057 0.815946
0 0.883283 0.553717 0.0659837 0.852434
0 0.988069 0.556989 0.023863 0.874559
0 0.949068 0.568544 0.0700804 0.85516
0 0.508823 0.548881 0.0621831 0.704743
0 0.208765 0.522012 0.0594513 0.687556
0 0.757866 0.626717 0.0615755 0.663861
0 0.00453765 0.49894 0.00907531 0.630211
0 0.387337 0.55053 0.0635825 0.69277
0 0.570849 0.582403 0.0649669 0.686828
0 0.327856 0.546218 0.0634277 0.688697
0 0.883375 0.599957 0.0651499 0.764177
0 0.821577 0.606259 0.0662005 0.741287
0 0.209232 0.521323 0.0618991 0.676141
0 0.149912 0.510995 0.0622975 0.667689
0 0.632044 0.593058 0.0646992 0.665093
0 0.758131 0.6292 0.0642255 0.656293
0 0.0320554 0.485864 0.0635693 0.666926
0 0.508865 0.561229 0.0646567 0.671168
0 0.267044 0.533042 0.0622966 0.676071
0 0.0908081 0.496318 0.0613817 0.666576
0 0.948761 0.585651 0.0706805 0.816818
0 0.98809 0.578337 0.023723 0.818015
0 0.448298 0.549524 0.064266 0.660903
0 0.695164 0.59509 0.066396 0.691861
0 0.387337 0.55053 0.0635825 0.69277
0 0.570849 0.582403 0.0649669 0.686828
0 0.327856 0.546218 0.0634277 0.688697
0 0.883375 0.599957 0.0651499 0.764177
0 0.821577 0.606259 0.0662005 0.741287
0 0.209232 0.521323 0.0618991 0.676141
0 0.149912 0.510995 0.0622975 0.667689
0 0.632044 0.593058 0.0646992 0.665093
0 0.758131 0.6292 0.0642255 0.656293
0 0.0320554 0.485864 0.0635693 0.666926
0 0.508865 0.561229 0.0646567 0.671168
0 0.267044 0.533042 0.0622966 0.676071
0 0.0908081 0.496318 0.0613817 0.666576
0 0.948761 0.585651 0.0706805 0.816818
0 0.98809 0.578337 0.023723 0.818015
0 0.448298 0.549524 0.064266 0.660903
0 0.695164 0.59509 0.066396 0.691861
0 0.695049 0.595019 0.0664305 0.693495
0 0.00493635 0.492548 0.0098727 0.639242
0 0.00202221 0.483331 0.00404442 0.667217
0 0.448217 0.549511 0.06453 0.662352
0 0.387337 0.55053 0.0635825 0.69277
0 0.570849 0.582403 0.0649669 0.686828
0 0.327856 0.546218 0.0634277 0.688697
0 0.883375 0.599957 0.0651499 0.764177
0 0.821577 0.606259 0.0662005 0.741287
0 0.209232 0.521323 0.0618991 0.676141
0 0.149912 0.510995 0.0622975 0.667689
0 0.632044 0.593058 0.0646992 0.665093
0 0.758131 0.6292 0.0642255 0.656293
0 0.0320554 0.485864 0.0635693 0.666926
0 0.508865 0.561229 0.0646567 0.671168
0 0.267044 0.533042 0.0622966 0.676071
0 0.0908081 0.496318 0.0613817 0.666576
0 0.948761 0.585651 0.0706805 0.816818
0 0.98809 0.578337 0.023723 0.818015
0 0.448298 0.549524 0.064266 0.660903
0 0.695164 0.59509 0.066396 0.691861
0 0.387337 0.55053 0.0635825 0.69277
0 0.570849 0.582403 0.0649669 0.686828
0 0.327856 0.546218 0.0634277 0.688697
0 0.883375 0.599957 0.0651499 0.764177
0 0.821577 0.606259 0.0662005 0.741287
0 0.209232 0.521323 0.0618991 0.676141
0 0.149912 0.510995 0.0622975 0.667689
0 0.632044 0.593058 0.0646992 0.665093
0 0.758131 0.6292 0.0642255 0.656293
0 0.0320554 0.485864 0.0635693 0.666926
0 0.508865 0.561229 0.0646567 0.671168
0 0.267044 0.533042 0.0622966 0.676071
0 0.0908081 0.496318 0.0613817 0.666576
0 0.948761 0.585651 0.0706805 0.816818
0 0.98809 0.578337 0.023723 0.818015
0 0.448298 0.549524 0.064266 0.660903
0 0.695164 0.59509 0.066396 0.691861
