0 0.418117 0.533088 0.25204 0.7124
0 0.658583 0.604521 0.23042 0.652561
0 0.86369 0.664235 0.20691 0.623372
0 0.156949 0.479397 0.295463 0.798792
0 0.983255 0.669713 0.03349 0.637953
0 0.418117 0.533088 0.25204 0.7124
0 0.658583 0.604521 0.23042 0.652561
0 0.86369 0.664235 0.20691 0.623372
0 0.156949 0.479397 0.295463 0.798792
0 0.983255 0.669713 0.03349 0.637953
0 0.418117 0.533088 0.25204 0.7124
0 0.658583 0.604521 0.23042 0.652561
0 0.86369 0.664235 0.20691 0.623372
0 0.156949 0.479397 0.295463 0.798792
0 0.983255 0.669713 0.03349 0.637953
0 0.862798 0.67397 0.199834 0.620872
0 0.419083 0.512311 0.25411 0.783769
0 0.16481 0.472264 0.281476 0.802052
0 0.658246 0.610243 0.226583 0.655753
0 0.862798 0.67397 0.199834 0.620872
0 0.419083 0.512311 0.25411 0.783769
0 0.16481 0.472264 0.281476 0.802052
0 0.658246 0.610243 0.226583 0.655753
0 0.982598 0.484479 0.0347761 0.951869
0 0.0228449 0.561835 0.0456899 0.876331
0 0.980543 0.464486 0.0389143 0.921668
0 0.985494 0.597066 0.0289321 0.788266
0 0.862798 0.67397 0.199834 0.620872
0 0.419083 0.512311 0.25411 0.783769
0 0.16481 0.472264 0.281476 0.802052
0 0.658246 0.610243 0.226583 0.655753
0 0.862798 0.67397 0.199834 0.620872
0 0.419083 0.512311 0.25411 0.783769
0 0.16481 0.472264 0.281476 0.802052
0 0.658246 0.610243 0.226583 0.655753
