0 0.722078 0.478092 0.378157 0.956184
0 0.363338 0.501372 0.267158 0.858466
0 0.722078 0.478092 0.378157 0.956184
0 0.363338 0.501372 0.267158 0.858466
0 0.722078 0.478092 0.378157 0.956184
0 0.363338 0.501372 0.267158 0.858466
0 0.366164 0.480311 0.254995 0.900315
0 0.683563 0.494432 0.192172 0.912297
0 0.742409 0.474602 0.323814 0.930663
0 0.741665 0.482998 0.322563 0.944275
0 0.366164 0.480311 0.254995 0.900315
0 0.683563 0.494432 0.192172 0.912297
0 0.742409 0.474602 0.323814 0.930663
0 0.741665 0.482998 0.322563 0.944275
0 0.366164 0.480311 0.254995 0.900315
0 0.683563 0.494432 0.192172 0.912297
0 0.742409 0.474602 0.323814 0.930663
0 0.741665 0.482998 0.322563 0.944275
0 0.366164 0.480311 0.254995 0.900315
0 0.683563 0.494432 0.192172 0.912297
0 0.742409 0.474602 0.323814 0.930663
0 0.741665 0.482998 0.322563 0.944275
