0 0.926872 0.619732 0.094349 0.749917
0 0.17773 0.749393 0.151012 0.501022
0 0.987065 0.644908 0.0258696 0.710184
0 0.0144566 0.72287 0.0287156 0.55426
0 0.066825 0.722789 0.0697418 0.536086
0 0.838851 0.606298 0.0844543 0.7806
0 0.926872 0.619732 0.094349 0.749917
0 0.17773 0.749393 0.151012 0.501022
0 0.987065 0.644908 0.0258696 0.710184
0 0.0144566 0.72287 0.0287156 0.55426
0 0.066825 0.722789 0.0697418 0.536086
0 0.838851 0.606298 0.0844543 0.7806
0 0.926872 0.619732 0.094349 0.749917
0 0.17773 0.749393 0.151012 0.501022
0 0.987065 0.644908 0.0258696 0.710184
0 0.0144566 0.72287 0.0287156 0.55426
0 0.066825 0.722789 0.0697418 0.536086
0 0.838851 0.606298 0.0844543 0.7806
0 0.165762 0.72423 0.263339 0.551541
0 0.0151803 0.728649 0.0303607 0.542701
0 0.197783 0.734462 0.206869 0.531076
0 0.0195767 0.260231 0.0391533 0.435136
0 0.926123 0.624638 0.0982535 0.750724
0 0.077714 0.244857 0.0754317 0.362766
0 0.154985 0.245933 0.0839871 0.397569
0 0.165762 0.72423 0.263339 0.551541
0 0.0151803 0.728649 0.0303607 0.542701
0 0.197783 0.734462 0.206869 0.531076
0 0.0195767 0.260231 0.0391533 0.435136
0 0.926123 0.624638 0.0982535 0.750724
0 0.077714 0.244857 0.0754317 0.362766
0 0.154985 0.245933 0.0839871 0.397569
0 0.986402 0.6133 0.0271957 0.763258
0 0.204556 0.244798 0.209049 0.444049
