0 0.936837 0.433828 0.121263 0.656278
0 0.828829 0.402498 0.108732 0.763528
0 0.158319 0.591399 0.179117 0.778575
0 0.712157 0.29137 0.123253 0.35181
0 0.320236 0.574362 0.165744 0.742865
0 0.599813 0.457953 0.106332 0.810976
0 0.474839 0.685244 0.145511 0.434264
0 0.713446 0.466917 0.132439 0.715042
0 0.47726 0.543064 0.154025 0.697468
0 0.936837 0.433828 0.121263 0.656278
0 0.828829 0.402498 0.108732 0.763528
0 0.158319 0.591399 0.179117 0.778575
0 0.712157 0.29137 0.123253 0.35181
0 0.320236 0.574362 0.165744 0.742865
0 0.599813 0.457953 0.106332 0.810976
0 0.474839 0.685244 0.145511 0.434264
0 0.713446 0.466917 0.132439 0.715042
0 0.47726 0.543064 0.154025 0.697468
0 0.936837 0.433828 0.121263 0.656278
0 0.828829 0.402498 0.108732 0.763528
0 0.158319 0.591399 0.179117 0.778575
0 0.712157 0.29137 0.123253 0.35181
0 0.320236 0.574362 0.165744 0.742865
0 0.599813 0.457953 0.106332 0.810976
0 0.474839 0.685244 0.145511 0.434264
0 0.713446 0.466917 0.132439 0.715042
0 0.47726 0.543064 0.154025 0.697468
0 0.833013 0.50675 0.093824 0.525141
0 0.600622 0.551525 0.102331 0.611523
0 0.937783 0.456492 0.1208 0.598704
0 0.474459 0.686457 0.143818 0.419807
0 0.71571 0.616001 0.126513 0.383258
0 0.159402 0.61596 0.172573 0.736009
0 0.714362 0.286713 0.123153 0.314434
0 0.474808 0.353022 0.137028 0.315112
0 0.320781 0.590656 0.155648 0.732934
0 0.833013 0.50675 0.093824 0.525141
0 0.600622 0.551525 0.102331 0.611523
0 0.937783 0.456492 0.1208 0.598704
0 0.474459 0.686457 0.143818 0.419807
0 0.71571 0.616001 0.126513 0.383258
0 0.159402 0.61596 0.172573 0.736009
0 0.714362 0.286713 0.123153 0.314434
0 0.474808 0.353022 0.137028 0.315112
0 0.320781 0.590656 0.155648 0.732934
0 0.475727 0.351105 0.136433 0.317072
0 0.32016 0.714755 0.154991 0.46677
0 0.322682 0.574355 0.161414 0.742893
0 0.599422 0.165738 0.105074 0.259319
0 0.597713 0.169158 0.10299 0.273499
