0 0.215767 0.496967 0.067242 0.764851
0 0.861624 0.60479 0.0572014 0.715344
0 0.0973475 0.480537 0.0670089 0.762795
0 0.758649 0.600032 0.0580266 0.722311
0 0.43865 0.548784 0.0575579 0.750366
0 0.490714 0.552678 0.0561756 0.754463
0 0.91369 0.597676 0.0596698 0.733904
0 0.652709 0.58423 0.0580677 0.730702
0 0.156882 0.490704 0.0633094 0.773857
0 0.810508 0.601225 0.0563949 0.718434
0 0.542815 0.562519 0.0591107 0.752064
0 0.383613 0.538605 0.0575023 0.761972
0 0.70619 0.596658 0.0598643 0.729381
0 0.330583 0.514147 0.0596496 0.784704
0 0.276226 0.52164 0.059311 0.748945
0 0.962233 0.607004 0.0528756 0.737143
0 0.598257 0.572927 0.0613532 0.746404
0 0.215767 0.496967 0.067242 0.764851
0 0.861624 0.60479 0.0572014 0.715344
0 0.0973475 0.480537 0.0670089 0.762795
0 0.758649 0.600032 0.0580266 0.722311
0 0.43865 0.548784 0.0575579 0.750366
0 0.490714 0.552678 0.0561756 0.754463
0 0.91369 0.597676 0.0596698 0.733904
0 0.652709 0.58423 0.0580677 0.730702
0 0.156882 0.490704 0.0633094 0.773857
0 0.810508 0.601225 0.0563949 0.718434
0 0.542815 0.562519 0.0591107 0.752064
0 0.383613 0.538605 0.0575023 0.761972
0 0.70619 0.596658 0.0598643 0.729381
0 0.330583 0.514147 0.0596496 0.784704
0 0.276226 0.52164 0.059311 0.748945
0 0.962233 0.607004 0.0528756 0.737143
0 0.598257 0.572927 0.0613532 0.746404
0 0.215767 0.496967 0.067242 0.764851
0 0.861624 0.60479 0.0572014 0.715344
0 0.0973475 0.480537 0.0670089 0.762795
0 0.758649 0.600032 0.0580266 0.722311
0 0.43865 0.548784 0.0575579 0.750366
0 0.490714 0.552678 0.0561756 0.754463
0 0.91369 0.597676 0.0596698 0.733904
0 0.652709 0.58423 0.0580677 0.730702
0 0.156882 0.490704 0.0633094 0.773857
0 0.810508 0.601225 0.0563949 0.718434
0 0.542815 0.562519 0.0591107 0.752064
0 0.383613 0.538605 0.0575023 0.761972
0 0.70619 0.596658 0.0598643 0.729381
0 0.330583 0.514147 0.0596496 0.784704
0 0.276226 0.52164 0.059311 0.748945
0 0.962233 0.607004 0.0528756 0.737143
0 0.598257 0.572927 0.0613532 0.746404
0 0.438215 0.545592 0.0593961 0.755571
0 0.214862 0.496462 0.0656812 0.775303
0 0.383927 0.534615 0.0573593 0.744912
0 0.156426 0.491249 0.0629139 0.76325
0 0.331322 0.511849 0.0594184 0.773673
0 0.598229 0.567976 0.0615678 0.757526
0 0.759221 0.600557 0.0582203 0.720185
0 0.275658 0.523566 0.0597951 0.746368
0 0.962903 0.615077 0.0554204 0.744008
0 0.913236 0.606642 0.0602709 0.743317
0 0.542822 0.555652 0.0583746 0.760953
0 0.0977007 0.486109 0.0653022 0.759548
0 0.706152 0.589693 0.0619616 0.725447
0 0.490856 0.543269 0.056628 0.758875
0 0.861212 0.606204 0.0588163 0.735023
0 0.652169 0.585262 0.0583852 0.735333
0 0.809967 0.604956 0.0578362 0.728337
0 0.438215 0.545592 0.0593961 0.755571
0 0.214862 0.496462 0.0656812 0.775303
0 0.383927 0.534615 0.0573593 0.744912
0 0.156426 0.491249 0.0629139 0.76325
0 0.331322 0.511849 0.0594184 0.773673
0 0.598229 0.567976 0.0615678 0.757526
0 0.759221 0.600557 0.0582203 0.720185
0 0.275658 0.523566 0.0597951 0.746368
0 0.962903 0.615077 0.0554204 0.744008
0 0.913236 0.606642 0.0602709 0.743317
0 0.542822 0.555652 0.0583746 0.760953
0 0.0977007 0.486109 0.0653022 0.759548
0 0.706152 0.589693 0.0619616 0.725447
0 0.490856 0.543269 0.056628 0.758875
0 0.861212 0.606204 0.0588163 0.735023
0 0.652169 0.585262 0.0583852 0.735333
0 0.809967 0.604956 0.0578362 0.728337
0 0.964062 0.613992 0.0563313 0.73839
0 0.913548 0.60897 0.0607772 0.735231
0 0.98925 0.618125 0.0213848 0.746505
0 0.0976852 0.483461 0.0653949 0.758084
0 0.541916 0.554685 0.0574818 0.763136
0 0.438215 0.545592 0.0593961 0.755571
0 0.214862 0.496462 0.0656812 0.775303
0 0.383927 0.534615 0.0573593 0.744912
0 0.156426 0.491249 0.0629139 0.76325
0 0.331322 0.511849 0.0594184 0.773673
0 0.598229 0.567976 0.0615678 0.757526
0 0.759221 0.600557 0.0582203 0.720185
0 0.275658 0.523566 0.0597951 0.746368
0 0.962903 0.615077 0.0554204 0.744008
0 0.913236 0.606642 0.0602709 0.743317
0 0.542822 0.555652 0.0583746 0.760953
0 0.0977007 0.486109 0.0653022 0.759548
0 0.706152 0.589693 0.0619616 0.725447
0 0.490856 0.543269 0.056628 0.758875
0 0.861212 0.606204 0.0588163 0.735023
0 0.652169 0.585262 0.0583852 0.735333
0 0.809967 0.604956 0.0578362 0.728337
0 0.438215 0.545592 0.0593961 0.755571
0 0.214862 0.496462 0.0656812 0.775303
0 0.383927 0.534615 0.0573593 0.744912
0 0.156426 0.491249 0.0629139 0.76325
0 0.331322 0.511849 0.0594184 0.773673
0 0.598229 0.567976 0.0615678 0.757526
0 0.759221 0.600557 0.0582203 0.720185
0 0.275658 0.523566 0.0597951 0.746368
0 0.962903 0.615077 0.0554204 0.744008
0 0.913236 0.606642 0.0602709 0.743317
0 0.542822 0.555652 0.0583746 0.760953
0 0.0977007 0.486109 0.0653022 0.759548
0 0.706152 0.589693 0.0619616 0.725447
0 0.490856 0.543269 0.056628 0.758875
0 0.861212 0.606204 0.0588163 0.735023
0 0.652169 0.585262 0.0583852 0.735333
0 0.809967 0.604956 0.0578362 0.728337
