0 0.271044 0.470573 0.138148 0.720478
0 0.931256 0.404701 0.134035 0.334586
0 0.779566 0.336186 0.137525 0.272582
0 0.593585 0.512116 0.191053 0.708572
0 0.271044 0.470573 0.138148 0.720478
0 0.931256 0.404701 0.134035 0.334586
0 0.779566 0.336186 0.137525 0.272582
0 0.593585 0.512116 0.191053 0.708572
0 0.271044 0.470573 0.138148 0.720478
0 0.931256 0.404701 0.134035 0.334586
0 0.779566 0.336186 0.137525 0.272582
0 0.593585 0.512116 0.191053 0.708572
0 0.270965 0.447917 0.140888 0.709659
0 0.925858 0.403964 0.14474 0.353233
0 0.60029 0.415495 0.18799 0.82758
0 0.453779 0.345765 0.0927658 0.454641
0 0.270965 0.447917 0.140888 0.709659
0 0.925858 0.403964 0.14474 0.353233
0 0.60029 0.415495 0.18799 0.82758
0 0.453779 0.345765 0.0927658 0.454641
0 0.600844 0.398177 0.189427 0.796353
0 0.777541 0.342781 0.156 0.303684
0 0.599279 0.475903 0.172937 0.295267
0 0.270965 0.447917 0.140888 0.709659
0 0.925858 0.403964 0.14474 0.353233
0 0.60029 0.415495 0.18799 0.82758
0 0.453779 0.345765 0.0927658 0.454641
