0 0.141299 0.735209 0.231513 0.490576
0 0.36823 0.733799 0.232209 0.479903
0 0.610293 0.740934 0.234069 0.475794
0 0.841538 0.746463 0.241123 0.476246
0 0.141299 0.735209 0.231513 0.490576
0 0.36823 0.733799 0.232209 0.479903
0 0.610293 0.740934 0.234069 0.475794
0 0.841538 0.746463 0.241123 0.476246
0 0.141299 0.735209 0.231513 0.490576
0 0.36823 0.733799 0.232209 0.479903
0 0.610293 0.740934 0.234069 0.475794
0 0.841538 0.746463 0.241123 0.476246
0 0.841033 0.749263 0.241559 0.48025
0 0.371293 0.740102 0.235062 0.480652
0 0.612823 0.747165 0.23521 0.480699
0 0.145406 0.707683 0.234764 0.425806
0 0.841033 0.749263 0.241559 0.48025
0 0.371293 0.740102 0.235062 0.480652
0 0.612823 0.747165 0.23521 0.480699
0 0.145406 0.707683 0.234764 0.425806
0 0.841033 0.749263 0.241559 0.48025
0 0.371293 0.740102 0.235062 0.480652
0 0.612823 0.747165 0.23521 0.480699
0 0.145406 0.707683 0.234764 0.425806
0 0.841033 0.749263 0.241559 0.48025
0 0.371293 0.740102 0.235062 0.480652
0 0.612823 0.747165 0.23521 0.480699
0 0.145406 0.707683 0.234764 0.425806
