0 0.0527854 0.472554 0.0900621 0.764195
0 0.229355 0.371808 0.0778617 0.519022
0 0.576323 0.394619 0.0838777 0.532036
0 0.406725 0.427172 0.0780333 0.51368
0 0.855916 0.476156 0.091979 0.771034
0 0.946402 0.447289 0.0927379 0.740494
0 0.491833 0.400933 0.0832036 0.540964
0 0.661878 0.415451 0.0840238 0.662221
0 0.141067 0.485126 0.0868215 0.763279
0 0.319353 0.394826 0.0924794 0.559534
0 0.790821 0.540531 0.0394951 0.591765
0 0.0527854 0.472554 0.0900621 0.764195
0 0.229355 0.371808 0.0778617 0.519022
0 0.576323 0.394619 0.0838777 0.532036
0 0.406725 0.427172 0.0780333 0.51368
0 0.855916 0.476156 0.091979 0.771034
0 0.946402 0.447289 0.0927379 0.740494
0 0.491833 0.400933 0.0832036 0.540964
0 0.661878 0.415451 0.0840238 0.662221
0 0.141067 0.485126 0.0868215 0.763279
0 0.319353 0.394826 0.0924794 0.559534
0 0.790821 0.540531 0.0394951 0.591765
0 0.0527854 0.472554 0.0900621 0.764195
0 0.229355 0.371808 0.0778617 0.519022
0 0.576323 0.394619 0.0838777 0.532036
0 0.406725 0.427172 0.0780333 0.51368
0 0.855916 0.476156 0.091979 0.771034
0 0.946402 0.447289 0.0927379 0.740494
0 0.491833 0.400933 0.0832036 0.540964
0 0.661878 0.415451 0.0840238 0.662221
0 0.141067 0.485126 0.0868215 0.763279
0 0.319353 0.394826 0.0924794 0.559534
0 0.790821 0.540531 0.0394951 0.591765
0 0.491802 0.400038 0.0833122 0.529184
0 0.320028 0.39637 0.0925049 0.55084
0 0.406992 0.428567 0.0787477 0.496551
0 0.228665 0.503606 0.0801983 0.767361
0 0.0517619 0.482601 0.0894793 0.76056
0 0.947147 0.467198 0.0932514 0.750377
0 0.141867 0.486782 0.0872011 0.75686
0 0.84796 0.475431 0.104476 0.765616
0 0.577418 0.385032 0.0828403 0.503726
0 0.662543 0.391013 0.0830062 0.622656
0 0.576569 0.515277 0.0851654 0.780839
0 0.662467 0.478274 0.083764 0.805595
0 0.845098 0.480223 0.112733 0.762628
0 0.491802 0.400038 0.0833122 0.529184
0 0.320028 0.39637 0.0925049 0.55084
0 0.406992 0.428567 0.0787477 0.496551
0 0.228665 0.503606 0.0801983 0.767361
0 0.0517619 0.482601 0.0894793 0.76056
0 0.947147 0.467198 0.0932514 0.750377
0 0.141867 0.486782 0.0872011 0.75686
0 0.84796 0.475431 0.104476 0.765616
0 0.577418 0.385032 0.0828403 0.503726
0 0.662543 0.391013 0.0830062 0.622656
0 0.576569 0.515277 0.0851654 0.780839
0 0.662467 0.478274 0.083764 0.805595
0 0.845098 0.480223 0.112733 0.762628
0 0.491802 0.400038 0.0833122 0.529184
0 0.320028 0.39637 0.0925049 0.55084
0 0.406992 0.428567 0.0787477 0.496551
0 0.228665 0.503606 0.0801983 0.767361
0 0.0517619 0.482601 0.0894793 0.76056
0 0.947147 0.467198 0.0932514 0.750377
0 0.141867 0.486782 0.0872011 0.75686
0 0.84796 0.475431 0.104476 0.765616
0 0.577418 0.385032 0.0828403 0.503726
0 0.662543 0.391013 0.0830062 0.622656
0 0.576569 0.515277 0.0851654 0.780839
0 0.662467 0.478274 0.083764 0.805595
0 0.845098 0.480223 0.112733 0.762628
0 0.491802 0.400038 0.0833122 0.529184
0 0.320028 0.39637 0.0925049 0.55084
0 0.406992 0.428567 0.0787477 0.496551
0 0.228665 0.503606 0.0801983 0.767361
0 0.0517619 0.482601 0.0894793 0.76056
0 0.947147 0.467198 0.0932514 0.750377
0 0.141867 0.486782 0.0872011 0.75686
0 0.84796 0.475431 0.104476 0.765616
0 0.577418 0.385032 0.0828403 0.503726
0 0.662543 0.391013 0.0830062 0.622656
0 0.576569 0.515277 0.0851654 0.780839
0 0.662467 0.478274 0.083764 0.805595
0 0.845098 0.480223 0.112733 0.762628
