0 0.225456 0.506162 0.131311 0.822442
0 0.878036 0.534883 0.176635 0.848266
0 0.104399 0.504783 0.142485 0.84877
0 0.347138 0.543666 0.131403 0.88076
0 0.458767 0.544337 0.127676 0.876762
0 0.569524 0.538241 0.129852 0.874296
0 0.707684 0.541343 0.171445 0.861417
0 0.569196 0.539134 0.13402 0.874479
0 0.225456 0.506162 0.131311 0.822442
0 0.878036 0.534883 0.176635 0.848266
0 0.104399 0.504783 0.142485 0.84877
0 0.347138 0.543666 0.131403 0.88076
0 0.458767 0.544337 0.127676 0.876762
0 0.569524 0.538241 0.129852 0.874296
0 0.707684 0.541343 0.171445 0.861417
0 0.569196 0.539134 0.13402 0.874479
0 0.225456 0.506162 0.131311 0.822442
0 0.878036 0.534883 0.176635 0.848266
0 0.104399 0.504783 0.142485 0.84877
0 0.347138 0.543666 0.131403 0.88076
0 0.458767 0.544337 0.127676 0.876762
0 0.569524 0.538241 0.129852 0.874296
0 0.707684 0.541343 0.171445 0.861417
0 0.569196 0.539134 0.13402 0.874479
0 0.34605 0.543188 0.122268 0.864911
0 0.877055 0.533269 0.173849 0.836263
0 0.226609 0.520252 0.124701 0.833146
0 0.709364 0.547768 0.172043 0.842453
0 0.105671 0.512404 0.132654 0.846782
0 0.456161 0.550288 0.12121 0.868437
0 0.568807 0.548328 0.123204 0.857
0 0.45657 0.550383 0.119666 0.872725
0 0.569795 0.546837 0.125706 0.859545
0 0.34605 0.543188 0.122268 0.864911
0 0.877055 0.533269 0.173849 0.836263
0 0.226609 0.520252 0.124701 0.833146
0 0.709364 0.547768 0.172043 0.842453
0 0.105671 0.512404 0.132654 0.846782
0 0.456161 0.550288 0.12121 0.868437
0 0.568807 0.548328 0.123204 0.857
0 0.45657 0.550383 0.119666 0.872725
0 0.569795 0.546837 0.125706 0.859545
0 0.34605 0.543188 0.122268 0.864911
0 0.877055 0.533269 0.173849 0.836263
0 0.226609 0.520252 0.124701 0.833146
0 0.709364 0.547768 0.172043 0.842453
0 0.105671 0.512404 0.132654 0.846782
0 0.456161 0.550288 0.12121 0.868437
0 0.568807 0.548328 0.123204 0.857
0 0.45657 0.550383 0.119666 0.872725
0 0.569795 0.546837 0.125706 0.859545
0 0.34605 0.543188 0.122268 0.864911
0 0.877055 0.533269 0.173849 0.836263
0 0.226609 0.520252 0.124701 0.833146
0 0.709364 0.547768 0.172043 0.842453
0 0.105671 0.512404 0.132654 0.846782
0 0.456161 0.550288 0.12121 0.868437
0 0.568807 0.548328 0.123204 0.857
0 0.45657 0.550383 0.119666 0.872725
0 0.569795 0.546837 0.125706 0.859545
