0 0.404961 0.619912 0.163891 0.691437
0 0.876254 0.567569 0.160818 0.692049
0 0.564381 0.600621 0.163233 0.685274
0 0.721319 0.586044 0.157326 0.690118
0 0.0892365 0.645205 0.163356 0.695321
0 0.245437 0.632452 0.16136 0.692128
0 0.404961 0.619912 0.163891 0.691437
0 0.876254 0.567569 0.160818 0.692049
0 0.564381 0.600621 0.163233 0.685274
0 0.721319 0.586044 0.157326 0.690118
0 0.0892365 0.645205 0.163356 0.695321
0 0.245437 0.632452 0.16136 0.692128
0 0.404961 0.619912 0.163891 0.691437
0 0.876254 0.567569 0.160818 0.692049
0 0.564381 0.600621 0.163233 0.685274
0 0.721319 0.586044 0.157326 0.690118
0 0.0892365 0.645205 0.163356 0.695321
0 0.245437 0.632452 0.16136 0.692128
0 0.877173 0.579474 0.158272 0.666127
0 0.247422 0.638464 0.162933 0.688626
0 0.406361 0.63247 0.166841 0.672148
0 0.568326 0.615131 0.159726 0.670276
0 0.723088 0.598446 0.15907 0.666869
0 0.0902768 0.644344 0.161798 0.703865
0 0.974248 0.560535 0.0515045 0.636351
0 0.877173 0.579474 0.158272 0.666127
0 0.247422 0.638464 0.162933 0.688626
0 0.406361 0.63247 0.166841 0.672148
0 0.568326 0.615131 0.159726 0.670276
0 0.723088 0.598446 0.15907 0.666869
0 0.0902768 0.644344 0.161798 0.703865
0 0.974248 0.560535 0.0515045 0.636351
0 0.0101367 0.623049 0.0202734 0.662464
0 0.877173 0.579474 0.158272 0.666127
0 0.247422 0.638464 0.162933 0.688626
0 0.406361 0.63247 0.166841 0.672148
0 0.568326 0.615131 0.159726 0.670276
0 0.723088 0.598446 0.15907 0.666869
0 0.0902768 0.644344 0.161798 0.703865
0 0.974248 0.560535 0.0515045 0.636351
0 0.877173 0.579474 0.158272 0.666127
0 0.247422 0.638464 0.162933 0.688626
0 0.406361 0.63247 0.166841 0.672148
0 0.568326 0.615131 0.159726 0.670276
0 0.723088 0.598446 0.15907 0.666869
0 0.0902768 0.644344 0.161798 0.703865
0 0.974248 0.560535 0.0515045 0.636351
