0 0.887141 0.486467 0.176406 0.930376
0 0.361 0.660039 0.126691 0.566332
0 0.481962 0.643908 0.125763 0.58143
0 0.887141 0.486467 0.176406 0.930376
0 0.361 0.660039 0.126691 0.566332
0 0.481962 0.643908 0.125763 0.58143
0 0.887141 0.486467 0.176406 0.930376
0 0.361 0.660039 0.126691 0.566332
0 0.481962 0.643908 0.125763 0.58143
0 0.886728 0.483573 0.164831 0.938349
0 0.237936 0.484241 0.132769 0.890682
0 0.743277 0.484646 0.13626 0.946887
0 0.109342 0.477763 0.13886 0.872178
0 0.360054 0.489207 0.127255 0.923973
0 0.482432 0.483342 0.130134 0.920591
0 0.612826 0.489812 0.128669 0.979624
0 0.886728 0.483573 0.164831 0.938349
0 0.237936 0.484241 0.132769 0.890682
0 0.743277 0.484646 0.13626 0.946887
0 0.109342 0.477763 0.13886 0.872178
0 0.360054 0.489207 0.127255 0.923973
0 0.482432 0.483342 0.130134 0.920591
0 0.612826 0.489812 0.128669 0.979624
0 0.113486 0.627187 0.132018 0.546064
0 0.612094 0.48734 0.130207 0.97468
0 0.481793 0.651611 0.124746 0.567394
0 0.886728 0.483573 0.164831 0.938349
0 0.237936 0.484241 0.132769 0.890682
0 0.743277 0.484646 0.13626 0.946887
0 0.109342 0.477763 0.13886 0.872178
0 0.360054 0.489207 0.127255 0.923973
0 0.482432 0.483342 0.130134 0.920591
0 0.612826 0.489812 0.128669 0.979624
0 0.886728 0.483573 0.164831 0.938349
0 0.237936 0.484241 0.132769 0.890682
0 0.743277 0.484646 0.13626 0.946887
0 0.109342 0.477763 0.13886 0.872178
0 0.360054 0.489207 0.127255 0.923973
0 0.482432 0.483342 0.130134 0.920591
0 0.612826 0.489812 0.128669 0.979624
