0 0.525371 0.490463 0.143923 0.869211
0 0.854961 0.549639 0.161853 0.885364
0 0.415701 0.474573 0.137485 0.845141
0 0.306165 0.449545 0.132966 0.850266
0 0.0840406 0.429974 0.131643 0.837558
0 0.746268 0.518719 0.131995 0.880734
0 0.941934 0.606508 0.112111 0.786983
0 0.525371 0.490463 0.143923 0.869211
0 0.854961 0.549639 0.161853 0.885364
0 0.415701 0.474573 0.137485 0.845141
0 0.306165 0.449545 0.132966 0.850266
0 0.0840406 0.429974 0.131643 0.837558
0 0.746268 0.518719 0.131995 0.880734
0 0.941934 0.606508 0.112111 0.786983
0 0.525371 0.490463 0.143923 0.869211
0 0.854961 0.549639 0.161853 0.885364
0 0.415701 0.474573 0.137485 0.845141
0 0.306165 0.449545 0.132966 0.850266
0 0.0840406 0.429974 0.131643 0.837558
0 0.746268 0.518719 0.131995 0.880734
0 0.941934 0.606508 0.112111 0.786983
0 0.419813 0.468157 0.124264 0.836942
0 0.856345 0.553429 0.147184 0.845103
0 0.951151 0.624318 0.0973147 0.71538
0 0.637445 0.516313 0.12654 0.857767
0 0.743256 0.527642 0.125915 0.859882
0 0.308941 0.436924 0.126614 0.85458
0 0.0872396 0.417009 0.124531 0.823643
0 0.527781 0.488049 0.132475 0.843329
0 0.175282 0.235349 0.0700792 0.470698
0 0.854559 0.550358 0.149518 0.839469
0 0.419813 0.468157 0.124264 0.836942
0 0.856345 0.553429 0.147184 0.845103
0 0.951151 0.624318 0.0973147 0.71538
0 0.637445 0.516313 0.12654 0.857767
0 0.743256 0.527642 0.125915 0.859882
0 0.308941 0.436924 0.126614 0.85458
0 0.0872396 0.417009 0.124531 0.823643
0 0.527781 0.488049 0.132475 0.843329
0 0.175282 0.235349 0.0700792 0.470698
0 0.854559 0.550358 0.149518 0.839469
0 0.419813 0.468157 0.124264 0.836942
0 0.856345 0.553429 0.147184 0.845103
0 0.951151 0.624318 0.0973147 0.71538
0 0.637445 0.516313 0.12654 0.857767
0 0.743256 0.527642 0.125915 0.859882
0 0.308941 0.436924 0.126614 0.85458
0 0.0872396 0.417009 0.124531 0.823643
0 0.527781 0.488049 0.132475 0.843329
0 0.175282 0.235349 0.0700792 0.470698
0 0.854559 0.550358 0.149518 0.839469
