0 0.862064 0.59942 0.10967 0.615988
0 0.404058 0.415759 0.168915 0.598298
0 0.129281 0.34561 0.254153 0.691219
0 0.77064 0.546335 0.0948649 0.566178
0 0.694908 0.550113 0.0826815 0.54319
0 0.28719 0.360447 0.118908 0.609522
0 0.520772 0.485737 0.113397 0.576508
0 0.128671 0.332895 0.254863 0.66579
0 0.609231 0.501505 0.100693 0.531852
0 0.862064 0.59942 0.10967 0.615988
0 0.404058 0.415759 0.168915 0.598298
0 0.129281 0.34561 0.254153 0.691219
0 0.77064 0.546335 0.0948649 0.566178
0 0.694908 0.550113 0.0826815 0.54319
0 0.28719 0.360447 0.118908 0.609522
0 0.520772 0.485737 0.113397 0.576508
0 0.128671 0.332895 0.254863 0.66579
0 0.609231 0.501505 0.100693 0.531852
0 0.862064 0.59942 0.10967 0.615988
0 0.404058 0.415759 0.168915 0.598298
0 0.129281 0.34561 0.254153 0.691219
0 0.77064 0.546335 0.0948649 0.566178
0 0.694908 0.550113 0.0826815 0.54319
0 0.28719 0.360447 0.118908 0.609522
0 0.520772 0.485737 0.113397 0.576508
0 0.128671 0.332895 0.254863 0.66579
0 0.609231 0.501505 0.100693 0.531852
0 0.402545 0.421364 0.154911 0.547768
0 0.606764 0.394336 0.0974519 0.716804
0 0.193559 0.322005 0.111609 0.543226
0 0.861336 0.614599 0.0953873 0.547882
0 0.287888 0.372085 0.101187 0.571266
0 0.516764 0.478316 0.100899 0.548732
0 0.736702 0.555391 0.155238 0.534964
0 0.402545 0.421364 0.154911 0.547768
0 0.606764 0.394336 0.0974519 0.716804
0 0.193559 0.322005 0.111609 0.543226
0 0.861336 0.614599 0.0953873 0.547882
0 0.287888 0.372085 0.101187 0.571266
0 0.516764 0.478316 0.100899 0.548732
0 0.736702 0.555391 0.155238 0.534964
0 0.0768377 0.269392 0.150023 0.538784
0 0.737882 0.462972 0.152177 0.719528
0 0.107922 0.267433 0.0869029 0.532172
0 0.737035 0.560726 0.153457 0.525494
0 0.770226 0.557972 0.0901195 0.514276
0 0.402545 0.421364 0.154911 0.547768
0 0.606764 0.394336 0.0974519 0.716804
0 0.193559 0.322005 0.111609 0.543226
0 0.861336 0.614599 0.0953873 0.547882
0 0.287888 0.372085 0.101187 0.571266
0 0.516764 0.478316 0.100899 0.548732
0 0.736702 0.555391 0.155238 0.534964
