0 0.585808 0.56941 0.0532462 0.634426
0 0.63956 0.571113 0.0545511 0.63167
0 0.797271 0.57253 0.0551134 0.625822
0 0.690973 0.574957 0.0534729 0.633509
0 0.744842 0.572876 0.0562451 0.624848
0 0.0903564 0.540603 0.0549896 0.648849
0 0.953486 0.570099 0.0558555 0.61942
0 0.318806 0.551263 0.0583311 0.64949
0 0.374222 0.558226 0.0566543 0.644078
0 0.901579 0.571436 0.0538773 0.620309
0 0.850136 0.568382 0.0535961 0.630906
0 0.146703 0.540554 0.0605578 0.660933
0 0.427886 0.558508 0.0558385 0.653299
0 0.202715 0.534086 0.0558875 0.662418
0 0.259501 0.540548 0.062707 0.661972
0 0.532842 0.557621 0.0540006 0.66126
0 0.0367652 0.522628 0.0552202 0.670087
0 0.48162 0.548482 0.0556924 0.683122
0 0.990261 0.548581 0.0194777 0.572129
0 0.00564184 0.508207 0.0110417 0.780234
0 0.585808 0.56941 0.0532462 0.634426
0 0.63956 0.571113 0.0545511 0.63167
0 0.797271 0.57253 0.0551134 0.625822
0 0.690973 0.574957 0.0534729 0.633509
0 0.744842 0.572876 0.0562451 0.624848
0 0.0903564 0.540603 0.0549896 0.648849
0 0.953486 0.570099 0.0558555 0.61942
0 0.318806 0.551263 0.0583311 0.64949
0 0.374222 0.558226 0.0566543 0.644078
0 0.901579 0.571436 0.0538773 0.620309
0 0.850136 0.568382 0.0535961 0.630906
0 0.146703 0.540554 0.0605578 0.660933
0 0.427886 0.558508 0.0558385 0.653299
0 0.202715 0.534086 0.0558875 0.662418
0 0.259501 0.540548 0.062707 0.661972
0 0.532842 0.557621 0.0540006 0.66126
0 0.0367652 0.522628 0.0552202 0.670087
0 0.48162 0.548482 0.0556924 0.683122
0 0.990261 0.548581 0.0194777 0.572129
0 0.00564184 0.508207 0.0110417 0.780234
0 0.585808 0.56941 0.0532462 0.634426
0 0.63956 0.571113 0.0545511 0.63167
0 0.797271 0.57253 0.0551134 0.625822
0 0.690973 0.574957 0.0534729 0.633509
0 0.744842 0.572876 0.0562451 0.624848
0 0.0903564 0.540603 0.0549896 0.648849
0 0.953486 0.570099 0.0558555 0.61942
0 0.318806 0.551263 0.0583311 0.64949
0 0.374222 0.558226 0.0566543 0.644078
0 0.901579 0.571436 0.0538773 0.620309
0 0.850136 0.568382 0.0535961 0.630906
0 0.146703 0.540554 0.0605578 0.660933
0 0.427886 0.558508 0.0558385 0.653299
0 0.202715 0.534086 0.0558875 0.662418
0 0.259501 0.540548 0.062707 0.661972
0 0.532842 0.557621 0.0540006 0.66126
0 0.0367652 0.522628 0.0552202 0.670087
0 0.48162 0.548482 0.0556924 0.683122
0 0.990261 0.548581 0.0194777 0.572129
0 0.00564184 0.508207 0.0110417 0.780234
0 0.202584 0.538158 0.056241 0.655382
0 0.147627 0.543173 0.0581927 0.663879
0 0.258904 0.547239 0.0637563 0.667578
0 0.427455 0.569397 0.0552282 0.659866
0 0.373865 0.568001 0.0547976 0.642327
0 0.0365319 0.533189 0.0581485 0.665824
0 0.481188 0.555332 0.0552898 0.675009
0 0.31924 0.565173 0.056742 0.63904
0 0.532926 0.559784 0.0554868 0.678391
0 0.0914921 0.540811 0.0576304 0.65641
0 0.585539 0.567483 0.0549975 0.655688
0 0.797236 0.573787 0.0545657 0.631393
0 0.639454 0.574709 0.0570747 0.647831
0 0.901051 0.574282 0.0528695 0.610857
0 0.849727 0.573062 0.0535591 0.627604
0 0.745141 0.574705 0.0559431 0.630998
0 0.00453597 0.511013 0.0085952 0.681888
0 0.744681 0.571693 0.0559865 0.631903
0 0.952543 0.573052 0.0552006 0.620096
0 0.202584 0.538158 0.056241 0.655382
0 0.147627 0.543173 0.0581927 0.663879
0 0.258904 0.547239 0.0637563 0.667578
0 0.427455 0.569397 0.0552282 0.659866
0 0.373865 0.568001 0.0547976 0.642327
0 0.0365319 0.533189 0.0581485 0.665824
0 0.481188 0.555332 0.0552898 0.675009
0 0.31924 0.565173 0.056742 0.63904
0 0.532926 0.559784 0.0554868 0.678391
0 0.0914921 0.540811 0.0576304 0.65641
0 0.585539 0.567483 0.0549975 0.655688
0 0.797236 0.573787 0.0545657 0.631393
0 0.639454 0.574709 0.0570747 0.647831
0 0.901051 0.574282 0.0528695 0.610857
0 0.849727 0.573062 0.0535591 0.627604
0 0.745141 0.574705 0.0559431 0.630998
0 0.00453597 0.511013 0.0085952 0.681888
0 0.744681 0.571693 0.0559865 0.631903
0 0.952543 0.573052 0.0552006 0.620096
0 0.691257 0.576932 0.0531897 0.636364
0 0.00601026 0.492999 0.0116077 0.718394
0 0.0026473 0.517371 0.0052946 0.676539
0 0.691848 0.578449 0.0530949 0.636943
0 0.202584 0.538158 0.056241 0.655382
0 0.147627 0.543173 0.0581927 0.663879
0 0.258904 0.547239 0.0637563 0.667578
0 0.427455 0.569397 0.0552282 0.659866
0 0.373865 0.568001 0.0547976 0.642327
0 0.0365319 0.533189 0.0581485 0.665824
0 0.481188 0.555332 0.0552898 0.675009
0 0.31924 0.565173 0.056742 0.63904
0 0.532926 0.559784 0.0554868 0.678391
0 0.0914921 0.540811 0.0576304 0.65641
0 0.585539 0.567483 0.0549975 0.655688
0 0.797236 0.573787 0.0545657 0.631393
0 0.639454 0.574709 0.0570747 0.647831
0 0.901051 0.574282 0.0528695 0.610857
0 0.849727 0.573062 0.0535591 0.627604
0 0.745141 0.574705 0.0559431 0.630998
0 0.00453597 0.511013 0.0085952 0.681888
0 0.744681 0.571693 0.0559865 0.631903
0 0.952543 0.573052 0.0552006 0.620096
