0 0.941364 0.543255 0.115649 0.47757
0 0.472864 0.533488 0.167246 0.805574
0 0.800022 0.758001 0.158948 0.386786
0 0.800805 0.759589 0.159934 0.386217
0 0.30556 0.641438 0.174285 0.612866
0 0.305062 0.642554 0.172423 0.606927
0 0.78109 0.363358 0.144316 0.408753
0 0.190483 0.65658 0.0680443 0.532548
0 0.610122 0.0978583 0.12828 0.179765
0 0.941364 0.543255 0.115649 0.47757
0 0.472864 0.533488 0.167246 0.805574
0 0.800022 0.758001 0.158948 0.386786
0 0.800805 0.759589 0.159934 0.386217
0 0.30556 0.641438 0.174285 0.612866
0 0.305062 0.642554 0.172423 0.606927
0 0.78109 0.363358 0.144316 0.408753
0 0.190483 0.65658 0.0680443 0.532548
0 0.610122 0.0978583 0.12828 0.179765
0 0.941364 0.543255 0.115649 0.47757
0 0.472864 0.533488 0.167246 0.805574
0 0.800022 0.758001 0.158948 0.386786
0 0.800805 0.759589 0.159934 0.386217
0 0.30556 0.641438 0.174285 0.612866
0 0.305062 0.642554 0.172423 0.606927
0 0.78109 0.363358 0.144316 0.408753
0 0.190483 0.65658 0.0680443 0.532548
0 0.610122 0.0978583 0.12828 0.179765
0 0.307336 0.63445 0.175222 0.61224
0 0.78276 0.384801 0.143094 0.365803
0 0.941086 0.630833 0.11755 0.661116
0 0.0279846 0.628788 0.0550258 0.601388
0 0.134803 0.710402 0.0561214 0.439168
0 0.800713 0.753002 0.16503 0.41855
0 0.19156 0.716312 0.0691037 0.418809
0 0.469673 0.53308 0.174818 0.794545
0 0.307336 0.63445 0.175222 0.61224
0 0.78276 0.384801 0.143094 0.365803
0 0.941086 0.630833 0.11755 0.661116
0 0.0279846 0.628788 0.0550258 0.601388
0 0.134803 0.710402 0.0561214 0.439168
0 0.800713 0.753002 0.16503 0.41855
0 0.19156 0.716312 0.0691037 0.418809
0 0.469673 0.53308 0.174818 0.794545
0 0.325375 0.264489 0.138043 0.215201
0 0.0838016 0.592794 0.0709754 0.687521
0 0.307336 0.63445 0.175222 0.61224
0 0.78276 0.384801 0.143094 0.365803
0 0.941086 0.630833 0.11755 0.661116
0 0.0279846 0.628788 0.0550258 0.601388
0 0.134803 0.710402 0.0561214 0.439168
0 0.800713 0.753002 0.16503 0.41855
0 0.19156 0.716312 0.0691037 0.418809
0 0.469673 0.53308 0.174818 0.794545
0 0.307336 0.63445 0.175222 0.61224
0 0.78276 0.384801 0.143094 0.365803
0 0.941086 0.630833 0.11755 0.661116
0 0.0279846 0.628788 0.0550258 0.601388
0 0.134803 0.710402 0.0561214 0.439168
0 0.800713 0.753002 0.16503 0.41855
0 0.19156 0.716312 0.0691037 0.418809
0 0.469673 0.53308 0.174818 0.794545
