0 0.318896 0.587705 0.254639 0.540936
0 0.78694 0.579906 0.154358 0.644114
0 0.0394115 0.475773 0.078823 0.721513
0 0.521812 0.621729 0.130239 0.500259
0 0.662048 0.551861 0.11591 0.660589
0 0.129862 0.476652 0.124963 0.740465
0 0.946537 0.443023 0.10631 0.886046
0 0.58622 0.711991 0.0524674 0.310088
0 0.534542 0.620646 0.160256 0.502376
0 0.318896 0.587705 0.254639 0.540936
0 0.78694 0.579906 0.154358 0.644114
0 0.0394115 0.475773 0.078823 0.721513
0 0.521812 0.621729 0.130239 0.500259
0 0.662048 0.551861 0.11591 0.660589
0 0.129862 0.476652 0.124963 0.740465
0 0.946537 0.443023 0.10631 0.886046
0 0.58622 0.711991 0.0524674 0.310088
0 0.534542 0.620646 0.160256 0.502376
0 0.318896 0.587705 0.254639 0.540936
0 0.78694 0.579906 0.154358 0.644114
0 0.0394115 0.475773 0.078823 0.721513
0 0.521812 0.621729 0.130239 0.500259
0 0.662048 0.551861 0.11591 0.660589
0 0.129862 0.476652 0.124963 0.740465
0 0.946537 0.443023 0.10631 0.886046
0 0.58622 0.711991 0.0524674 0.310088
0 0.534542 0.620646 0.160256 0.502376
0 0.534593 0.621318 0.14927 0.502732
0 0.322635 0.595982 0.254639 0.536937
0 0.66218 0.544922 0.118345 0.672107
0 0.788044 0.577805 0.149564 0.651718
0 0.0372401 0.490155 0.0742808 0.731239
0 0.0354472 0.798815 0.0708856 0.402371
0 0.534593 0.621318 0.14927 0.502732
0 0.322635 0.595982 0.254639 0.536937
0 0.66218 0.544922 0.118345 0.672107
0 0.788044 0.577805 0.149564 0.651718
0 0.0372401 0.490155 0.0742808 0.731239
0 0.0354472 0.798815 0.0708856 0.402371
0 0.133922 0.780735 0.125757 0.43853
0 0.128914 0.508754 0.126168 0.678338
0 0.534593 0.621318 0.14927 0.502732
0 0.322635 0.595982 0.254639 0.536937
0 0.66218 0.544922 0.118345 0.672107
0 0.788044 0.577805 0.149564 0.651718
0 0.0372401 0.490155 0.0742808 0.731239
0 0.0354472 0.798815 0.0708856 0.402371
0 0.534593 0.621318 0.14927 0.502732
0 0.322635 0.595982 0.254639 0.536937
0 0.66218 0.544922 0.118345 0.672107
0 0.788044 0.577805 0.149564 0.651718
0 0.0372401 0.490155 0.0742808 0.731239
0 0.0354472 0.798815 0.0708856 0.402371
