0 0.663572 0.80314 0.065174 0.287847
0 0.587192 0.803612 0.0903031 0.289238
0 0.0550372 0.823904 0.104131 0.313156
0 0.858696 0.403814 0.23644 0.436854
0 0.330356 0.462923 0.269197 0.409087
0 0.317748 0.821369 0.0945806 0.293021
0 0.0948684 0.469151 0.187466 0.397811
0 0.411887 0.810307 0.0938794 0.29604
0 0.151797 0.81139 0.0911772 0.308654
0 0.515041 0.802777 0.0572402 0.294738
0 0.514702 0.801784 0.0555697 0.293173
0 0.67568 0.475102 0.072759 0.331821
0 0.663572 0.80314 0.065174 0.287847
0 0.587192 0.803612 0.0903031 0.289238
0 0.0550372 0.823904 0.104131 0.313156
0 0.858696 0.403814 0.23644 0.436854
0 0.330356 0.462923 0.269197 0.409087
0 0.317748 0.821369 0.0945806 0.293021
0 0.0948684 0.469151 0.187466 0.397811
0 0.411887 0.810307 0.0938794 0.29604
0 0.151797 0.81139 0.0911772 0.308654
0 0.515041 0.802777 0.0572402 0.294738
0 0.514702 0.801784 0.0555697 0.293173
0 0.67568 0.475102 0.072759 0.331821
0 0.663572 0.80314 0.065174 0.287847
0 0.587192 0.803612 0.0903031 0.289238
0 0.0550372 0.823904 0.104131 0.313156
0 0.858696 0.403814 0.23644 0.436854
0 0.330356 0.462923 0.269197 0.409087
0 0.317748 0.821369 0.0945806 0.293021
0 0.0948684 0.469151 0.187466 0.397811
0 0.411887 0.810307 0.0938794 0.29604
0 0.151797 0.81139 0.0911772 0.308654
0 0.515041 0.802777 0.0572402 0.294738
0 0.514702 0.801784 0.0555697 0.293173
0 0.67568 0.475102 0.072759 0.331821
0 0.867391 0.43104 0.242916 0.393896
0 0.858495 0.779883 0.235127 0.31868
0 0.33586 0.464168 0.257528 0.422059
0 0.59905 0.470785 0.239962 0.37706
0 0.564738 0.474832 0.161242 0.365296
0 0.106316 0.471365 0.209034 0.407778
0 0.334451 0.61339 0.274427 0.718392
0 0.676703 0.463798 0.0707838 0.35633
0 0.106662 0.622466 0.213324 0.732307
0 0.867391 0.43104 0.242916 0.393896
0 0.858495 0.779883 0.235127 0.31868
0 0.33586 0.464168 0.257528 0.422059
0 0.59905 0.470785 0.239962 0.37706
0 0.564738 0.474832 0.161242 0.365296
0 0.106316 0.471365 0.209034 0.407778
0 0.334451 0.61339 0.274427 0.718392
0 0.676703 0.463798 0.0707838 0.35633
0 0.106662 0.622466 0.213324 0.732307
0 0.599763 0.606478 0.255948 0.686459
0 0.668016 0.805129 0.0747519 0.288327
0 0.157103 0.465048 0.100222 0.381435
0 0.680559 0.802328 0.0991395 0.289731
0 0.867391 0.43104 0.242916 0.393896
0 0.858495 0.779883 0.235127 0.31868
0 0.33586 0.464168 0.257528 0.422059
0 0.59905 0.470785 0.239962 0.37706
0 0.564738 0.474832 0.161242 0.365296
0 0.106316 0.471365 0.209034 0.407778
0 0.334451 0.61339 0.274427 0.718392
0 0.676703 0.463798 0.0707838 0.35633
0 0.106662 0.622466 0.213324 0.732307
0 0.867391 0.43104 0.242916 0.393896
0 0.858495 0.779883 0.235127 0.31868
0 0.33586 0.464168 0.257528 0.422059
0 0.59905 0.470785 0.239962 0.37706
0 0.564738 0.474832 0.161242 0.365296
0 0.106316 0.471365 0.209034 0.407778
0 0.334451 0.61339 0.274427 0.718392
0 0.676703 0.463798 0.0707838 0.35633
0 0.106662 0.622466 0.213324 0.732307
