0 0.183667 0.429406 0.232533 0.763254
0 0.884103 0.503388 0.223289 0.525346
0 0.645907 0.467426 0.241007 0.57732
0 0.442589 0.444193 0.186622 0.646671
0 0.183667 0.429406 0.232533 0.763254
0 0.884103 0.503388 0.223289 0.525346
0 0.645907 0.467426 0.241007 0.57732
0 0.442589 0.444193 0.186622 0.646671
0 0.183667 0.429406 0.232533 0.763254
0 0.884103 0.503388 0.223289 0.525346
0 0.645907 0.467426 0.241007 0.57732
0 0.442589 0.444193 0.186622 0.646671
0 0.183596 0.466842 0.229126 0.737297
0 0.649914 0.454686 0.228211 0.584216
0 0.883722 0.49666 0.225377 0.530998
0 0.437475 0.426548 0.180481 0.64471
0 0.0278555 0.53481 0.0548774 0.908448
0 0.183596 0.466842 0.229126 0.737297
0 0.649914 0.454686 0.228211 0.584216
0 0.883722 0.49666 0.225377 0.530998
0 0.437475 0.426548 0.180481 0.64471
0 0.0278555 0.53481 0.0548774 0.908448
0 0.183596 0.466842 0.229126 0.737297
0 0.649914 0.454686 0.228211 0.584216
0 0.883722 0.49666 0.225377 0.530998
0 0.437475 0.426548 0.180481 0.64471
0 0.0278555 0.53481 0.0548774 0.908448
0 0.183596 0.466842 0.229126 0.737297
0 0.649914 0.454686 0.228211 0.584216
0 0.883722 0.49666 0.225377 0.530998
0 0.437475 0.426548 0.180481 0.64471
0 0.0278555 0.53481 0.0548774 0.908448
