0 0.561505 0.454835 0.112122 0.510718
0 0.468686 0.474234 0.107615 0.520306
0 0.24533 0.499775 0.194791 0.559612
0 0.742261 0.407739 0.109859 0.519479
0 0.926818 0.464532 0.135874 0.873234
0 0.652514 0.445903 0.100282 0.572566
0 0.0400019 0.63711 0.0796902 0.72578
0 0.831238 0.364435 0.0923879 0.549115
0 0.100512 0.496239 0.121775 0.491728
0 0.379305 0.478524 0.104769 0.531733
0 0.561505 0.454835 0.112122 0.510718
0 0.468686 0.474234 0.107615 0.520306
0 0.24533 0.499775 0.194791 0.559612
0 0.742261 0.407739 0.109859 0.519479
0 0.926818 0.464532 0.135874 0.873234
0 0.652514 0.445903 0.100282 0.572566
0 0.0400019 0.63711 0.0796902 0.72578
0 0.831238 0.364435 0.0923879 0.549115
0 0.100512 0.496239 0.121775 0.491728
0 0.379305 0.478524 0.104769 0.531733
0 0.561505 0.454835 0.112122 0.510718
0 0.468686 0.474234 0.107615 0.520306
0 0.24533 0.499775 0.194791 0.559612
0 0.742261 0.407739 0.109859 0.519479
0 0.926818 0.464532 0.135874 0.873234
0 0.652514 0.445903 0.100282 0.572566
0 0.0400019 0.63711 0.0796902 0.72578
0 0.831238 0.364435 0.0923879 0.549115
0 0.100512 0.496239 0.121775 0.491728
0 0.379305 0.478524 0.104769 0.531733
0 0.106678 0.608686 0.132392 0.737228
0 0.834574 0.453092 0.109082 0.800846
0 0.563375 0.459028 0.113076 0.524979
0 0.654058 0.467256 0.106325 0.611191
0 0.470192 0.483656 0.112257 0.535259
0 0.928266 0.452634 0.141882 0.860118
0 0.743061 0.464943 0.115006 0.584276
0 0.28342 0.515299 0.116628 0.529274
0 0.381374 0.50305 0.109212 0.586224
0 0.196951 0.499866 0.103644 0.561528
0 0.0384738 0.637394 0.0762901 0.722857
0 0.106678 0.608686 0.132392 0.737228
0 0.834574 0.453092 0.109082 0.800846
0 0.563375 0.459028 0.113076 0.524979
0 0.654058 0.467256 0.106325 0.611191
0 0.470192 0.483656 0.112257 0.535259
0 0.928266 0.452634 0.141882 0.860118
0 0.743061 0.464943 0.115006 0.584276
0 0.28342 0.515299 0.116628 0.529274
0 0.381374 0.50305 0.109212 0.586224
0 0.196951 0.499866 0.103644 0.561528
0 0.0384738 0.637394 0.0762901 0.722857
0 0.106678 0.608686 0.132392 0.737228
0 0.834574 0.453092 0.109082 0.800846
0 0.563375 0.459028 0.113076 0.524979
0 0.654058 0.467256 0.106325 0.611191
0 0.470192 0.483656 0.112257 0.535259
0 0.928266 0.452634 0.141882 0.860118
0 0.743061 0.464943 0.115006 0.584276
0 0.28342 0.515299 0.116628 0.529274
0 0.381374 0.50305 0.109212 0.586224
0 0.196951 0.499866 0.103644 0.561528
0 0.0384738 0.637394 0.0762901 0.722857
