0 0.414635 0.504436 0.245344 0.72529
0 0.600975 0.444397 0.183993 0.718352
0 0.888598 0.433758 0.216186 0.867517
0 0.175482 0.526311 0.312234 0.80663
0 0.414635 0.504436 0.245344 0.72529
0 0.600975 0.444397 0.183993 0.718352
0 0.888598 0.433758 0.216186 0.867517
0 0.175482 0.526311 0.312234 0.80663
0 0.414635 0.504436 0.245344 0.72529
0 0.600975 0.444397 0.183993 0.718352
0 0.888598 0.433758 0.216186 0.867517
0 0.175482 0.526311 0.312234 0.80663
0 0.588055 0.434784 0.212873 0.682773
0 0.173457 0.530907 0.288615 0.802714
0 0.413869 0.524878 0.203341 0.535912
0 0.588055 0.434784 0.212873 0.682773
0 0.173457 0.530907 0.288615 0.802714
0 0.413869 0.524878 0.203341 0.535912
0 0.754806 0.414256 0.125888 0.583941
0 0.755596 0.427268 0.127034 0.544277
0 0.588055 0.434784 0.212873 0.682773
0 0.173457 0.530907 0.288615 0.802714
0 0.413869 0.524878 0.203341 0.535912
0 0.588055 0.434784 0.212873 0.682773
0 0.173457 0.530907 0.288615 0.802714
0 0.413869 0.524878 0.203341 0.535912
