0 0.178269 0.644605 0.265783 0.612503
0 0.418449 0.622184 0.245451 0.645237
0 0.878752 0.625924 0.238147 0.605715
0 0.0392287 0.724138 0.0782725 0.455819
0 0.24858 0.130615 0.216671 0.243593
0 0.178269 0.644605 0.265783 0.612503
0 0.418449 0.622184 0.245451 0.645237
0 0.878752 0.625924 0.238147 0.605715
0 0.0392287 0.724138 0.0782725 0.455819
0 0.24858 0.130615 0.216671 0.243593
0 0.420044 0.628055 0.243016 0.650445
0 0.183914 0.658203 0.262937 0.605165
0 0.0386032 0.719648 0.0766176 0.479759
0 0.647222 0.763173 0.221079 0.365032
0 0.874918 0.240894 0.201549 0.158464
0 0.0668412 0.189104 0.133682 0.273119
0 0.645528 0.35246 0.230427 0.576239
0 0.420044 0.628055 0.243016 0.650445
0 0.183914 0.658203 0.262937 0.605165
0 0.0386032 0.719648 0.0766176 0.479759
0 0.647222 0.763173 0.221079 0.365032
0 0.874918 0.240894 0.201549 0.158464
0 0.0668412 0.189104 0.133682 0.273119
0 0.645528 0.35246 0.230427 0.576239
0 0.647925 0.225443 0.225513 0.31251
0 0.876319 0.617775 0.235005 0.611329
0 0.874682 0.484201 0.228167 0.305353
0 0.648091 0.247045 0.224933 0.345037
0 0.420044 0.628055 0.243016 0.650445
0 0.183914 0.658203 0.262937 0.605165
0 0.0386032 0.719648 0.0766176 0.479759
0 0.647222 0.763173 0.221079 0.365032
0 0.874918 0.240894 0.201549 0.158464
0 0.0668412 0.189104 0.133682 0.273119
0 0.645528 0.35246 0.230427 0.576239
0 0.420044 0.628055 0.243016 0.650445
0 0.183914 0.658203 0.262937 0.605165
0 0.0386032 0.719648 0.0766176 0.479759
0 0.647222 0.763173 0.221079 0.365032
0 0.874918 0.240894 0.201549 0.158464
0 0.0668412 0.189104 0.133682 0.273119
0 0.645528 0.35246 0.230427 0.576239
