0 0.648067 0.523472 0.204718 0.864782
0 0.14906 0.507771 0.200024 0.903142
0 0.356962 0.506788 0.202533 0.916536
0 0.86769 0.477322 0.201789 0.823051
0 0.648067 0.523472 0.204718 0.864782
0 0.14906 0.507771 0.200024 0.903142
0 0.356962 0.506788 0.202533 0.916536
0 0.86769 0.477322 0.201789 0.823051
0 0.648067 0.523472 0.204718 0.864782
0 0.14906 0.507771 0.200024 0.903142
0 0.356962 0.506788 0.202533 0.916536
0 0.86769 0.477322 0.201789 0.823051
0 0.867673 0.488778 0.199889 0.811398
0 0.147226 0.505072 0.200717 0.917107
0 0.645684 0.527961 0.21056 0.850732
0 0.352555 0.514685 0.195871 0.914811
0 0.146918 0.500061 0.197921 0.914485
0 0.867673 0.488778 0.199889 0.811398
0 0.147226 0.505072 0.200717 0.917107
0 0.645684 0.527961 0.21056 0.850732
0 0.352555 0.514685 0.195871 0.914811
0 0.146918 0.500061 0.197921 0.914485
0 0.867673 0.488778 0.199889 0.811398
0 0.147226 0.505072 0.200717 0.917107
0 0.645684 0.527961 0.21056 0.850732
0 0.352555 0.514685 0.195871 0.914811
0 0.146918 0.500061 0.197921 0.914485
0 0.867673 0.488778 0.199889 0.811398
0 0.147226 0.505072 0.200717 0.917107
0 0.645684 0.527961 0.21056 0.850732
0 0.352555 0.514685 0.195871 0.914811
0 0.146918 0.500061 0.197921 0.914485
