0 0.197114 0.511463 0.383009 0.861401
0 0.803638 0.504239 0.38938 0.846801
0 0.481462 0.518692 0.389852 0.847282
0 0.488454 0.509828 0.396114 0.842954
0 0.197114 0.511463 0.383009 0.861401
0 0.803638 0.504239 0.38938 0.846801
0 0.481462 0.518692 0.389852 0.847282
0 0.488454 0.509828 0.396114 0.842954
0 0.197114 0.511463 0.383009 0.861401
0 0.803638 0.504239 0.38938 0.846801
0 0.481462 0.518692 0.389852 0.847282
0 0.488454 0.509828 0.396114 0.842954
0 0.197914 0.492323 0.373885 0.946126
0 0.46763 0.523292 0.370152 0.859297
0 0.794603 0.517095 0.390894 0.857959
0 0.197914 0.492323 0.373885 0.946126
0 0.46763 0.523292 0.370152 0.859297
0 0.794603 0.517095 0.390894 0.857959
0 0.47721 0.511109 0.377261 0.90156
0 0.197914 0.492323 0.373885 0.946126
0 0.46763 0.523292 0.370152 0.859297
0 0.794603 0.517095 0.390894 0.857959
