0 0.564018 0.579576 0.121732 0.69995
0 0.683916 0.679626 0.0732743 0.472206
0 0.451709 0.598718 0.102907 0.660776
0 0.241807 0.56574 0.106838 0.75877
0 0.347568 0.596807 0.102198 0.670989
0 0.047005 0.608254 0.0831497 0.54199
0 0.760532 0.239413 0.0598326 0.372197
0 0.141132 0.612006 0.0934767 0.658287
0 0.700201 0.240346 0.0632144 0.364596
0 0.861308 0.662528 0.0949701 0.454453
0 0.907909 0.235956 0.171649 0.374334
0 0.762155 0.679761 0.0811033 0.465246
0 0.945098 0.660991 0.0617229 0.386522
0 0.564018 0.579576 0.121732 0.69995
0 0.683916 0.679626 0.0732743 0.472206
0 0.451709 0.598718 0.102907 0.660776
0 0.241807 0.56574 0.106838 0.75877
0 0.347568 0.596807 0.102198 0.670989
0 0.047005 0.608254 0.0831497 0.54199
0 0.760532 0.239413 0.0598326 0.372197
0 0.141132 0.612006 0.0934767 0.658287
0 0.700201 0.240346 0.0632144 0.364596
0 0.861308 0.662528 0.0949701 0.454453
0 0.907909 0.235956 0.171649 0.374334
0 0.762155 0.679761 0.0811033 0.465246
0 0.945098 0.660991 0.0617229 0.386522
0 0.564018 0.579576 0.121732 0.69995
0 0.683916 0.679626 0.0732743 0.472206
0 0.451709 0.598718 0.102907 0.660776
0 0.241807 0.56574 0.106838 0.75877
0 0.347568 0.596807 0.102198 0.670989
0 0.047005 0.608254 0.0831497 0.54199
0 0.760532 0.239413 0.0598326 0.372197
0 0.141132 0.612006 0.0934767 0.658287
0 0.700201 0.240346 0.0632144 0.364596
0 0.861308 0.662528 0.0949701 0.454453
0 0.907909 0.235956 0.171649 0.374334
0 0.762155 0.679761 0.0811033 0.465246
0 0.945098 0.660991 0.0617229 0.386522
0 0.240873 0.583185 0.105097 0.761856
0 0.900107 0.652686 0.163218 0.46475
0 0.347127 0.609683 0.10166 0.668487
0 0.0513199 0.641541 0.0986228 0.623515
0 0.143172 0.636272 0.0850905 0.644698
0 0.682921 0.682174 0.0743007 0.472083
0 0.451503 0.611173 0.103454 0.647974
0 0.570662 0.582045 0.108083 0.693011
0 0.763237 0.680325 0.082122 0.459021
0 0.729344 0.488871 0.157936 0.876573
0 0.240873 0.583185 0.105097 0.761856
0 0.900107 0.652686 0.163218 0.46475
0 0.347127 0.609683 0.10166 0.668487
0 0.0513199 0.641541 0.0986228 0.623515
0 0.143172 0.636272 0.0850905 0.644698
0 0.682921 0.682174 0.0743007 0.472083
0 0.451503 0.611173 0.103454 0.647974
0 0.570662 0.582045 0.108083 0.693011
0 0.763237 0.680325 0.082122 0.459021
0 0.729344 0.488871 0.157936 0.876573
0 0.533272 0.589423 0.0579814 0.671428
0 0.732948 0.238906 0.12955 0.394591
0 0.563939 0.587726 0.115853 0.695921
0 0.240873 0.583185 0.105097 0.761856
0 0.900107 0.652686 0.163218 0.46475
0 0.347127 0.609683 0.10166 0.668487
0 0.0513199 0.641541 0.0986228 0.623515
0 0.143172 0.636272 0.0850905 0.644698
0 0.682921 0.682174 0.0743007 0.472083
0 0.451503 0.611173 0.103454 0.647974
0 0.570662 0.582045 0.108083 0.693011
0 0.763237 0.680325 0.082122 0.459021
0 0.729344 0.488871 0.157936 0.876573
