0 0.377125 0.732328 0.37889 0.498864
0 0.674 0.72703 0.33712 0.517398
0 0.377125 0.732328 0.37889 0.498864
0 0.674 0.72703 0.33712 0.517398
0 0.377125 0.732328 0.37889 0.498864
0 0.674 0.72703 0.33712 0.517398
0 0.389733 0.735115 0.365075 0.494539
0 0.676407 0.752928 0.320975 0.468316
0 0.124047 0.725992 0.248095 0.507119
0 0.904476 0.751414 0.191048 0.473552
0 0.389733 0.735115 0.365075 0.494539
0 0.676407 0.752928 0.320975 0.468316
0 0.124047 0.725992 0.248095 0.507119
0 0.904476 0.751414 0.191048 0.473552
0 0.389733 0.735115 0.365075 0.494539
0 0.676407 0.752928 0.320975 0.468316
0 0.124047 0.725992 0.248095 0.507119
0 0.904476 0.751414 0.191048 0.473552
0 0.389733 0.735115 0.365075 0.494539
0 0.676407 0.752928 0.320975 0.468316
0 0.124047 0.725992 0.248095 0.507119
0 0.904476 0.751414 0.191048 0.473552
