0 0.370489 0.744708 0.198904 0.510583
0 0.60053 0.721216 0.18999 0.486542
0 0.824463 0.755543 0.215151 0.486024
0 0.146348 0.635032 0.184721 0.449031
0 0.370489 0.744708 0.198904 0.510583
0 0.60053 0.721216 0.18999 0.486542
0 0.824463 0.755543 0.215151 0.486024
0 0.146348 0.635032 0.184721 0.449031
0 0.370489 0.744708 0.198904 0.510583
0 0.60053 0.721216 0.18999 0.486542
0 0.824463 0.755543 0.215151 0.486024
0 0.146348 0.635032 0.184721 0.449031
0 0.369702 0.744401 0.206039 0.511198
0 0.602027 0.720049 0.201054 0.508027
0 0.147761 0.631017 0.191704 0.494702
0 0.832694 0.73016 0.235563 0.539681
0 0.369702 0.744401 0.206039 0.511198
0 0.602027 0.720049 0.201054 0.508027
0 0.147761 0.631017 0.191704 0.494702
0 0.832694 0.73016 0.235563 0.539681
0 0.146405 0.623746 0.189818 0.478098
0 0.369702 0.744401 0.206039 0.511198
0 0.602027 0.720049 0.201054 0.508027
0 0.147761 0.631017 0.191704 0.494702
0 0.832694 0.73016 0.235563 0.539681
0 0.369702 0.744401 0.206039 0.511198
0 0.602027 0.720049 0.201054 0.508027
0 0.147761 0.631017 0.191704 0.494702
0 0.832694 0.73016 0.235563 0.539681
