0 0.708864 0.691244 0.249735 0.609961
0 0.47839 0.697909 0.239109 0.594487
0 0.479181 0.701231 0.237829 0.592879
0 0.708864 0.691244 0.249735 0.609961
0 0.47839 0.697909 0.239109 0.594487
0 0.479181 0.701231 0.237829 0.592879
0 0.708864 0.691244 0.249735 0.609961
0 0.47839 0.697909 0.239109 0.594487
0 0.479181 0.701231 0.237829 0.592879
0 0.481279 0.700823 0.240698 0.598354
0 0.709125 0.695735 0.250044 0.608531
0 0.720685 0.51218 0.21866 0.244922
0 0.257438 0.704971 0.2352 0.589528
0 0.258633 0.530686 0.21084 0.228046
0 0.481279 0.700823 0.240698 0.598354
0 0.709125 0.695735 0.250044 0.608531
0 0.720685 0.51218 0.21866 0.244922
0 0.257438 0.704971 0.2352 0.589528
0 0.258633 0.530686 0.21084 0.228046
0 0.483374 0.520108 0.216356 0.230691
0 0.97147 0.507796 0.0570592 0.984407
0 0.481279 0.700823 0.240698 0.598354
0 0.709125 0.695735 0.250044 0.608531
0 0.720685 0.51218 0.21866 0.244922
0 0.257438 0.704971 0.2352 0.589528
0 0.258633 0.530686 0.21084 0.228046
