0 0.41363 0.582615 0.227613 0.605745
0 0.187456 0.463122 0.239613 0.379301
0 0.215284 0.180074 0.198773 0.245992
0 0.933513 0.314021 0.13221 0.255255
0 0.188591 0.465704 0.234226 0.385393
0 0.41363 0.582615 0.227613 0.605745
0 0.187456 0.463122 0.239613 0.379301
0 0.215284 0.180074 0.198773 0.245992
0 0.933513 0.314021 0.13221 0.255255
0 0.188591 0.465704 0.234226 0.385393
0 0.41363 0.582615 0.227613 0.605745
0 0.187456 0.463122 0.239613 0.379301
0 0.215284 0.180074 0.198773 0.245992
0 0.933513 0.314021 0.13221 0.255255
0 0.188591 0.465704 0.234226 0.385393
0 0.219227 0.175207 0.196854 0.250115
0 0.414357 0.166177 0.185717 0.252873
0 0.219227 0.175207 0.196854 0.250115
0 0.414357 0.166177 0.185717 0.252873
0 0.414184 0.379262 0.204983 0.208348
0 0.417451 0.926653 0.211981 0.146693
0 0.219227 0.175207 0.196854 0.250115
0 0.414357 0.166177 0.185717 0.252873
