0 0.790178 0.507086 0.0566104 0.93214
0 0.735649 0.516823 0.0556748 0.936437
0 0.627715 0.526135 0.0555658 0.879934
0 0.192661 0.615832 0.0574188 0.768336
0 0.903595 0.482791 0.061013 0.919268
0 0.846453 0.496505 0.0579295 0.917281
0 0.137955 0.62769 0.0520368 0.74462
0 0.246663 0.602057 0.0550734 0.795886
0 0.300332 0.575829 0.0574254 0.848342
0 0.96115 0.475601 0.0605071 0.951202
0 0.573941 0.530852 0.0521464 0.872674
0 0.35625 0.57124 0.0561009 0.85752
0 0.0332425 0.631136 0.0525827 0.737728
0 0.409186 0.571729 0.0528062 0.856542
0 0.464179 0.555431 0.0567901 0.858559
0 0.0857341 0.617901 0.0537376 0.736963
0 0.520673 0.545498 0.0535792 0.880763
0 0.681494 0.522065 0.0551928 0.909717
0 0.68201 0.524523 0.0554943 0.905114
0 0.408978 0.571371 0.0533241 0.857258
0 0.790178 0.507086 0.0566104 0.93214
0 0.735649 0.516823 0.0556748 0.936437
0 0.627715 0.526135 0.0555658 0.879934
0 0.192661 0.615832 0.0574188 0.768336
0 0.903595 0.482791 0.061013 0.919268
0 0.846453 0.496505 0.0579295 0.917281
0 0.137955 0.62769 0.0520368 0.74462
0 0.246663 0.602057 0.0550734 0.795886
0 0.300332 0.575829 0.0574254 0.848342
0 0.96115 0.475601 0.0605071 0.951202
0 0.573941 0.530852 0.0521464 0.872674
0 0.35625 0.57124 0.0561009 0.85752
0 0.0332425 0.631136 0.0525827 0.737728
0 0.409186 0.571729 0.0528062 0.856542
0 0.464179 0.555431 0.0567901 0.858559
0 0.0857341 0.617901 0.0537376 0.736963
0 0.520673 0.545498 0.0535792 0.880763
0 0.681494 0.522065 0.0551928 0.909717
0 0.68201 0.524523 0.0554943 0.905114
0 0.408978 0.571371 0.0533241 0.857258
0 0.790178 0.507086 0.0566104 0.93214
0 0.735649 0.516823 0.0556748 0.936437
0 0.627715 0.526135 0.0555658 0.879934
0 0.192661 0.615832 0.0574188 0.768336
0 0.903595 0.482791 0.061013 0.919268
0 0.846453 0.496505 0.0579295 0.917281
0 0.137955 0.62769 0.0520368 0.74462
0 0.246663 0.602057 0.0550734 0.795886
0 0.300332 0.575829 0.0574254 0.848342
0 0.96115 0.475601 0.0605071 0.951202
0 0.573941 0.530852 0.0521464 0.872674
0 0.35625 0.57124 0.0561009 0.85752
0 0.0332425 0.631136 0.0525827 0.737728
0 0.409186 0.571729 0.0528062 0.856542
0 0.464179 0.555431 0.0567901 0.858559
0 0.0857341 0.617901 0.0537376 0.736963
0 0.520673 0.545498 0.0535792 0.880763
0 0.681494 0.522065 0.0551928 0.909717
0 0.68201 0.524523 0.0554943 0.905114
0 0.408978 0.571371 0.0533241 0.857258
0 0.299639 0.579691 0.0587843 0.840617
0 0.355174 0.576371 0.0572795 0.847258
0 0.408189 0.569468 0.0556969 0.856281
0 0.735938 0.513975 0.0601164 0.956526
0 0.138349 0.61929 0.0561989 0.759308
0 0.574223 0.536695 0.0549212 0.883899
0 0.681315 0.518898 0.0578911 0.919219
0 0.521192 0.542313 0.0552271 0.875513
0 0.627256 0.529081 0.0569042 0.893781
0 0.90319 0.488276 0.0632184 0.953198
0 0.962139 0.483752 0.0654357 0.967505
0 0.790138 0.503631 0.0603502 0.951905
0 0.845992 0.496001 0.0598489 0.9424
0 0.0336233 0.627716 0.0570704 0.74069
0 0.192193 0.612064 0.0578049 0.775873
0 0.463769 0.551829 0.0596036 0.864551
0 0.0850247 0.602929 0.0580457 0.741923
0 0.245664 0.602826 0.0560773 0.794347
0 0.464244 0.548621 0.0600543 0.858599
0 0.299639 0.579691 0.0587843 0.840617
0 0.355174 0.576371 0.0572795 0.847258
0 0.408189 0.569468 0.0556969 0.856281
0 0.735938 0.513975 0.0601164 0.956526
0 0.138349 0.61929 0.0561989 0.759308
0 0.574223 0.536695 0.0549212 0.883899
0 0.681315 0.518898 0.0578911 0.919219
0 0.521192 0.542313 0.0552271 0.875513
0 0.627256 0.529081 0.0569042 0.893781
0 0.90319 0.488276 0.0632184 0.953198
0 0.962139 0.483752 0.0654357 0.967505
0 0.790138 0.503631 0.0603502 0.951905
0 0.845992 0.496001 0.0598489 0.9424
0 0.0336233 0.627716 0.0570704 0.74069
0 0.192193 0.612064 0.0578049 0.775873
0 0.463769 0.551829 0.0596036 0.864551
0 0.0850247 0.602929 0.0580457 0.741923
0 0.245664 0.602826 0.0560773 0.794347
0 0.464244 0.548621 0.0600543 0.858599
0 0.00469002 0.612669 0.00896138 0.718044
0 0.246346 0.59887 0.0559923 0.802261
0 0.299639 0.579691 0.0587843 0.840617
0 0.355174 0.576371 0.0572795 0.847258
0 0.408189 0.569468 0.0556969 0.856281
0 0.735938 0.513975 0.0601164 0.956526
0 0.138349 0.61929 0.0561989 0.759308
0 0.574223 0.536695 0.0549212 0.883899
0 0.681315 0.518898 0.0578911 0.919219
0 0.521192 0.542313 0.0552271 0.875513
0 0.627256 0.529081 0.0569042 0.893781
0 0.90319 0.488276 0.0632184 0.953198
0 0.962139 0.483752 0.0654357 0.967505
0 0.790138 0.503631 0.0603502 0.951905
0 0.845992 0.496001 0.0598489 0.9424
0 0.0336233 0.627716 0.0570704 0.74069
0 0.192193 0.612064 0.0578049 0.775873
0 0.463769 0.551829 0.0596036 0.864551
0 0.0850247 0.602929 0.0580457 0.741923
0 0.245664 0.602826 0.0560773 0.794347
0 0.464244 0.548621 0.0600543 0.858599
0 0.299639 0.579691 0.0587843 0.840617
0 0.355174 0.576371 0.0572795 0.847258
0 0.408189 0.569468 0.0556969 0.856281
0 0.735938 0.513975 0.0601164 0.956526
0 0.138349 0.61929 0.0561989 0.759308
0 0.574223 0.536695 0.0549212 0.883899
0 0.681315 0.518898 0.0578911 0.919219
0 0.521192 0.542313 0.0552271 0.875513
0 0.627256 0.529081 0.0569042 0.893781
0 0.90319 0.488276 0.0632184 0.953198
0 0.962139 0.483752 0.0654357 0.967505
0 0.790138 0.503631 0.0603502 0.951905
0 0.845992 0.496001 0.0598489 0.9424
0 0.0336233 0.627716 0.0570704 0.74069
0 0.192193 0.612064 0.0578049 0.775873
0 0.463769 0.551829 0.0596036 0.864551
0 0.0850247 0.602929 0.0580457 0.741923
0 0.245664 0.602826 0.0560773 0.794347
0 0.464244 0.548621 0.0600543 0.858599
