0 0.531249 0.520558 0.180067 0.818015
0 0.350913 0.551991 0.188972 0.787437
0 0.881793 0.466127 0.174631 0.768584
0 0.199603 0.552179 0.123671 0.810636
0 0.0782811 0.566008 0.131015 0.80785
0 0.709268 0.499359 0.181135 0.811053
0 0.531249 0.520558 0.180067 0.818015
0 0.350913 0.551991 0.188972 0.787437
0 0.881793 0.466127 0.174631 0.768584
0 0.199603 0.552179 0.123671 0.810636
0 0.0782811 0.566008 0.131015 0.80785
0 0.709268 0.499359 0.181135 0.811053
0 0.531249 0.520558 0.180067 0.818015
0 0.350913 0.551991 0.188972 0.787437
0 0.881793 0.466127 0.174631 0.768584
0 0.199603 0.552179 0.123671 0.810636
0 0.0782811 0.566008 0.131015 0.80785
0 0.709268 0.499359 0.181135 0.811053
0 0.350004 0.559066 0.189982 0.778987
0 0.712541 0.516506 0.180405 0.769452
0 0.530315 0.535874 0.177013 0.775556
0 0.200267 0.563539 0.124372 0.785582
0 0.883864 0.472152 0.168636 0.733768
0 0.0832407 0.565367 0.125979 0.791029
0 0.350004 0.559066 0.189982 0.778987
0 0.712541 0.516506 0.180405 0.769452
0 0.530315 0.535874 0.177013 0.775556
0 0.200267 0.563539 0.124372 0.785582
0 0.883864 0.472152 0.168636 0.733768
0 0.0832407 0.565367 0.125979 0.791029
0 0.350004 0.559066 0.189982 0.778987
0 0.712541 0.516506 0.180405 0.769452
0 0.530315 0.535874 0.177013 0.775556
0 0.200267 0.563539 0.124372 0.785582
0 0.883864 0.472152 0.168636 0.733768
0 0.0832407 0.565367 0.125979 0.791029
0 0.350004 0.559066 0.189982 0.778987
0 0.712541 0.516506 0.180405 0.769452
0 0.530315 0.535874 0.177013 0.775556
0 0.200267 0.563539 0.124372 0.785582
0 0.883864 0.472152 0.168636 0.733768
0 0.0832407 0.565367 0.125979 0.791029
