0 0.269072 0.499799 0.173774 0.888952
0 0.896071 0.513342 0.139353 0.90422
0 0.452117 0.506365 0.167125 0.899902
0 0.747816 0.516204 0.177259 0.911123
0 0.104926 0.496119 0.158921 0.923047
0 0.580413 0.516452 0.145131 0.925172
0 0.269072 0.499799 0.173774 0.888952
0 0.896071 0.513342 0.139353 0.90422
0 0.452117 0.506365 0.167125 0.899902
0 0.747816 0.516204 0.177259 0.911123
0 0.104926 0.496119 0.158921 0.923047
0 0.580413 0.516452 0.145131 0.925172
0 0.269072 0.499799 0.173774 0.888952
0 0.896071 0.513342 0.139353 0.90422
0 0.452117 0.506365 0.167125 0.899902
0 0.747816 0.516204 0.177259 0.911123
0 0.104926 0.496119 0.158921 0.923047
0 0.580413 0.516452 0.145131 0.925172
0 0.748421 0.529202 0.176778 0.925619
0 0.102813 0.497776 0.162032 0.927188
0 0.897588 0.514499 0.14511 0.905051
0 0.267417 0.504362 0.174029 0.8994
0 0.449359 0.520731 0.16209 0.917623
0 0.583404 0.528006 0.148903 0.924656
0 0.748421 0.529202 0.176778 0.925619
0 0.102813 0.497776 0.162032 0.927188
0 0.897588 0.514499 0.14511 0.905051
0 0.267417 0.504362 0.174029 0.8994
0 0.449359 0.520731 0.16209 0.917623
0 0.583404 0.528006 0.148903 0.924656
0 0.745227 0.836808 0.163961 0.282667
0 0.748421 0.529202 0.176778 0.925619
0 0.102813 0.497776 0.162032 0.927188
0 0.897588 0.514499 0.14511 0.905051
0 0.267417 0.504362 0.174029 0.8994
0 0.449359 0.520731 0.16209 0.917623
0 0.583404 0.528006 0.148903 0.924656
0 0.748421 0.529202 0.176778 0.925619
0 0.102813 0.497776 0.162032 0.927188
0 0.897588 0.514499 0.14511 0.905051
0 0.267417 0.504362 0.174029 0.8994
0 0.449359 0.520731 0.16209 0.917623
0 0.583404 0.528006 0.148903 0.924656
