0 0.0715174 0.589309 0.141578 0.79049
0 0.790775 0.662646 0.12862 0.661351
0 0.906612 0.638239 0.131681 0.683797
0 0.676236 0.655863 0.127174 0.662389
0 0.555546 0.606857 0.139202 0.770533
0 0.433735 0.593176 0.134138 0.793503
0 0.675904 0.657245 0.127928 0.657578
0 0.983817 0.626677 0.0323667 0.741117
0 0.0715174 0.589309 0.141578 0.79049
0 0.790775 0.662646 0.12862 0.661351
0 0.906612 0.638239 0.131681 0.683797
0 0.676236 0.655863 0.127174 0.662389
0 0.555546 0.606857 0.139202 0.770533
0 0.433735 0.593176 0.134138 0.793503
0 0.675904 0.657245 0.127928 0.657578
0 0.983817 0.626677 0.0323667 0.741117
0 0.0715174 0.589309 0.141578 0.79049
0 0.790775 0.662646 0.12862 0.661351
0 0.906612 0.638239 0.131681 0.683797
0 0.676236 0.655863 0.127174 0.662389
0 0.555546 0.606857 0.139202 0.770533
0 0.433735 0.593176 0.134138 0.793503
0 0.675904 0.657245 0.127928 0.657578
0 0.983817 0.626677 0.0323667 0.741117
0 0.075045 0.588955 0.148143 0.800641
0 0.907907 0.650376 0.141749 0.662811
0 0.559053 0.605367 0.152244 0.78336
0 0.315339 0.60299 0.153484 0.775764
0 0.790969 0.66523 0.138502 0.651433
0 0.675397 0.660219 0.138678 0.662937
0 0.435436 0.59638 0.149288 0.793848
0 0.194929 0.596473 0.149759 0.79216
0 0.584109 0.0879447 0.253592 0.175889
0 0.075045 0.588955 0.148143 0.800641
0 0.907907 0.650376 0.141749 0.662811
0 0.559053 0.605367 0.152244 0.78336
0 0.315339 0.60299 0.153484 0.775764
0 0.790969 0.66523 0.138502 0.651433
0 0.675397 0.660219 0.138678 0.662937
0 0.435436 0.59638 0.149288 0.793848
0 0.194929 0.596473 0.149759 0.79216
0 0.584109 0.0879447 0.253592 0.175889
0 0.0152956 0.585252 0.0304875 0.737522
0 0.58327 0.0851022 0.255648 0.170204
0 0.986165 0.649129 0.02767 0.693333
0 0.829133 0.183071 0.21933 0.366142
0 0.828716 0.184201 0.224496 0.368402
0 0.0127628 0.592589 0.0254454 0.724923
0 0.075045 0.588955 0.148143 0.800641
0 0.907907 0.650376 0.141749 0.662811
0 0.559053 0.605367 0.152244 0.78336
0 0.315339 0.60299 0.153484 0.775764
0 0.790969 0.66523 0.138502 0.651433
0 0.675397 0.660219 0.138678 0.662937
0 0.435436 0.59638 0.149288 0.793848
0 0.194929 0.596473 0.149759 0.79216
0 0.584109 0.0879447 0.253592 0.175889
0 0.075045 0.588955 0.148143 0.800641
0 0.907907 0.650376 0.141749 0.662811
0 0.559053 0.605367 0.152244 0.78336
0 0.315339 0.60299 0.153484 0.775764
0 0.790969 0.66523 0.138502 0.651433
0 0.675397 0.660219 0.138678 0.662937
0 0.435436 0.59638 0.149288 0.793848
0 0.194929 0.596473 0.149759 0.79216
0 0.584109 0.0879447 0.253592 0.175889
