0 0.305923 0.572199 0.118685 0.806678
0 0.197608 0.578166 0.119775 0.808825
0 0.883239 0.523997 0.182834 0.839501
0 0.628702 0.562685 0.10594 0.790434
0 0.735461 0.558422 0.112431 0.78364
0 0.52311 0.5662 0.108558 0.801225
0 0.415456 0.570372 0.115505 0.803064
0 0.0787981 0.582452 0.127384 0.810867
0 0.305923 0.572199 0.118685 0.806678
0 0.197608 0.578166 0.119775 0.808825
0 0.883239 0.523997 0.182834 0.839501
0 0.628702 0.562685 0.10594 0.790434
0 0.735461 0.558422 0.112431 0.78364
0 0.52311 0.5662 0.108558 0.801225
0 0.415456 0.570372 0.115505 0.803064
0 0.0787981 0.582452 0.127384 0.810867
0 0.305923 0.572199 0.118685 0.806678
0 0.197608 0.578166 0.119775 0.808825
0 0.883239 0.523997 0.182834 0.839501
0 0.628702 0.562685 0.10594 0.790434
0 0.735461 0.558422 0.112431 0.78364
0 0.52311 0.5662 0.108558 0.801225
0 0.415456 0.570372 0.115505 0.803064
0 0.0787981 0.582452 0.127384 0.810867
0 0.19835 0.580894 0.117706 0.793328
0 0.307583 0.577276 0.115687 0.784526
0 0.738615 0.569651 0.114284 0.778414
0 0.52278 0.577675 0.107006 0.786454
0 0.62968 0.574815 0.107656 0.781345
0 0.0830492 0.583123 0.122742 0.807965
0 0.885471 0.544085 0.175542 0.804129
0 0.414287 0.577191 0.112858 0.781815
0 0.414003 0.578266 0.119271 0.779634
0 0.19835 0.580894 0.117706 0.793328
0 0.307583 0.577276 0.115687 0.784526
0 0.738615 0.569651 0.114284 0.778414
0 0.52278 0.577675 0.107006 0.786454
0 0.62968 0.574815 0.107656 0.781345
0 0.0830492 0.583123 0.122742 0.807965
0 0.885471 0.544085 0.175542 0.804129
0 0.414287 0.577191 0.112858 0.781815
0 0.414003 0.578266 0.119271 0.779634
0 0.306732 0.57452 0.115477 0.792725
0 0.19835 0.580894 0.117706 0.793328
0 0.307583 0.577276 0.115687 0.784526
0 0.738615 0.569651 0.114284 0.778414
0 0.52278 0.577675 0.107006 0.786454
0 0.62968 0.574815 0.107656 0.781345
0 0.0830492 0.583123 0.122742 0.807965
0 0.885471 0.544085 0.175542 0.804129
0 0.414287 0.577191 0.112858 0.781815
0 0.414003 0.578266 0.119271 0.779634
0 0.19835 0.580894 0.117706 0.793328
0 0.307583 0.577276 0.115687 0.784526
0 0.738615 0.569651 0.114284 0.778414
0 0.52278 0.577675 0.107006 0.786454
0 0.62968 0.574815 0.107656 0.781345
0 0.0830492 0.583123 0.122742 0.807965
0 0.885471 0.544085 0.175542 0.804129
0 0.414287 0.577191 0.112858 0.781815
0 0.414003 0.578266 0.119271 0.779634
