0 0.763984 0.501596 0.250826 0.604288
0 0.294456 0.355108 0.239302 0.62851
0 0.944123 0.581097 0.10847 0.700232
0 0.763984 0.501596 0.250826 0.604288
0 0.294456 0.355108 0.239302 0.62851
0 0.944123 0.581097 0.10847 0.700232
0 0.763984 0.501596 0.250826 0.604288
0 0.294456 0.355108 0.239302 0.62851
0 0.944123 0.581097 0.10847 0.700232
0 0.298685 0.348153 0.246754 0.672055
0 0.764805 0.511887 0.252827 0.589545
0 0.764052 0.516783 0.248818 0.599859
0 0.297965 0.346001 0.249401 0.677558
0 0.298685 0.348153 0.246754 0.672055
0 0.764805 0.511887 0.252827 0.589545
0 0.764052 0.516783 0.248818 0.599859
0 0.297965 0.346001 0.249401 0.677558
0 0.945992 0.566042 0.106443 0.706097
0 0.298685 0.348153 0.246754 0.672055
0 0.764805 0.511887 0.252827 0.589545
0 0.764052 0.516783 0.248818 0.599859
0 0.297965 0.346001 0.249401 0.677558
0 0.298685 0.348153 0.246754 0.672055
0 0.764805 0.511887 0.252827 0.589545
0 0.764052 0.516783 0.248818 0.599859
0 0.297965 0.346001 0.249401 0.677558
