0 0.176474 0.628931 0.352948 0.719017
0 0.176474 0.628931 0.352948 0.719017
0 0.176474 0.628931 0.352948 0.719017
0 0.568351 0.514379 0.813355 0.824827
0 0.774177 0.677219 0.441834 0.604465
0 0.166282 0.579971 0.328835 0.799276
0 0.568351 0.514379 0.813355 0.824827
0 0.774177 0.677219 0.441834 0.604465
0 0.166282 0.579971 0.328835 0.799276
0 0.444553 0.705819 0.38516 0.52455
0 0.680401 0.90753 0.632439 0.184939
0 0.0337043 0.74616 0.067272 0.429333
0 0.959321 0.604948 0.0812758 0.412666
0 0.15686 0.508457 0.311654 0.800873
0 0.159219 0.483372 0.317674 0.762085
0 0.568351 0.514379 0.813355 0.824827
0 0.774177 0.677219 0.441834 0.604465
0 0.166282 0.579971 0.328835 0.799276
