0 0.367649 0.521864 0.256529 0.861151
0 0.58725 0.522274 0.263297 0.865405
0 0.813374 0.517249 0.26646 0.866491
0 0.139795 0.52132 0.277191 0.899764
0 0.367649 0.521864 0.256529 0.861151
0 0.58725 0.522274 0.263297 0.865405
0 0.813374 0.517249 0.26646 0.866491
0 0.139795 0.52132 0.277191 0.899764
0 0.367649 0.521864 0.256529 0.861151
0 0.58725 0.522274 0.263297 0.865405
0 0.813374 0.517249 0.26646 0.866491
0 0.139795 0.52132 0.277191 0.899764
0 0.138032 0.523185 0.25623 0.867721
0 0.808611 0.518156 0.249468 0.863398
0 0.584929 0.522032 0.245298 0.851507
0 0.367552 0.518002 0.235073 0.850907
0 0.953296 0.55394 0.093409 0.810935
0 0.138032 0.523185 0.25623 0.867721
0 0.808611 0.518156 0.249468 0.863398
0 0.584929 0.522032 0.245298 0.851507
0 0.367552 0.518002 0.235073 0.850907
0 0.953296 0.55394 0.093409 0.810935
0 0.138032 0.523185 0.25623 0.867721
0 0.808611 0.518156 0.249468 0.863398
0 0.584929 0.522032 0.245298 0.851507
0 0.367552 0.518002 0.235073 0.850907
0 0.953296 0.55394 0.093409 0.810935
