0 0.237685 0.607344 0.127291 0.680283
0 0.484997 0.6096 0.122858 0.691934
0 0.607874 0.595164 0.119187 0.694029
0 0.361624 0.609563 0.123137 0.684807
0 0.842719 0.504252 0.0695499 0.829595
0 0.778568 0.506445 0.0706307 0.834703
0 0.707525 0.513175 0.0804012 0.833653
0 0.911693 0.499603 0.0771472 0.809411
0 0.0245943 0.634467 0.0488719 0.676247
0 0.140216 0.623498 0.0687833 0.657276
0 0.97296 0.473375 0.0540809 0.885095
0 0.0762673 0.625116 0.0627675 0.658058
0 0.237685 0.607344 0.127291 0.680283
0 0.484997 0.6096 0.122858 0.691934
0 0.607874 0.595164 0.119187 0.694029
0 0.361624 0.609563 0.123137 0.684807
0 0.842719 0.504252 0.0695499 0.829595
0 0.778568 0.506445 0.0706307 0.834703
0 0.707525 0.513175 0.0804012 0.833653
0 0.911693 0.499603 0.0771472 0.809411
0 0.0245943 0.634467 0.0488719 0.676247
0 0.140216 0.623498 0.0687833 0.657276
0 0.97296 0.473375 0.0540809 0.885095
0 0.0762673 0.625116 0.0627675 0.658058
0 0.237685 0.607344 0.127291 0.680283
0 0.484997 0.6096 0.122858 0.691934
0 0.607874 0.595164 0.119187 0.694029
0 0.361624 0.609563 0.123137 0.684807
0 0.842719 0.504252 0.0695499 0.829595
0 0.778568 0.506445 0.0706307 0.834703
0 0.707525 0.513175 0.0804012 0.833653
0 0.911693 0.499603 0.0771472 0.809411
0 0.0245943 0.634467 0.0488719 0.676247
0 0.140216 0.623498 0.0687833 0.657276
0 0.97296 0.473375 0.0540809 0.885095
0 0.0762673 0.625116 0.0627675 0.658058
0 0.843615 0.502579 0.0678905 0.840193
0 0.609211 0.595084 0.118171 0.691169
0 0.361258 0.610469 0.12162 0.685051
0 0.236948 0.60501 0.126207 0.680689
0 0.779991 0.505804 0.0675884 0.840049
0 0.710886 0.513488 0.0779761 0.837697
0 0.0248415 0.632506 0.0491278 0.675443
0 0.90875 0.493359 0.0696979 0.825039
0 0.971859 0.4638 0.056282 0.870462
0 0.0784355 0.623137 0.0602088 0.660471
0 0.138682 0.620669 0.0608841 0.655813
0 0.485131 0.614577 0.121494 0.695468
0 0.843615 0.502579 0.0678905 0.840193
0 0.609211 0.595084 0.118171 0.691169
0 0.361258 0.610469 0.12162 0.685051
0 0.236948 0.60501 0.126207 0.680689
0 0.779991 0.505804 0.0675884 0.840049
0 0.710886 0.513488 0.0779761 0.837697
0 0.0248415 0.632506 0.0491278 0.675443
0 0.90875 0.493359 0.0696979 0.825039
0 0.971859 0.4638 0.056282 0.870462
0 0.0784355 0.623137 0.0602088 0.660471
0 0.138682 0.620669 0.0608841 0.655813
0 0.485131 0.614577 0.121494 0.695468
