0 0.155974 0.734911 0.0780361 0.512553
0 0.323809 0.825704 0.0921276 0.314476
0 0.661183 0.666114 0.146814 0.612435
0 0.655752 0.665428 0.13303 0.620773
0 0.908747 0.651344 0.17764 0.634471
0 0.0748526 0.725524 0.0849208 0.542576
0 0.541685 0.663423 0.108795 0.625017
0 0.501239 0.660466 0.193559 0.627772
0 0.233618 0.73735 0.0914402 0.507483
0 0.74144 0.678093 0.0623928 0.56732
0 0.233786 0.735406 0.0903018 0.509467
0 0.445371 0.661458 0.0952004 0.635129
0 0.796078 0.67365 0.0631108 0.594296
0 0.541203 0.663329 0.11219 0.623814
0 0.0742083 0.724491 0.0841518 0.534995
0 0.0207359 0.63365 0.0414718 0.732699
0 0.155974 0.734911 0.0780361 0.512553
0 0.323809 0.825704 0.0921276 0.314476
0 0.661183 0.666114 0.146814 0.612435
0 0.655752 0.665428 0.13303 0.620773
0 0.908747 0.651344 0.17764 0.634471
0 0.0748526 0.725524 0.0849208 0.542576
0 0.541685 0.663423 0.108795 0.625017
0 0.501239 0.660466 0.193559 0.627772
0 0.233618 0.73735 0.0914402 0.507483
0 0.74144 0.678093 0.0623928 0.56732
0 0.233786 0.735406 0.0903018 0.509467
0 0.445371 0.661458 0.0952004 0.635129
0 0.796078 0.67365 0.0631108 0.594296
0 0.541203 0.663329 0.11219 0.623814
0 0.0742083 0.724491 0.0841518 0.534995
0 0.0207359 0.63365 0.0414718 0.732699
0 0.155974 0.734911 0.0780361 0.512553
0 0.323809 0.825704 0.0921276 0.314476
0 0.661183 0.666114 0.146814 0.612435
0 0.655752 0.665428 0.13303 0.620773
0 0.908747 0.651344 0.17764 0.634471
0 0.0748526 0.725524 0.0849208 0.542576
0 0.541685 0.663423 0.108795 0.625017
0 0.501239 0.660466 0.193559 0.627772
0 0.233618 0.73735 0.0914402 0.507483
0 0.74144 0.678093 0.0623928 0.56732
0 0.233786 0.735406 0.0903018 0.509467
0 0.445371 0.661458 0.0952004 0.635129
0 0.796078 0.67365 0.0631108 0.594296
0 0.541203 0.663329 0.11219 0.623814
0 0.0742083 0.724491 0.0841518 0.534995
0 0.0207359 0.63365 0.0414718 0.732699
0 0.499514 0.66598 0.192286 0.630717
0 0.677438 0.67345 0.177102 0.596676
0 0.910984 0.668317 0.177243 0.588054
0 0.155048 0.734673 0.0776244 0.505465
0 0.233426 0.73701 0.0893393 0.494548
0 0.0749584 0.731052 0.0832056 0.527731
0 0.0211383 0.635266 0.0422766 0.703476
0 0.324779 0.828948 0.0960756 0.312145
0 0.337757 0.681192 0.136363 0.628057
0 0.499514 0.66598 0.192286 0.630717
0 0.677438 0.67345 0.177102 0.596676
0 0.910984 0.668317 0.177243 0.588054
0 0.155048 0.734673 0.0776244 0.505465
0 0.233426 0.73701 0.0893393 0.494548
0 0.0749584 0.731052 0.0832056 0.527731
0 0.0211383 0.635266 0.0422766 0.703476
0 0.324779 0.828948 0.0960756 0.312145
0 0.337757 0.681192 0.136363 0.628057
0 0.340352 0.665996 0.129236 0.648701
0 0.499514 0.66598 0.192286 0.630717
0 0.677438 0.67345 0.177102 0.596676
0 0.910984 0.668317 0.177243 0.588054
0 0.155048 0.734673 0.0776244 0.505465
0 0.233426 0.73701 0.0893393 0.494548
0 0.0749584 0.731052 0.0832056 0.527731
0 0.0211383 0.635266 0.0422766 0.703476
0 0.324779 0.828948 0.0960756 0.312145
0 0.337757 0.681192 0.136363 0.628057
