0 0.4995 0.594123 0.334642 0.632913
0 0.818983 0.575786 0.27117 0.669437
0 0.102957 0.564121 0.205914 0.703902
0 0.4995 0.594123 0.334642 0.632913
0 0.818983 0.575786 0.27117 0.669437
0 0.102957 0.564121 0.205914 0.703902
0 0.4995 0.594123 0.334642 0.632913
0 0.818983 0.575786 0.27117 0.669437
0 0.102957 0.564121 0.205914 0.703902
0 0.50237 0.597547 0.326803 0.645271
0 0.106605 0.574709 0.212088 0.803755
0 0.812235 0.580108 0.259771 0.695288
0 0.50237 0.597547 0.326803 0.645271
0 0.106605 0.574709 0.212088 0.803755
0 0.812235 0.580108 0.259771 0.695288
0 0.50237 0.597547 0.326803 0.645271
0 0.106605 0.574709 0.212088 0.803755
0 0.812235 0.580108 0.259771 0.695288
0 0.50237 0.597547 0.326803 0.645271
0 0.106605 0.574709 0.212088 0.803755
0 0.812235 0.580108 0.259771 0.695288
