0 0.0983262 0.442706 0.196652 0.756784
0 0.484596 0.51702 0.182494 0.865157
0 0.645222 0.499568 0.19748 0.931642
0 0.915008 0.494132 0.165513 0.894353
0 0.315374 0.540398 0.18772 0.888604
0 0.0983262 0.442706 0.196652 0.756784
0 0.484596 0.51702 0.182494 0.865157
0 0.645222 0.499568 0.19748 0.931642
0 0.915008 0.494132 0.165513 0.894353
0 0.315374 0.540398 0.18772 0.888604
0 0.0983262 0.442706 0.196652 0.756784
0 0.484596 0.51702 0.182494 0.865157
0 0.645222 0.499568 0.19748 0.931642
0 0.915008 0.494132 0.165513 0.894353
0 0.315374 0.540398 0.18772 0.888604
0 0.488056 0.508806 0.176714 0.952205
0 0.0974114 0.434569 0.188597 0.816207
0 0.656252 0.501336 0.178286 0.923967
0 0.916942 0.497347 0.16291 0.91642
0 0.312091 0.513898 0.195022 0.959639
0 0.779411 0.476445 0.117351 0.877112
0 0.488056 0.508806 0.176714 0.952205
0 0.0974114 0.434569 0.188597 0.816207
0 0.656252 0.501336 0.178286 0.923967
0 0.916942 0.497347 0.16291 0.91642
0 0.312091 0.513898 0.195022 0.959639
0 0.779411 0.476445 0.117351 0.877112
0 0.780777 0.482462 0.116732 0.882662
0 0.488056 0.508806 0.176714 0.952205
0 0.0974114 0.434569 0.188597 0.816207
0 0.656252 0.501336 0.178286 0.923967
0 0.916942 0.497347 0.16291 0.91642
0 0.312091 0.513898 0.195022 0.959639
0 0.779411 0.476445 0.117351 0.877112
