0 0.223575 0.44837 0.413722 0.521542
0 0.672876 0.604649 0.459978 0.559517
0 0.898388 0.763824 0.19589 0.464819
0 0.223575 0.44837 0.413722 0.521542
0 0.672876 0.604649 0.459978 0.559517
0 0.898388 0.763824 0.19589 0.464819
0 0.223575 0.44837 0.413722 0.521542
0 0.672876 0.604649 0.459978 0.559517
0 0.898388 0.763824 0.19589 0.464819
0 0.899454 0.760797 0.195092 0.446588
0 0.236292 0.493788 0.404324 0.457345
0 0.899454 0.760797 0.195092 0.446588
0 0.236292 0.493788 0.404324 0.457345
0 0.650433 0.640214 0.417447 0.514974
0 0.0146789 0.69618 0.0293578 0.607641
0 0.899454 0.760797 0.195092 0.446588
0 0.236292 0.493788 0.404324 0.457345
0 0.899454 0.760797 0.195092 0.446588
0 0.236292 0.493788 0.404324 0.457345
