0 0.306677 0.429352 0.243708 0.500545
0 0.702123 0.442775 0.228462 0.505004
0 0.51256 0.430957 0.188182 0.526235
0 0.101565 0.333252 0.191585 0.417364
0 0.306677 0.429352 0.243708 0.500545
0 0.702123 0.442775 0.228462 0.505004
0 0.51256 0.430957 0.188182 0.526235
0 0.101565 0.333252 0.191585 0.417364
0 0.306677 0.429352 0.243708 0.500545
0 0.702123 0.442775 0.228462 0.505004
0 0.51256 0.430957 0.188182 0.526235
0 0.101565 0.333252 0.191585 0.417364
0 0.51204 0.440125 0.176408 0.509984
0 0.30479 0.432795 0.241834 0.515487
0 0.704229 0.459441 0.221678 0.52627
0 0.0958135 0.395691 0.182699 0.48459
0 0.977371 0.527538 0.0452574 0.577762
0 0.51204 0.440125 0.176408 0.509984
0 0.30479 0.432795 0.241834 0.515487
0 0.704229 0.459441 0.221678 0.52627
0 0.0958135 0.395691 0.182699 0.48459
0 0.977371 0.527538 0.0452574 0.577762
0 0.51204 0.440125 0.176408 0.509984
0 0.30479 0.432795 0.241834 0.515487
0 0.704229 0.459441 0.221678 0.52627
0 0.0958135 0.395691 0.182699 0.48459
0 0.977371 0.527538 0.0452574 0.577762
