0 0.291267 0.510131 0.205401 0.832811
0 0.892353 0.512552 0.202549 0.859232
0 0.440492 0.328009 0.0975525 0.450257
0 0.0949027 0.534396 0.189805 0.805472
0 0.745416 0.704916 0.0783415 0.280798
0 0.639806 0.327524 0.0891387 0.426549
0 0.724985 0.337022 0.0896861 0.409723
0 0.491363 0.521758 0.210084 0.857959
0 0.291267 0.510131 0.205401 0.832811
0 0.892353 0.512552 0.202549 0.859232
0 0.440492 0.328009 0.0975525 0.450257
0 0.0949027 0.534396 0.189805 0.805472
0 0.745416 0.704916 0.0783415 0.280798
0 0.639806 0.327524 0.0891387 0.426549
0 0.724985 0.337022 0.0896861 0.409723
0 0.491363 0.521758 0.210084 0.857959
0 0.291267 0.510131 0.205401 0.832811
0 0.892353 0.512552 0.202549 0.859232
0 0.440492 0.328009 0.0975525 0.450257
0 0.0949027 0.534396 0.189805 0.805472
0 0.745416 0.704916 0.0783415 0.280798
0 0.639806 0.327524 0.0891387 0.426549
0 0.724985 0.337022 0.0896861 0.409723
0 0.491363 0.521758 0.210084 0.857959
0 0.0922472 0.351391 0.180428 0.446098
0 0.291405 0.527586 0.202504 0.862218
0 0.494618 0.753253 0.198635 0.405168
0 0.095189 0.749809 0.185516 0.398978
0 0.640027 0.325868 0.0905484 0.437763
0 0.734267 0.332978 0.108681 0.429687
0 0.491168 0.325215 0.202277 0.468433
0 0.894406 0.331277 0.194854 0.466124
0 0.692684 0.690485 0.197592 0.29739
0 0.889836 0.733081 0.191612 0.386394
0 0.893209 0.527626 0.208268 0.840201
0 0.49292 0.543159 0.208454 0.879431
0 0.691147 0.499923 0.200598 0.813237
0 0.0922472 0.351391 0.180428 0.446098
0 0.291405 0.527586 0.202504 0.862218
0 0.494618 0.753253 0.198635 0.405168
0 0.095189 0.749809 0.185516 0.398978
0 0.640027 0.325868 0.0905484 0.437763
0 0.734267 0.332978 0.108681 0.429687
0 0.491168 0.325215 0.202277 0.468433
0 0.894406 0.331277 0.194854 0.466124
0 0.692684 0.690485 0.197592 0.29739
0 0.889836 0.733081 0.191612 0.386394
0 0.893209 0.527626 0.208268 0.840201
0 0.49292 0.543159 0.208454 0.879431
0 0.691147 0.499923 0.200598 0.813237
0 0.893599 0.513671 0.20593 0.840356
0 0.0922472 0.351391 0.180428 0.446098
0 0.291405 0.527586 0.202504 0.862218
0 0.494618 0.753253 0.198635 0.405168
0 0.095189 0.749809 0.185516 0.398978
0 0.640027 0.325868 0.0905484 0.437763
0 0.734267 0.332978 0.108681 0.429687
0 0.491168 0.325215 0.202277 0.468433
0 0.894406 0.331277 0.194854 0.466124
0 0.692684 0.690485 0.197592 0.29739
0 0.889836 0.733081 0.191612 0.386394
0 0.893209 0.527626 0.208268 0.840201
0 0.49292 0.543159 0.208454 0.879431
0 0.691147 0.499923 0.200598 0.813237
