0 0.422461 0.579283 0.275582 0.623471
0 0.644177 0.510802 0.143018 0.656061
0 0.422461 0.579283 0.275582 0.623471
0 0.644177 0.510802 0.143018 0.656061
0 0.422461 0.579283 0.275582 0.623471
0 0.644177 0.510802 0.143018 0.656061
0 0.750548 0.464765 0.310052 0.703574
0 0.307355 0.607027 0.51317 0.713075
0 0.750548 0.464765 0.310052 0.703574
0 0.307355 0.607027 0.51317 0.713075
0 0.750548 0.464765 0.310052 0.703574
0 0.307355 0.607027 0.51317 0.713075
0 0.750548 0.464765 0.310052 0.703574
0 0.307355 0.607027 0.51317 0.713075
