0 0.464491 0.403736 0.0873097 0.316297
0 0.781324 0.367477 0.0934697 0.318618
0 0.951769 0.763014 0.0910342 0.473972
0 0.464491 0.403736 0.0873097 0.316297
0 0.781324 0.367477 0.0934697 0.318618
0 0.951769 0.763014 0.0910342 0.473972
0 0.464491 0.403736 0.0873097 0.316297
0 0.781324 0.367477 0.0934697 0.318618
0 0.951769 0.763014 0.0910342 0.473972
0 0.755736 0.289003 0.326422 0.534071
0 0.427369 0.306725 0.330828 0.569049
0 0.466066 0.412732 0.092549 0.316227
0 0.952887 0.274574 0.0941683 0.52236
0 0.755736 0.289003 0.326422 0.534071
0 0.427369 0.306725 0.330828 0.569049
0 0.466066 0.412732 0.092549 0.316227
0 0.952887 0.274574 0.0941683 0.52236
0 0.144336 0.514146 0.285672 0.923217
0 0.755736 0.289003 0.326422 0.534071
0 0.427369 0.306725 0.330828 0.569049
0 0.466066 0.412732 0.092549 0.316227
0 0.952887 0.274574 0.0941683 0.52236
