0 0.440119 0.467019 0.197538 0.807617
0 0.116074 0.50499 0.198416 0.84603
0 0.290287 0.331665 0.116759 0.476249
0 0.273714 0.50052 0.147101 0.823358
0 0.440119 0.467019 0.197538 0.807617
0 0.116074 0.50499 0.198416 0.84603
0 0.290287 0.331665 0.116759 0.476249
0 0.273714 0.50052 0.147101 0.823358
0 0.440119 0.467019 0.197538 0.807617
0 0.116074 0.50499 0.198416 0.84603
0 0.290287 0.331665 0.116759 0.476249
0 0.273714 0.50052 0.147101 0.823358
0 0.111645 0.509886 0.204602 0.828268
0 0.448484 0.447887 0.221494 0.821397
0 0.111645 0.509886 0.204602 0.828268
0 0.448484 0.447887 0.221494 0.821397
0 0.81572 0.41775 0.26217 0.810206
0 0.869493 0.392652 0.152772 0.785305
0 0.624907 0.469813 0.154734 0.793429
0 0.816422 0.394889 0.271467 0.789778
0 0.818173 0.402645 0.268245 0.79633
0 0.111645 0.509886 0.204602 0.828268
0 0.448484 0.447887 0.221494 0.821397
0 0.111645 0.509886 0.204602 0.828268
0 0.448484 0.447887 0.221494 0.821397
