0 0.811512 0.519166 0.170981 0.961668
0 0.474885 0.530385 0.130507 0.939229
0 0.631508 0.517779 0.200451 0.964443
0 0.321587 0.533971 0.193986 0.932057
0 0.145131 0.659515 0.160506 0.680969
0 0.811512 0.519166 0.170981 0.961668
0 0.474885 0.530385 0.130507 0.939229
0 0.631508 0.517779 0.200451 0.964443
0 0.321587 0.533971 0.193986 0.932057
0 0.145131 0.659515 0.160506 0.680969
0 0.811512 0.519166 0.170981 0.961668
0 0.474885 0.530385 0.130507 0.939229
0 0.631508 0.517779 0.200451 0.964443
0 0.321587 0.533971 0.193986 0.932057
0 0.145131 0.659515 0.160506 0.680969
0 0.80687 0.292727 0.131099 0.423546
0 0.634032 0.532386 0.202923 0.922815
0 0.906459 0.291326 0.0912948 0.450684
0 0.1402 0.665428 0.176101 0.669144
0 0.606661 0.283282 0.135069 0.431231
0 0.844441 0.748772 0.220619 0.476129
0 0.47884 0.549215 0.136019 0.887062
0 0.326894 0.603414 0.201541 0.792616
0 0.286339 0.591358 0.122951 0.569057
0 0.845198 0.526958 0.237246 0.905336
0 0.477878 0.32174 0.122246 0.434239
0 0.80687 0.292727 0.131099 0.423546
0 0.634032 0.532386 0.202923 0.922815
0 0.906459 0.291326 0.0912948 0.450684
0 0.1402 0.665428 0.176101 0.669144
0 0.606661 0.283282 0.135069 0.431231
0 0.844441 0.748772 0.220619 0.476129
0 0.47884 0.549215 0.136019 0.887062
0 0.326894 0.603414 0.201541 0.792616
0 0.286339 0.591358 0.122951 0.569057
0 0.845198 0.526958 0.237246 0.905336
0 0.477878 0.32174 0.122246 0.434239
0 0.481558 0.748659 0.113992 0.468814
0 0.0308654 0.692441 0.0573861 0.615118
0 0.91447 0.736597 0.0869822 0.444911
0 0.80687 0.292727 0.131099 0.423546
0 0.634032 0.532386 0.202923 0.922815
0 0.906459 0.291326 0.0912948 0.450684
0 0.1402 0.665428 0.176101 0.669144
0 0.606661 0.283282 0.135069 0.431231
0 0.844441 0.748772 0.220619 0.476129
0 0.47884 0.549215 0.136019 0.887062
0 0.326894 0.603414 0.201541 0.792616
0 0.286339 0.591358 0.122951 0.569057
0 0.845198 0.526958 0.237246 0.905336
0 0.477878 0.32174 0.122246 0.434239
0 0.80687 0.292727 0.131099 0.423546
0 0.634032 0.532386 0.202923 0.922815
0 0.906459 0.291326 0.0912948 0.450684
0 0.1402 0.665428 0.176101 0.669144
0 0.606661 0.283282 0.135069 0.431231
0 0.844441 0.748772 0.220619 0.476129
0 0.47884 0.549215 0.136019 0.887062
0 0.326894 0.603414 0.201541 0.792616
0 0.286339 0.591358 0.122951 0.569057
0 0.845198 0.526958 0.237246 0.905336
0 0.477878 0.32174 0.122246 0.434239
