0 0.470033 0.497979 0.301529 0.715136
0 0.153195 0.568012 0.306391 0.765942
0 0.543108 0.913084 0.113718 0.173832
0 0.470033 0.497979 0.301529 0.715136
0 0.153195 0.568012 0.306391 0.765942
0 0.543108 0.913084 0.113718 0.173832
0 0.470033 0.497979 0.301529 0.715136
0 0.153195 0.568012 0.306391 0.765942
0 0.543108 0.913084 0.113718 0.173832
0 0.159756 0.58404 0.316115 0.77658
0 0.475343 0.501455 0.310221 0.726279
0 0.812664 0.873947 0.109149 0.248541
0 0.159756 0.58404 0.316115 0.77658
0 0.475343 0.501455 0.310221 0.726279
0 0.812664 0.873947 0.109149 0.248541
0 0.159756 0.58404 0.316115 0.77658
0 0.475343 0.501455 0.310221 0.726279
0 0.812664 0.873947 0.109149 0.248541
0 0.159756 0.58404 0.316115 0.77658
0 0.475343 0.501455 0.310221 0.726279
0 0.812664 0.873947 0.109149 0.248541
