0 0.853511 0.788688 0.245423 0.413504
0 0.206085 0.173397 0.227387 0.343051
0 0.499781 0.782527 0.438293 0.422782
0 0.247713 0.456427 0.137357 0.261507
0 0.160768 0.790691 0.31661 0.411826
0 0.363175 0.444254 0.111943 0.262157
0 0.474847 0.435261 0.130412 0.280181
0 0.160211 0.792581 0.311706 0.409952
0 0.853511 0.788688 0.245423 0.413504
0 0.206085 0.173397 0.227387 0.343051
0 0.499781 0.782527 0.438293 0.422782
0 0.247713 0.456427 0.137357 0.261507
0 0.160768 0.790691 0.31661 0.411826
0 0.363175 0.444254 0.111943 0.262157
0 0.474847 0.435261 0.130412 0.280181
0 0.160211 0.792581 0.311706 0.409952
0 0.853511 0.788688 0.245423 0.413504
0 0.206085 0.173397 0.227387 0.343051
0 0.499781 0.782527 0.438293 0.422782
0 0.247713 0.456427 0.137357 0.261507
0 0.160768 0.790691 0.31661 0.411826
0 0.363175 0.444254 0.111943 0.262157
0 0.474847 0.435261 0.130412 0.280181
0 0.160211 0.792581 0.311706 0.409952
0 0.471982 0.589157 0.13375 0.567495
0 0.866771 0.511432 0.262503 0.946185
0 0.594099 0.620348 0.143818 0.637777
0 0.0752407 0.598158 0.110804 0.509765
0 0.164368 0.600462 0.108057 0.522288
0 0.363006 0.593485 0.118383 0.553725
0 0.209562 0.171553 0.19627 0.343106
0 0.364812 0.593641 0.122888 0.55517
0 0.0175553 0.592249 0.0351106 0.469001
0 0.263142 0.62042 0.120106 0.564105
0 0.259257 0.619137 0.131045 0.563515
0 0.471982 0.589157 0.13375 0.567495
0 0.866771 0.511432 0.262503 0.946185
0 0.594099 0.620348 0.143818 0.637777
0 0.0752407 0.598158 0.110804 0.509765
0 0.164368 0.600462 0.108057 0.522288
0 0.363006 0.593485 0.118383 0.553725
0 0.209562 0.171553 0.19627 0.343106
0 0.364812 0.593641 0.122888 0.55517
0 0.0175553 0.592249 0.0351106 0.469001
0 0.263142 0.62042 0.120106 0.564105
0 0.259257 0.619137 0.131045 0.563515
0 0.264263 0.741762 0.112277 0.312045
0 0.164815 0.171152 0.106927 0.341678
0 0.385557 0.162326 0.145738 0.320607
0 0.471982 0.589157 0.13375 0.567495
0 0.866771 0.511432 0.262503 0.946185
0 0.594099 0.620348 0.143818 0.637777
0 0.0752407 0.598158 0.110804 0.509765
0 0.164368 0.600462 0.108057 0.522288
0 0.363006 0.593485 0.118383 0.553725
0 0.209562 0.171553 0.19627 0.343106
0 0.364812 0.593641 0.122888 0.55517
0 0.0175553 0.592249 0.0351106 0.469001
0 0.263142 0.62042 0.120106 0.564105
0 0.259257 0.619137 0.131045 0.563515
0 0.471982 0.589157 0.13375 0.567495
0 0.866771 0.511432 0.262503 0.946185
0 0.594099 0.620348 0.143818 0.637777
0 0.0752407 0.598158 0.110804 0.509765
0 0.164368 0.600462 0.108057 0.522288
0 0.363006 0.593485 0.118383 0.553725
0 0.209562 0.171553 0.19627 0.343106
0 0.364812 0.593641 0.122888 0.55517
0 0.0175553 0.592249 0.0351106 0.469001
0 0.263142 0.62042 0.120106 0.564105
0 0.259257 0.619137 0.131045 0.563515
