0 0.548526 0.502741 0.137289 0.7193
0 0.669593 0.534003 0.136483 0.720287
0 0.85761 0.5831 0.266711 0.765812
0 0.176893 0.501983 0.299377 0.901215
0 0.548526 0.502741 0.137289 0.7193
0 0.669593 0.534003 0.136483 0.720287
0 0.85761 0.5831 0.266711 0.765812
0 0.176893 0.501983 0.299377 0.901215
0 0.548526 0.502741 0.137289 0.7193
0 0.669593 0.534003 0.136483 0.720287
0 0.85761 0.5831 0.266711 0.765812
0 0.176893 0.501983 0.299377 0.901215
0 0.667636 0.533755 0.124633 0.678097
0 0.547829 0.494083 0.121029 0.698449
0 0.911687 0.580831 0.126769 0.721175
0 0.791784 0.563823 0.118101 0.703793
0 0.43113 0.471817 0.106558 0.695623
0 0.17441 0.346797 0.0878033 0.56235
0 0.341908 0.44712 0.087908 0.666147
0 0.667636 0.533755 0.124633 0.678097
0 0.547829 0.494083 0.121029 0.698449
0 0.911687 0.580831 0.126769 0.721175
0 0.791784 0.563823 0.118101 0.703793
0 0.43113 0.471817 0.106558 0.695623
0 0.17441 0.346797 0.0878033 0.56235
0 0.341908 0.44712 0.087908 0.666147
0 0.255635 0.384313 0.0923496 0.629621
0 0.667636 0.533755 0.124633 0.678097
0 0.547829 0.494083 0.121029 0.698449
0 0.911687 0.580831 0.126769 0.721175
0 0.791784 0.563823 0.118101 0.703793
0 0.43113 0.471817 0.106558 0.695623
0 0.17441 0.346797 0.0878033 0.56235
0 0.341908 0.44712 0.087908 0.666147
0 0.667636 0.533755 0.124633 0.678097
0 0.547829 0.494083 0.121029 0.698449
0 0.911687 0.580831 0.126769 0.721175
0 0.791784 0.563823 0.118101 0.703793
0 0.43113 0.471817 0.106558 0.695623
0 0.17441 0.346797 0.0878033 0.56235
0 0.341908 0.44712 0.087908 0.666147
