0 0.323185 0.626619 0.0495827 0.683569
0 0.370557 0.608709 0.0497115 0.716843
0 0.417558 0.593181 0.0499277 0.7512
0 0.279717 0.643654 0.044819 0.649535
0 0.918361 0.583344 0.0513892 0.68783
0 0.87422 0.567281 0.0499242 0.716631
0 0.464386 0.574948 0.0497781 0.778105
0 0.512224 0.532706 0.0475433 0.832264
0 0.645542 0.541906 0.0497936 0.801973
0 0.689208 0.557929 0.0452822 0.773377
0 0.556703 0.547286 0.0453625 0.803084
0 0.962994 0.576113 0.0470244 0.689844
0 0.138292 0.692214 0.0486097 0.484754
0 0.782327 0.566176 0.0522822 0.752952
0 0.73431 0.554223 0.0493407 0.778962
0 0.187385 0.692781 0.0501477 0.516242
0 0.236394 0.672628 0.0466158 0.577419
0 0.0389076 0.550136 0.0552577 0.800226
0 0.0857178 0.535508 0.0531679 0.808432
0 0.599709 0.552336 0.047095 0.812234
0 0.991139 0.584905 0.0175826 0.681644
0 0.828257 0.563517 0.0470008 0.743932
0 0.600008 0.555029 0.0466249 0.813082
0 0.235947 0.651682 0.0481976 0.620109
0 0.323185 0.626619 0.0495827 0.683569
0 0.370557 0.608709 0.0497115 0.716843
0 0.417558 0.593181 0.0499277 0.7512
0 0.279717 0.643654 0.044819 0.649535
0 0.918361 0.583344 0.0513892 0.68783
0 0.87422 0.567281 0.0499242 0.716631
0 0.464386 0.574948 0.0497781 0.778105
0 0.512224 0.532706 0.0475433 0.832264
0 0.645542 0.541906 0.0497936 0.801973
0 0.689208 0.557929 0.0452822 0.773377
0 0.556703 0.547286 0.0453625 0.803084
0 0.962994 0.576113 0.0470244 0.689844
0 0.138292 0.692214 0.0486097 0.484754
0 0.782327 0.566176 0.0522822 0.752952
0 0.73431 0.554223 0.0493407 0.778962
0 0.187385 0.692781 0.0501477 0.516242
0 0.236394 0.672628 0.0466158 0.577419
0 0.0389076 0.550136 0.0552577 0.800226
0 0.0857178 0.535508 0.0531679 0.808432
0 0.599709 0.552336 0.047095 0.812234
0 0.991139 0.584905 0.0175826 0.681644
0 0.828257 0.563517 0.0470008 0.743932
0 0.600008 0.555029 0.0466249 0.813082
0 0.235947 0.651682 0.0481976 0.620109
0 0.323185 0.626619 0.0495827 0.683569
0 0.370557 0.608709 0.0497115 0.716843
0 0.417558 0.593181 0.0499277 0.7512
0 0.279717 0.643654 0.044819 0.649535
0 0.918361 0.583344 0.0513892 0.68783
0 0.87422 0.567281 0.0499242 0.716631
0 0.464386 0.574948 0.0497781 0.778105
0 0.512224 0.532706 0.0475433 0.832264
0 0.645542 0.541906 0.0497936 0.801973
0 0.689208 0.557929 0.0452822 0.773377
0 0.556703 0.547286 0.0453625 0.803084
0 0.962994 0.576113 0.0470244 0.689844
0 0.138292 0.692214 0.0486097 0.484754
0 0.782327 0.566176 0.0522822 0.752952
0 0.73431 0.554223 0.0493407 0.778962
0 0.187385 0.692781 0.0501477 0.516242
0 0.236394 0.672628 0.0466158 0.577419
0 0.0389076 0.550136 0.0552577 0.800226
0 0.0857178 0.535508 0.0531679 0.808432
0 0.599709 0.552336 0.047095 0.812234
0 0.991139 0.584905 0.0175826 0.681644
0 0.828257 0.563517 0.0470008 0.743932
0 0.600008 0.555029 0.0466249 0.813082
0 0.235947 0.651682 0.0481976 0.620109
0 0.0875744 0.551867 0.0542983 0.834661
0 0.136875 0.536677 0.0523003 0.866874
0 0.87407 0.561701 0.0482732 0.735438
0 0.828397 0.562887 0.0475249 0.743428
0 0.0391 0.567655 0.052817 0.815863
0 0.645736 0.590462 0.046236 0.710382
0 0.280093 0.643034 0.046778 0.660028
0 0.689471 0.590651 0.0443705 0.710392
0 0.234828 0.636424 0.0488205 0.664645
0 0.323353 0.625343 0.0485266 0.687187
0 0.184591 0.544332 0.0545566 0.833389
0 0.511663 0.584473 0.0465683 0.750665
0 0.733617 0.583263 0.0489743 0.733512
0 0.599939 0.585072 0.0462741 0.742527
0 0.91873 0.547465 0.0503252 0.769489
0 0.964681 0.564408 0.0509135 0.753726
0 0.370594 0.59592 0.0469963 0.732455
0 0.780762 0.584773 0.051579 0.721035
0 0.00929965 0.578385 0.0185993 0.811298
0 0.41774 0.595862 0.0493514 0.741086
0 0.917918 0.564331 0.0511179 0.743825
0 0.464271 0.607608 0.0479161 0.71406
0 0.555801 0.589062 0.0458938 0.733505
0 0.370441 0.603342 0.046404 0.713597
0 0.370824 0.593731 0.0473424 0.733389
0 0.555555 0.590653 0.045166 0.735303
0 0.0875744 0.551867 0.0542983 0.834661
0 0.136875 0.536677 0.0523003 0.866874
0 0.87407 0.561701 0.0482732 0.735438
0 0.828397 0.562887 0.0475249 0.743428
0 0.0391 0.567655 0.052817 0.815863
0 0.645736 0.590462 0.046236 0.710382
0 0.280093 0.643034 0.046778 0.660028
0 0.689471 0.590651 0.0443705 0.710392
0 0.234828 0.636424 0.0488205 0.664645
0 0.323353 0.625343 0.0485266 0.687187
0 0.184591 0.544332 0.0545566 0.833389
0 0.511663 0.584473 0.0465683 0.750665
0 0.733617 0.583263 0.0489743 0.733512
0 0.599939 0.585072 0.0462741 0.742527
0 0.91873 0.547465 0.0503252 0.769489
0 0.964681 0.564408 0.0509135 0.753726
0 0.370594 0.59592 0.0469963 0.732455
0 0.780762 0.584773 0.051579 0.721035
0 0.00929965 0.578385 0.0185993 0.811298
0 0.41774 0.595862 0.0493514 0.741086
0 0.917918 0.564331 0.0511179 0.743825
0 0.464271 0.607608 0.0479161 0.71406
0 0.555801 0.589062 0.0458938 0.733505
0 0.370441 0.603342 0.046404 0.713597
0 0.370824 0.593731 0.0473424 0.733389
0 0.555555 0.590653 0.045166 0.735303
0 0.417193 0.591564 0.049672 0.754232
0 0.988767 0.578807 0.0224542 0.71166
0 0.994745 0.58548 0.0105108 0.70816
0 0.0875744 0.551867 0.0542983 0.834661
0 0.136875 0.536677 0.0523003 0.866874
0 0.87407 0.561701 0.0482732 0.735438
0 0.828397 0.562887 0.0475249 0.743428
0 0.0391 0.567655 0.052817 0.815863
0 0.645736 0.590462 0.046236 0.710382
0 0.280093 0.643034 0.046778 0.660028
0 0.689471 0.590651 0.0443705 0.710392
0 0.234828 0.636424 0.0488205 0.664645
0 0.323353 0.625343 0.0485266 0.687187
0 0.184591 0.544332 0.0545566 0.833389
0 0.511663 0.584473 0.0465683 0.750665
0 0.733617 0.583263 0.0489743 0.733512
0 0.599939 0.585072 0.0462741 0.742527
0 0.91873 0.547465 0.0503252 0.769489
0 0.964681 0.564408 0.0509135 0.753726
0 0.370594 0.59592 0.0469963 0.732455
0 0.780762 0.584773 0.051579 0.721035
0 0.00929965 0.578385 0.0185993 0.811298
0 0.41774 0.595862 0.0493514 0.741086
0 0.917918 0.564331 0.0511179 0.743825
0 0.464271 0.607608 0.0479161 0.71406
0 0.555801 0.589062 0.0458938 0.733505
0 0.370441 0.603342 0.046404 0.713597
0 0.370824 0.593731 0.0473424 0.733389
0 0.555555 0.590653 0.045166 0.735303
0 0.0875744 0.551867 0.0542983 0.834661
0 0.136875 0.536677 0.0523003 0.866874
0 0.87407 0.561701 0.0482732 0.735438
0 0.828397 0.562887 0.0475249 0.743428
0 0.0391 0.567655 0.052817 0.815863
0 0.645736 0.590462 0.046236 0.710382
0 0.280093 0.643034 0.046778 0.660028
0 0.689471 0.590651 0.0443705 0.710392
0 0.234828 0.636424 0.0488205 0.664645
0 0.323353 0.625343 0.0485266 0.687187
0 0.184591 0.544332 0.0545566 0.833389
0 0.511663 0.584473 0.0465683 0.750665
0 0.733617 0.583263 0.0489743 0.733512
0 0.599939 0.585072 0.0462741 0.742527
0 0.91873 0.547465 0.0503252 0.769489
0 0.964681 0.564408 0.0509135 0.753726
0 0.370594 0.59592 0.0469963 0.732455
0 0.780762 0.584773 0.051579 0.721035
0 0.00929965 0.578385 0.0185993 0.811298
0 0.41774 0.595862 0.0493514 0.741086
0 0.917918 0.564331 0.0511179 0.743825
0 0.464271 0.607608 0.0479161 0.71406
0 0.555801 0.589062 0.0458938 0.733505
0 0.370441 0.603342 0.046404 0.713597
0 0.370824 0.593731 0.0473424 0.733389
0 0.555555 0.590653 0.045166 0.735303
