0 0.0442779 0.711245 0.0876722 0.574617
0 0.309423 0.669597 0.139874 0.65754
0 0.812139 0.59519 0.169122 0.353691
0 0.532028 0.805283 0.0777328 0.216095
0 0.160688 0.794962 0.14404 0.410077
0 0.663404 0.67626 0.114126 0.367116
0 0.817704 0.41788 0.187354 0.694434
0 0.0442779 0.711245 0.0876722 0.574617
0 0.309423 0.669597 0.139874 0.65754
0 0.812139 0.59519 0.169122 0.353691
0 0.532028 0.805283 0.0777328 0.216095
0 0.160688 0.794962 0.14404 0.410077
0 0.663404 0.67626 0.114126 0.367116
0 0.817704 0.41788 0.187354 0.694434
0 0.0442779 0.711245 0.0876722 0.574617
0 0.309423 0.669597 0.139874 0.65754
0 0.812139 0.59519 0.169122 0.353691
0 0.532028 0.805283 0.0777328 0.216095
0 0.160688 0.794962 0.14404 0.410077
0 0.663404 0.67626 0.114126 0.367116
0 0.817704 0.41788 0.187354 0.694434
0 0.812425 0.476225 0.176352 0.767457
0 0.0432366 0.721818 0.0858843 0.554362
0 0.812942 0.644416 0.173643 0.422616
0 0.543172 0.79911 0.113259 0.214007
0 0.162926 0.797484 0.147111 0.403358
0 0.812425 0.476225 0.176352 0.767457
0 0.0432366 0.721818 0.0858843 0.554362
0 0.812942 0.644416 0.173643 0.422616
0 0.543172 0.79911 0.113259 0.214007
0 0.162926 0.797484 0.147111 0.403358
0 0.665503 0.654934 0.117669 0.340353
0 0.667282 0.649106 0.121597 0.359186
0 0.311006 0.673706 0.131657 0.640433
0 0.668625 0.489178 0.128134 0.650384
