0 0.411992 0.613965 0.432561 0.664912
0 0.726213 0.513384 0.486594 0.957754
0 0.411992 0.613965 0.432561 0.664912
0 0.726213 0.513384 0.486594 0.957754
0 0.411992 0.613965 0.432561 0.664912
0 0.726213 0.513384 0.486594 0.957754
0 0.721078 0.497653 0.476859 0.953844
0 0.765325 0.662236 0.422127 0.467148
0 0.42995 0.608124 0.429247 0.664926
0 0.733238 0.487448 0.473562 0.932892
0 0.721078 0.497653 0.476859 0.953844
0 0.765325 0.662236 0.422127 0.467148
0 0.42995 0.608124 0.429247 0.664926
0 0.733238 0.487448 0.473562 0.932892
0 0.471218 0.79683 0.340697 0.293084
0 0.721078 0.497653 0.476859 0.953844
0 0.765325 0.662236 0.422127 0.467148
0 0.42995 0.608124 0.429247 0.664926
0 0.733238 0.487448 0.473562 0.932892
0 0.721078 0.497653 0.476859 0.953844
0 0.765325 0.662236 0.422127 0.467148
0 0.42995 0.608124 0.429247 0.664926
0 0.733238 0.487448 0.473562 0.932892
