0 0.372489 0.373094 0.0726927 0.17099
0 0.438384 0.773995 0.12111 0.294492
0 0.697205 0.625924 0.0715383 0.238406
0 0.158268 0.513531 0.094673 0.210334
0 0.328093 0.657871 0.1133 0.266041
0 0.372489 0.373094 0.0726927 0.17099
0 0.438384 0.773995 0.12111 0.294492
0 0.697205 0.625924 0.0715383 0.238406
0 0.158268 0.513531 0.094673 0.210334
0 0.328093 0.657871 0.1133 0.266041
0 0.498945 0.480877 0.0708394 0.191145
0 0.763942 0.69091 0.0690579 0.229748
0 0.825589 0.741393 0.0754347 0.212134
0 0.432979 0.411892 0.0635141 0.216628
0 0.905973 0.772194 0.101419 0.195467
0 0.627691 0.614763 0.0749706 0.253822
0 0.372489 0.373094 0.0726927 0.17099
0 0.438384 0.773995 0.12111 0.294492
0 0.697205 0.625924 0.0715383 0.238406
0 0.158268 0.513531 0.094673 0.210334
0 0.328093 0.657871 0.1133 0.266041
0 0.372489 0.373094 0.0726927 0.17099
0 0.438384 0.773995 0.12111 0.294492
0 0.697205 0.625924 0.0715383 0.238406
0 0.158268 0.513531 0.094673 0.210334
0 0.328093 0.657871 0.1133 0.266041
