0 0.76416 0.741841 0.331673 0.418864
0 0.415423 0.693276 0.360919 0.498888
0 0.0889748 0.714635 0.17795 0.539567
0 0.416179 0.738179 0.345777 0.414864
0 0.76416 0.741841 0.331673 0.418864
0 0.415423 0.693276 0.360919 0.498888
0 0.0889748 0.714635 0.17795 0.539567
0 0.416179 0.738179 0.345777 0.414864
0 0.76416 0.741841 0.331673 0.418864
0 0.415423 0.693276 0.360919 0.498888
0 0.0889748 0.714635 0.17795 0.539567
0 0.416179 0.738179 0.345777 0.414864
0 0.734127 0.700142 0.302505 0.517098
0 0.415714 0.68522 0.360056 0.554707
0 0.076232 0.714226 0.151994 0.571548
0 0.734127 0.700142 0.302505 0.517098
0 0.415714 0.68522 0.360056 0.554707
0 0.076232 0.714226 0.151994 0.571548
0 0.0730293 0.575918 0.14464 0.270025
0 0.734127 0.700142 0.302505 0.517098
0 0.415714 0.68522 0.360056 0.554707
0 0.076232 0.714226 0.151994 0.571548
0 0.734127 0.700142 0.302505 0.517098
0 0.415714 0.68522 0.360056 0.554707
0 0.076232 0.714226 0.151994 0.571548
