0 0.449238 0.531641 0.248458 0.546251
0 0.173269 0.454718 0.262388 0.561902
0 0.767756 0.663611 0.310218 0.597548
0 0.449238 0.531641 0.248458 0.546251
0 0.173269 0.454718 0.262388 0.561902
0 0.767756 0.663611 0.310218 0.597548
0 0.449238 0.531641 0.248458 0.546251
0 0.173269 0.454718 0.262388 0.561902
0 0.767756 0.663611 0.310218 0.597548
0 0.765235 0.672123 0.381628 0.585792
0 0.16492 0.440254 0.264452 0.552434
0 0.435774 0.533905 0.262098 0.545375
0 0.765235 0.672123 0.381628 0.585792
0 0.16492 0.440254 0.264452 0.552434
0 0.435774 0.533905 0.262098 0.545375
0 0.765235 0.672123 0.381628 0.585792
0 0.16492 0.440254 0.264452 0.552434
0 0.435774 0.533905 0.262098 0.545375
