0 0.869006 0.526189 0.225648 0.938797
0 0.0961563 0.479942 0.190425 0.877824
0 0.275508 0.493785 0.210997 0.891335
0 0.474942 0.513106 0.201846 0.899917
0 0.669019 0.521326 0.20817 0.921989
0 0.869006 0.526189 0.225648 0.938797
0 0.0961563 0.479942 0.190425 0.877824
0 0.275508 0.493785 0.210997 0.891335
0 0.474942 0.513106 0.201846 0.899917
0 0.669019 0.521326 0.20817 0.921989
0 0.869006 0.526189 0.225648 0.938797
0 0.0961563 0.479942 0.190425 0.877824
0 0.275508 0.493785 0.210997 0.891335
0 0.474942 0.513106 0.201846 0.899917
0 0.669019 0.521326 0.20817 0.921989
0 0.0985322 0.48217 0.179696 0.892216
0 0.278375 0.508156 0.211459 0.894203
0 0.87179 0.524959 0.219457 0.936989
0 0.670149 0.538872 0.204697 0.906704
0 0.475141 0.524663 0.200457 0.904692
0 0.0985322 0.48217 0.179696 0.892216
0 0.278375 0.508156 0.211459 0.894203
0 0.87179 0.524959 0.219457 0.936989
0 0.670149 0.538872 0.204697 0.906704
0 0.475141 0.524663 0.200457 0.904692
0 0.475446 0.526063 0.200635 0.897044
0 0.0985322 0.48217 0.179696 0.892216
0 0.278375 0.508156 0.211459 0.894203
0 0.87179 0.524959 0.219457 0.936989
0 0.670149 0.538872 0.204697 0.906704
0 0.475141 0.524663 0.200457 0.904692
0 0.0985322 0.48217 0.179696 0.892216
0 0.278375 0.508156 0.211459 0.894203
0 0.87179 0.524959 0.219457 0.936989
0 0.670149 0.538872 0.204697 0.906704
0 0.475141 0.524663 0.200457 0.904692
