0 0.434503 0.737469 0.183535 0.369158
0 0.268778 0.717549 0.179471 0.36049
0 0.849017 0.697126 0.257076 0.55629
0 0.102096 0.703471 0.172484 0.348518
0 0.627586 0.685633 0.235843 0.552481
0 0.434503 0.737469 0.183535 0.369158
0 0.268778 0.717549 0.179471 0.36049
0 0.849017 0.697126 0.257076 0.55629
0 0.102096 0.703471 0.172484 0.348518
0 0.627586 0.685633 0.235843 0.552481
0 0.434503 0.737469 0.183535 0.369158
0 0.268778 0.717549 0.179471 0.36049
0 0.849017 0.697126 0.257076 0.55629
0 0.102096 0.703471 0.172484 0.348518
0 0.627586 0.685633 0.235843 0.552481
0 0.26727 0.733452 0.170874 0.3259
0 0.103321 0.703843 0.166847 0.323621
0 0.434561 0.74812 0.174019 0.357591
0 0.631245 0.69717 0.223513 0.506748
0 0.850645 0.702401 0.242292 0.540694
0 0.26727 0.733452 0.170874 0.3259
0 0.103321 0.703843 0.166847 0.323621
0 0.434561 0.74812 0.174019 0.357591
0 0.631245 0.69717 0.223513 0.506748
0 0.850645 0.702401 0.242292 0.540694
0 0.267237 0.728993 0.169311 0.319622
0 0.26727 0.733452 0.170874 0.3259
0 0.103321 0.703843 0.166847 0.323621
0 0.434561 0.74812 0.174019 0.357591
0 0.631245 0.69717 0.223513 0.506748
0 0.850645 0.702401 0.242292 0.540694
0 0.26727 0.733452 0.170874 0.3259
0 0.103321 0.703843 0.166847 0.323621
0 0.434561 0.74812 0.174019 0.357591
0 0.631245 0.69717 0.223513 0.506748
0 0.850645 0.702401 0.242292 0.540694
