0 0.0891474 0.560705 0.175548 0.713847
0 0.67655 0.819266 0.196124 0.180724
0 0.238089 0.817136 0.138292 0.182696
0 0.877621 0.610823 0.231406 0.309392
0 0.267029 0.567098 0.223467 0.671892
0 0.0891474 0.560705 0.175548 0.713847
0 0.67655 0.819266 0.196124 0.180724
0 0.238089 0.817136 0.138292 0.182696
0 0.877621 0.610823 0.231406 0.309392
0 0.267029 0.567098 0.223467 0.671892
0 0.0891474 0.560705 0.175548 0.713847
0 0.67655 0.819266 0.196124 0.180724
0 0.238089 0.817136 0.138292 0.182696
0 0.877621 0.610823 0.231406 0.309392
0 0.267029 0.567098 0.223467 0.671892
0 0.677001 0.830229 0.202267 0.181589
0 0.456918 0.837333 0.182883 0.171389
0 0.0899936 0.558572 0.167699 0.691766
0 0.253703 0.588816 0.184767 0.650837
0 0.899145 0.613693 0.176438 0.284606
0 0.248826 0.586395 0.175051 0.652141
0 0.232982 0.816347 0.147499 0.17822
0 0.677001 0.830229 0.202267 0.181589
0 0.456918 0.837333 0.182883 0.171389
0 0.0899936 0.558572 0.167699 0.691766
0 0.253703 0.588816 0.184767 0.650837
0 0.899145 0.613693 0.176438 0.284606
0 0.248826 0.586395 0.175051 0.652141
0 0.232982 0.816347 0.147499 0.17822
0 0.677001 0.830229 0.202267 0.181589
0 0.456918 0.837333 0.182883 0.171389
0 0.0899936 0.558572 0.167699 0.691766
0 0.253703 0.588816 0.184767 0.650837
0 0.899145 0.613693 0.176438 0.284606
0 0.248826 0.586395 0.175051 0.652141
0 0.232982 0.816347 0.147499 0.17822
