0 0.448862 0.580117 0.227396 0.711042
0 0.887221 0.534659 0.175614 0.688927
0 0.977524 0.533853 0.0449519 0.666556
0 0.240459 0.717728 0.227651 0.508996
0 0.728354 0.556864 0.181024 0.613084
0 0.0489848 0.557342 0.0979696 0.863996
0 0.448862 0.580117 0.227396 0.711042
0 0.887221 0.534659 0.175614 0.688927
0 0.977524 0.533853 0.0449519 0.666556
0 0.240459 0.717728 0.227651 0.508996
0 0.728354 0.556864 0.181024 0.613084
0 0.0489848 0.557342 0.0979696 0.863996
0 0.448862 0.580117 0.227396 0.711042
0 0.887221 0.534659 0.175614 0.688927
0 0.977524 0.533853 0.0449519 0.666556
0 0.240459 0.717728 0.227651 0.508996
0 0.728354 0.556864 0.181024 0.613084
0 0.0489848 0.557342 0.0979696 0.863996
0 0.890577 0.529585 0.171089 0.681241
0 0.244396 0.715437 0.224757 0.491788
0 0.450796 0.585411 0.221306 0.721331
0 0.979341 0.52638 0.0412907 0.643778
0 0.773617 0.540765 0.100977 0.651878
0 0.734878 0.554421 0.190483 0.63421
0 0.890577 0.529585 0.171089 0.681241
0 0.244396 0.715437 0.224757 0.491788
0 0.450796 0.585411 0.221306 0.721331
0 0.979341 0.52638 0.0412907 0.643778
0 0.773617 0.540765 0.100977 0.651878
0 0.734878 0.554421 0.190483 0.63421
0 0.69219 0.574083 0.104459 0.546372
0 0.890577 0.529585 0.171089 0.681241
0 0.244396 0.715437 0.224757 0.491788
0 0.450796 0.585411 0.221306 0.721331
0 0.979341 0.52638 0.0412907 0.643778
0 0.773617 0.540765 0.100977 0.651878
0 0.734878 0.554421 0.190483 0.63421
