0 0.628022 0.572778 0.264119 0.801393
0 0.269873 0.499689 0.225508 0.861377
0 0.86371 0.543826 0.265543 0.883664
0 0.0946915 0.488365 0.187588 0.875093
0 0.628022 0.572778 0.264119 0.801393
0 0.269873 0.499689 0.225508 0.861377
0 0.86371 0.543826 0.265543 0.883664
0 0.0946915 0.488365 0.187588 0.875093
0 0.628022 0.572778 0.264119 0.801393
0 0.269873 0.499689 0.225508 0.861377
0 0.86371 0.543826 0.265543 0.883664
0 0.0946915 0.488365 0.187588 0.875093
0 0.632625 0.574178 0.255144 0.7966
0 0.0873104 0.508274 0.162252 0.787603
0 0.250669 0.50648 0.186445 0.80053
0 0.445498 0.50796 0.161906 0.808324
0 0.632625 0.574178 0.255144 0.7966
0 0.0873104 0.508274 0.162252 0.787603
0 0.250669 0.50648 0.186445 0.80053
0 0.445498 0.50796 0.161906 0.808324
0 0.0877111 0.50555 0.165053 0.812419
0 0.861342 0.581398 0.235066 0.805043
0 0.847048 0.583143 0.203808 0.801739
0 0.25657 0.506234 0.186675 0.806575
0 0.632625 0.574178 0.255144 0.7966
0 0.0873104 0.508274 0.162252 0.787603
0 0.250669 0.50648 0.186445 0.80053
0 0.445498 0.50796 0.161906 0.808324
0 0.632625 0.574178 0.255144 0.7966
0 0.0873104 0.508274 0.162252 0.787603
0 0.250669 0.50648 0.186445 0.80053
0 0.445498 0.50796 0.161906 0.808324
