0 0.438102 0.61989 0.304574 0.71844
0 0.700759 0.608914 0.261176 0.716566
0 0.133938 0.524017 0.266807 0.910849
0 0.91174 0.587755 0.175671 0.784812
0 0.438102 0.61989 0.304574 0.71844
0 0.700759 0.608914 0.261176 0.716566
0 0.133938 0.524017 0.266807 0.910849
0 0.91174 0.587755 0.175671 0.784812
0 0.438102 0.61989 0.304574 0.71844
0 0.700759 0.608914 0.261176 0.716566
0 0.133938 0.524017 0.266807 0.910849
0 0.91174 0.587755 0.175671 0.784812
0 0.445835 0.556939 0.288992 0.864582
0 0.707091 0.540256 0.253153 0.859303
0 0.128402 0.590488 0.230533 0.754776
0 0.445835 0.556939 0.288992 0.864582
0 0.707091 0.540256 0.253153 0.859303
0 0.128402 0.590488 0.230533 0.754776
0 0.9381 0.66085 0.120047 0.618459
0 0.445835 0.556939 0.288992 0.864582
0 0.707091 0.540256 0.253153 0.859303
0 0.128402 0.590488 0.230533 0.754776
