0 0.754394 0.509606 0.343972 0.920715
0 0.754394 0.509606 0.343972 0.920715
0 0.754394 0.509606 0.343972 0.920715
0 0.560384 0.575345 0.150926 0.581219
0 0.765301 0.622239 0.317183 0.68343
0 0.368331 0.489153 0.142811 0.55708
0 0.463523 0.537393 0.137934 0.563677
0 0.453429 0.524898 0.135817 0.573079
0 0.230868 0.421782 0.219264 0.570062
0 0.559797 0.570569 0.151177 0.58117
0 0.560384 0.575345 0.150926 0.581219
0 0.765301 0.622239 0.317183 0.68343
0 0.368331 0.489153 0.142811 0.55708
0 0.463523 0.537393 0.137934 0.563677
0 0.453429 0.524898 0.135817 0.573079
0 0.230868 0.421782 0.219264 0.570062
0 0.559797 0.570569 0.151177 0.58117
0 0.261867 0.438758 0.168204 0.549248
0 0.124058 0.346495 0.142531 0.537993
0 0.124303 0.349595 0.142547 0.536142
0 0.560384 0.575345 0.150926 0.581219
0 0.765301 0.622239 0.317183 0.68343
0 0.368331 0.489153 0.142811 0.55708
0 0.463523 0.537393 0.137934 0.563677
0 0.453429 0.524898 0.135817 0.573079
0 0.230868 0.421782 0.219264 0.570062
0 0.559797 0.570569 0.151177 0.58117
0 0.560384 0.575345 0.150926 0.581219
0 0.765301 0.622239 0.317183 0.68343
0 0.368331 0.489153 0.142811 0.55708
0 0.463523 0.537393 0.137934 0.563677
0 0.453429 0.524898 0.135817 0.573079
0 0.230868 0.421782 0.219264 0.570062
0 0.559797 0.570569 0.151177 0.58117
