0 0.322498 0.612095 0.181728 0.534114
0 0.880361 0.532868 0.190186 0.703807
0 0.527207 0.57392 0.181909 0.580835
0 0.0681347 0.488885 0.136269 0.874538
0 0.322498 0.612095 0.181728 0.534114
0 0.880361 0.532868 0.190186 0.703807
0 0.527207 0.57392 0.181909 0.580835
0 0.0681347 0.488885 0.136269 0.874538
0 0.322498 0.612095 0.181728 0.534114
0 0.880361 0.532868 0.190186 0.703807
0 0.527207 0.57392 0.181909 0.580835
0 0.0681347 0.488885 0.136269 0.874538
0 0.887038 0.499399 0.212244 0.776892
0 0.529577 0.55161 0.204301 0.664596
0 0.299397 0.599112 0.252087 0.581813
0 0.0738852 0.666229 0.144051 0.487636
0 0.887038 0.499399 0.212244 0.776892
0 0.529577 0.55161 0.204301 0.664596
0 0.299397 0.599112 0.252087 0.581813
0 0.0738852 0.666229 0.144051 0.487636
0 0.0755755 0.460391 0.151151 0.899892
0 0.967502 0.433178 0.0649962 0.856121
0 0.531044 0.557817 0.200525 0.647481
0 0.298881 0.602257 0.260292 0.585233
0 0.887038 0.499399 0.212244 0.776892
0 0.529577 0.55161 0.204301 0.664596
0 0.299397 0.599112 0.252087 0.581813
0 0.0738852 0.666229 0.144051 0.487636
0 0.887038 0.499399 0.212244 0.776892
0 0.529577 0.55161 0.204301 0.664596
0 0.299397 0.599112 0.252087 0.581813
0 0.0738852 0.666229 0.144051 0.487636
