0 0.286699 0.473482 0.251133 0.722056
0 0.633872 0.520859 0.0781692 0.687021
0 0.53548 0.527867 0.128139 0.645831
0 0.732291 0.503954 0.0513438 0.686997
0 0.538701 0.53432 0.119159 0.619751
0 0.286699 0.473482 0.251133 0.722056
0 0.633872 0.520859 0.0781692 0.687021
0 0.53548 0.527867 0.128139 0.645831
0 0.732291 0.503954 0.0513438 0.686997
0 0.538701 0.53432 0.119159 0.619751
0 0.286699 0.473482 0.251133 0.722056
0 0.633872 0.520859 0.0781692 0.687021
0 0.53548 0.527867 0.128139 0.645831
0 0.732291 0.503954 0.0513438 0.686997
0 0.538701 0.53432 0.119159 0.619751
0 0.849932 0.507595 0.275208 0.744225
0 0.280822 0.474138 0.238914 0.726013
0 0.639716 0.508272 0.0896942 0.693072
0 0.559418 0.493719 0.247514 0.726249
0 0.0526362 0.456491 0.10454 0.741273
0 0.405463 0.477131 0.0497176 0.677513
0 0.13054 0.463761 0.0682535 0.666026
0 0.849932 0.507595 0.275208 0.744225
0 0.280822 0.474138 0.238914 0.726013
0 0.639716 0.508272 0.0896942 0.693072
0 0.559418 0.493719 0.247514 0.726249
0 0.0526362 0.456491 0.10454 0.741273
0 0.405463 0.477131 0.0497176 0.677513
0 0.13054 0.463761 0.0682535 0.666026
0 0.849932 0.507595 0.275208 0.744225
0 0.280822 0.474138 0.238914 0.726013
0 0.639716 0.508272 0.0896942 0.693072
0 0.559418 0.493719 0.247514 0.726249
0 0.0526362 0.456491 0.10454 0.741273
0 0.405463 0.477131 0.0497176 0.677513
0 0.13054 0.463761 0.0682535 0.666026
