0 0.132655 0.454855 0.166268 0.842678
0 0.532407 0.489169 0.171934 0.84441
0 0.707361 0.515945 0.192055 0.865844
0 0.904233 0.511159 0.179317 0.929739
0 0.332697 0.438725 0.180256 0.864791
0 0.334538 0.451211 0.178161 0.838133
0 0.132655 0.454855 0.166268 0.842678
0 0.532407 0.489169 0.171934 0.84441
0 0.707361 0.515945 0.192055 0.865844
0 0.904233 0.511159 0.179317 0.929739
0 0.332697 0.438725 0.180256 0.864791
0 0.334538 0.451211 0.178161 0.838133
0 0.132655 0.454855 0.166268 0.842678
0 0.532407 0.489169 0.171934 0.84441
0 0.707361 0.515945 0.192055 0.865844
0 0.904233 0.511159 0.179317 0.929739
0 0.332697 0.438725 0.180256 0.864791
0 0.334538 0.451211 0.178161 0.838133
0 0.7143 0.511473 0.185732 0.899535
0 0.136923 0.443247 0.169999 0.839769
0 0.907106 0.515226 0.179926 0.938211
0 0.533997 0.487914 0.170675 0.863265
0 0.337529 0.457185 0.170581 0.860412
0 0.7143 0.511473 0.185732 0.899535
0 0.136923 0.443247 0.169999 0.839769
0 0.907106 0.515226 0.179926 0.938211
0 0.533997 0.487914 0.170675 0.863265
0 0.337529 0.457185 0.170581 0.860412
0 0.7143 0.511473 0.185732 0.899535
0 0.136923 0.443247 0.169999 0.839769
0 0.907106 0.515226 0.179926 0.938211
0 0.533997 0.487914 0.170675 0.863265
0 0.337529 0.457185 0.170581 0.860412
0 0.7143 0.511473 0.185732 0.899535
0 0.136923 0.443247 0.169999 0.839769
0 0.907106 0.515226 0.179926 0.938211
0 0.533997 0.487914 0.170675 0.863265
0 0.337529 0.457185 0.170581 0.860412
