0 0.827919 0.503037 0.171145 0.884479
0 0.656748 0.500117 0.15954 0.899798
0 0.293961 0.460027 0.181796 0.866479
0 0.131517 0.427376 0.165947 0.854751
0 0.494683 0.495983 0.162833 0.879281
0 0.827919 0.503037 0.171145 0.884479
0 0.656748 0.500117 0.15954 0.899798
0 0.293961 0.460027 0.181796 0.866479
0 0.131517 0.427376 0.165947 0.854751
0 0.494683 0.495983 0.162833 0.879281
0 0.827919 0.503037 0.171145 0.884479
0 0.656748 0.500117 0.15954 0.899798
0 0.293961 0.460027 0.181796 0.866479
0 0.131517 0.427376 0.165947 0.854751
0 0.494683 0.495983 0.162833 0.879281
0 0.827368 0.511392 0.161493 0.886198
0 0.656392 0.496589 0.161759 0.900703
0 0.132542 0.435656 0.163128 0.846003
0 0.297188 0.470242 0.179616 0.865398
0 0.496297 0.499027 0.160073 0.864776
0 0.827368 0.511392 0.161493 0.886198
0 0.656392 0.496589 0.161759 0.900703
0 0.132542 0.435656 0.163128 0.846003
0 0.297188 0.470242 0.179616 0.865398
0 0.496297 0.499027 0.160073 0.864776
0 0.0177414 0.402623 0.0353789 0.777229
0 0.827368 0.511392 0.161493 0.886198
0 0.656392 0.496589 0.161759 0.900703
0 0.132542 0.435656 0.163128 0.846003
0 0.297188 0.470242 0.179616 0.865398
0 0.496297 0.499027 0.160073 0.864776
0 0.827368 0.511392 0.161493 0.886198
0 0.656392 0.496589 0.161759 0.900703
0 0.132542 0.435656 0.163128 0.846003
0 0.297188 0.470242 0.179616 0.865398
0 0.496297 0.499027 0.160073 0.864776
