0 0.500665 0.65328 0.120854 0.691681
0 0.242948 0.0922667 0.0840496 0.178307
0 0.0212425 0.324574 0.0424635 0.568089
0 0.270141 0.633728 0.127751 0.69378
0 0.0949592 0.274262 0.110468 0.538796
0 0.500665 0.65328 0.120854 0.691681
0 0.242948 0.0922667 0.0840496 0.178307
0 0.0212425 0.324574 0.0424635 0.568089
0 0.270141 0.633728 0.127751 0.69378
0 0.0949592 0.274262 0.110468 0.538796
0 0.500665 0.65328 0.120854 0.691681
0 0.242948 0.0922667 0.0840496 0.178307
0 0.0212425 0.324574 0.0424635 0.568089
0 0.270141 0.633728 0.127751 0.69378
0 0.0949592 0.274262 0.110468 0.538796
0 0.0220317 0.294067 0.0440633 0.563161
0 0.0949054 0.25826 0.109692 0.516519
0 0.50096 0.658684 0.124831 0.681513
0 0.269684 0.643448 0.139548 0.669743
0 0.0220317 0.294067 0.0440633 0.563161
0 0.0949054 0.25826 0.109692 0.516519
0 0.50096 0.658684 0.124831 0.681513
0 0.269684 0.643448 0.139548 0.669743
0 0.889855 0.580156 0.0921965 0.162325
