0 0.901682 0.535095 0.194573 0.916201
0 0.523078 0.53465 0.240907 0.875256
0 0.0852851 0.521829 0.17057 0.890099
0 0.282666 0.525191 0.245156 0.851089
0 0.901682 0.535095 0.194573 0.916201
0 0.523078 0.53465 0.240907 0.875256
0 0.0852851 0.521829 0.17057 0.890099
0 0.282666 0.525191 0.245156 0.851089
0 0.901682 0.535095 0.194573 0.916201
0 0.523078 0.53465 0.240907 0.875256
0 0.0852851 0.521829 0.17057 0.890099
0 0.282666 0.525191 0.245156 0.851089
0 0.526416 0.529216 0.24652 0.899391
0 0.0837754 0.534925 0.164978 0.874801
0 0.899204 0.539232 0.200596 0.908653
0 0.284504 0.541233 0.242605 0.869427
0 0.526416 0.529216 0.24652 0.899391
0 0.0837754 0.534925 0.164978 0.874801
0 0.899204 0.539232 0.200596 0.908653
0 0.284504 0.541233 0.242605 0.869427
0 0.526416 0.529216 0.24652 0.899391
0 0.0837754 0.534925 0.164978 0.874801
0 0.899204 0.539232 0.200596 0.908653
0 0.284504 0.541233 0.242605 0.869427
0 0.526416 0.529216 0.24652 0.899391
0 0.0837754 0.534925 0.164978 0.874801
0 0.899204 0.539232 0.200596 0.908653
0 0.284504 0.541233 0.242605 0.869427
