0 0.78872 0.431863 0.310925 0.686443
0 0.513205 0.517984 0.254033 0.641145
0 0.101656 0.685312 0.190669 0.592731
0 0.290982 0.60638 0.221926 0.610546
0 0.274305 0.49174 0.304909 0.983479
0 0.78872 0.431863 0.310925 0.686443
0 0.513205 0.517984 0.254033 0.641145
0 0.101656 0.685312 0.190669 0.592731
0 0.290982 0.60638 0.221926 0.610546
0 0.274305 0.49174 0.304909 0.983479
0 0.78872 0.431863 0.310925 0.686443
0 0.513205 0.517984 0.254033 0.641145
0 0.101656 0.685312 0.190669 0.592731
0 0.290982 0.60638 0.221926 0.610546
0 0.274305 0.49174 0.304909 0.983479
0 0.291777 0.615673 0.211768 0.61363
0 0.514808 0.524006 0.243498 0.637745
0 0.104896 0.694959 0.186556 0.586543
0 0.772612 0.436808 0.268149 0.676873
0 0.291777 0.615673 0.211768 0.61363
0 0.514808 0.524006 0.243498 0.637745
0 0.104896 0.694959 0.186556 0.586543
0 0.772612 0.436808 0.268149 0.676873
0 0.0132781 0.716996 0.0265562 0.566007
0 0.227487 0.18642 0.20572 0.372841
0 0.291777 0.615673 0.211768 0.61363
0 0.514808 0.524006 0.243498 0.637745
0 0.104896 0.694959 0.186556 0.586543
0 0.772612 0.436808 0.268149 0.676873
0 0.291777 0.615673 0.211768 0.61363
0 0.514808 0.524006 0.243498 0.637745
0 0.104896 0.694959 0.186556 0.586543
0 0.772612 0.436808 0.268149 0.676873
