0 0.875073 0.699811 0.234463 0.529566
0 0.260758 0.695813 0.190424 0.535745
0 0.451988 0.704811 0.189261 0.554113
0 0.0857559 0.732327 0.167462 0.439184
0 0.646768 0.68113 0.218502 0.521463
0 0.646468 0.680435 0.219941 0.519957
0 0.875073 0.699811 0.234463 0.529566
0 0.260758 0.695813 0.190424 0.535745
0 0.451988 0.704811 0.189261 0.554113
0 0.0857559 0.732327 0.167462 0.439184
0 0.646768 0.68113 0.218502 0.521463
0 0.646468 0.680435 0.219941 0.519957
0 0.875073 0.699811 0.234463 0.529566
0 0.260758 0.695813 0.190424 0.535745
0 0.451988 0.704811 0.189261 0.554113
0 0.0857559 0.732327 0.167462 0.439184
0 0.646768 0.68113 0.218502 0.521463
0 0.646468 0.680435 0.219941 0.519957
0 0.45333 0.70747 0.188802 0.548838
0 0.649261 0.687566 0.214292 0.509483
0 0.262477 0.69132 0.187906 0.545147
0 0.875041 0.707818 0.222804 0.519848
0 0.0878583 0.679934 0.171804 0.55592
0 0.45333 0.70747 0.188802 0.548838
0 0.649261 0.687566 0.214292 0.509483
0 0.262477 0.69132 0.187906 0.545147
0 0.875041 0.707818 0.222804 0.519848
0 0.0878583 0.679934 0.171804 0.55592
0 0.45333 0.70747 0.188802 0.548838
0 0.649261 0.687566 0.214292 0.509483
0 0.262477 0.69132 0.187906 0.545147
0 0.875041 0.707818 0.222804 0.519848
0 0.0878583 0.679934 0.171804 0.55592
