0 0.78827 0.71537 0.121279 0.492256
0 0.394537 0.690842 0.133177 0.534612
0 0.662036 0.251441 0.128422 0.408573
0 0.529422 0.701024 0.13137 0.512983
0 0.907744 0.721644 0.115423 0.470009
0 0.0894751 0.78802 0.145718 0.383294
0 0.522651 0.24 0.149266 0.425771
0 0.986212 0.720029 0.0275757 0.479412
0 0.0829335 0.379336 0.151483 0.447316
0 0.660087 0.711419 0.128014 0.513954
0 0.244389 0.696555 0.134917 0.54795
0 0.659704 0.708385 0.125871 0.514878
0 0.907706 0.723457 0.114778 0.464081
0 0.78827 0.71537 0.121279 0.492256
0 0.394537 0.690842 0.133177 0.534612
0 0.662036 0.251441 0.128422 0.408573
0 0.529422 0.701024 0.13137 0.512983
0 0.907744 0.721644 0.115423 0.470009
0 0.0894751 0.78802 0.145718 0.383294
0 0.522651 0.24 0.149266 0.425771
0 0.986212 0.720029 0.0275757 0.479412
0 0.0829335 0.379336 0.151483 0.447316
0 0.660087 0.711419 0.128014 0.513954
0 0.244389 0.696555 0.134917 0.54795
0 0.659704 0.708385 0.125871 0.514878
0 0.907706 0.723457 0.114778 0.464081
0 0.78827 0.71537 0.121279 0.492256
0 0.394537 0.690842 0.133177 0.534612
0 0.662036 0.251441 0.128422 0.408573
0 0.529422 0.701024 0.13137 0.512983
0 0.907744 0.721644 0.115423 0.470009
0 0.0894751 0.78802 0.145718 0.383294
0 0.522651 0.24 0.149266 0.425771
0 0.986212 0.720029 0.0275757 0.479412
0 0.0829335 0.379336 0.151483 0.447316
0 0.660087 0.711419 0.128014 0.513954
0 0.244389 0.696555 0.134917 0.54795
0 0.659704 0.708385 0.125871 0.514878
0 0.907706 0.723457 0.114778 0.464081
0 0.908165 0.725421 0.117016 0.46893
0 0.786337 0.71687 0.122297 0.487582
0 0.240363 0.702105 0.144374 0.54315
0 0.393596 0.693729 0.138391 0.528786
0 0.0813582 0.377929 0.154115 0.44407
0 0.0903469 0.788497 0.146608 0.369052
0 0.530774 0.705281 0.128909 0.510346
0 0.661456 0.712476 0.128188 0.508724
0 0.662065 0.250665 0.127885 0.412571
0 0.986843 0.722828 0.0260732 0.46765
0 0.52714 0.238221 0.138992 0.420194
0 0.908165 0.725421 0.117016 0.46893
0 0.786337 0.71687 0.122297 0.487582
0 0.240363 0.702105 0.144374 0.54315
0 0.393596 0.693729 0.138391 0.528786
0 0.0813582 0.377929 0.154115 0.44407
0 0.0903469 0.788497 0.146608 0.369052
0 0.530774 0.705281 0.128909 0.510346
0 0.661456 0.712476 0.128188 0.508724
0 0.662065 0.250665 0.127885 0.412571
0 0.986843 0.722828 0.0260732 0.46765
0 0.52714 0.238221 0.138992 0.420194
0 0.87272 0.300352 0.190931 0.404855
0 0.908165 0.725421 0.117016 0.46893
0 0.786337 0.71687 0.122297 0.487582
0 0.240363 0.702105 0.144374 0.54315
0 0.393596 0.693729 0.138391 0.528786
0 0.0813582 0.377929 0.154115 0.44407
0 0.0903469 0.788497 0.146608 0.369052
0 0.530774 0.705281 0.128909 0.510346
0 0.661456 0.712476 0.128188 0.508724
0 0.662065 0.250665 0.127885 0.412571
0 0.986843 0.722828 0.0260732 0.46765
0 0.52714 0.238221 0.138992 0.420194
0 0.908165 0.725421 0.117016 0.46893
0 0.786337 0.71687 0.122297 0.487582
0 0.240363 0.702105 0.144374 0.54315
0 0.393596 0.693729 0.138391 0.528786
0 0.0813582 0.377929 0.154115 0.44407
0 0.0903469 0.788497 0.146608 0.369052
0 0.530774 0.705281 0.128909 0.510346
0 0.661456 0.712476 0.128188 0.508724
0 0.662065 0.250665 0.127885 0.412571
0 0.986843 0.722828 0.0260732 0.46765
0 0.52714 0.238221 0.138992 0.420194
