0 0.324239 0.742487 0.201164 0.432407
0 0.684874 0.726695 0.159362 0.409777
0 0.11304 0.681135 0.224445 0.343994
0 0.514137 0.736422 0.189085 0.417047
0 0.836715 0.713577 0.150534 0.396974
0 0.514228 0.736248 0.188485 0.42003
0 0.324239 0.742487 0.201164 0.432407
0 0.684874 0.726695 0.159362 0.409777
0 0.11304 0.681135 0.224445 0.343994
0 0.514137 0.736422 0.189085 0.417047
0 0.836715 0.713577 0.150534 0.396974
0 0.514228 0.736248 0.188485 0.42003
0 0.324239 0.742487 0.201164 0.432407
0 0.684874 0.726695 0.159362 0.409777
0 0.11304 0.681135 0.224445 0.343994
0 0.514137 0.736422 0.189085 0.417047
0 0.836715 0.713577 0.150534 0.396974
0 0.514228 0.736248 0.188485 0.42003
0 0.112403 0.69127 0.21839 0.333078
0 0.514987 0.735463 0.185508 0.418779
0 0.685491 0.727231 0.160062 0.405797
0 0.325264 0.740454 0.198838 0.419038
0 0.836181 0.715588 0.151224 0.386995
0 0.112403 0.69127 0.21839 0.333078
0 0.514987 0.735463 0.185508 0.418779
0 0.685491 0.727231 0.160062 0.405797
0 0.325264 0.740454 0.198838 0.419038
0 0.836181 0.715588 0.151224 0.386995
0 0.848992 0.487125 0.301486 0.867072
0 0.112403 0.69127 0.21839 0.333078
0 0.514987 0.735463 0.185508 0.418779
0 0.685491 0.727231 0.160062 0.405797
0 0.325264 0.740454 0.198838 0.419038
0 0.836181 0.715588 0.151224 0.386995
0 0.112403 0.69127 0.21839 0.333078
0 0.514987 0.735463 0.185508 0.418779
0 0.685491 0.727231 0.160062 0.405797
0 0.325264 0.740454 0.198838 0.419038
0 0.836181 0.715588 0.151224 0.386995
