0 0.305272 0.43814 0.10927 0.784713
0 0.414558 0.441073 0.103974 0.770905
0 0.192368 0.446964 0.114937 0.748645
0 0.616865 0.447777 0.0973202 0.743355
0 0.0711185 0.443525 0.119542 0.759312
0 0.519055 0.446113 0.0996847 0.752883
0 0.961497 0.46989 0.0709767 0.663358
0 0.943786 0.467469 0.0418385 0.659968
0 0.305272 0.43814 0.10927 0.784713
0 0.414558 0.441073 0.103974 0.770905
0 0.192368 0.446964 0.114937 0.748645
0 0.616865 0.447777 0.0973202 0.743355
0 0.0711185 0.443525 0.119542 0.759312
0 0.519055 0.446113 0.0996847 0.752883
0 0.961497 0.46989 0.0709767 0.663358
0 0.943786 0.467469 0.0418385 0.659968
0 0.305272 0.43814 0.10927 0.784713
0 0.414558 0.441073 0.103974 0.770905
0 0.192368 0.446964 0.114937 0.748645
0 0.616865 0.447777 0.0973202 0.743355
0 0.0711185 0.443525 0.119542 0.759312
0 0.519055 0.446113 0.0996847 0.752883
0 0.961497 0.46989 0.0709767 0.663358
0 0.943786 0.467469 0.0418385 0.659968
0 0.192962 0.448713 0.117873 0.758192
0 0.415152 0.441705 0.107038 0.779718
0 0.518495 0.449164 0.101368 0.765409
0 0.0707504 0.44109 0.125011 0.772751
0 0.30547 0.432398 0.1115 0.799904
0 0.61716 0.453455 0.0992314 0.750904
0 0.960761 0.459955 0.0775379 0.682829
0 0.960397 0.458299 0.0780702 0.695388
0 0.192962 0.448713 0.117873 0.758192
0 0.415152 0.441705 0.107038 0.779718
0 0.518495 0.449164 0.101368 0.765409
0 0.0707504 0.44109 0.125011 0.772751
0 0.30547 0.432398 0.1115 0.799904
0 0.61716 0.453455 0.0992314 0.750904
0 0.960761 0.459955 0.0775379 0.682829
0 0.960397 0.458299 0.0780702 0.695388
0 0.192962 0.448713 0.117873 0.758192
0 0.415152 0.441705 0.107038 0.779718
0 0.518495 0.449164 0.101368 0.765409
0 0.0707504 0.44109 0.125011 0.772751
0 0.30547 0.432398 0.1115 0.799904
0 0.61716 0.453455 0.0992314 0.750904
0 0.960761 0.459955 0.0775379 0.682829
0 0.960397 0.458299 0.0780702 0.695388
