0 0.517471 0.508624 0.147848 0.392345
0 0.892368 0.693043 0.206622 0.474333
0 0.693605 0.59701 0.163977 0.427695
0 0.0555856 0.21078 0.0987485 0.42156
0 0.377385 0.436591 0.14107 0.368099
0 0.128532 0.24369 0.0768863 0.438649
0 0.517471 0.508624 0.147848 0.392345
0 0.892368 0.693043 0.206622 0.474333
0 0.693605 0.59701 0.163977 0.427695
0 0.0555856 0.21078 0.0987485 0.42156
0 0.377385 0.436591 0.14107 0.368099
0 0.128532 0.24369 0.0768863 0.438649
0 0.517471 0.508624 0.147848 0.392345
0 0.892368 0.693043 0.206622 0.474333
0 0.693605 0.59701 0.163977 0.427695
0 0.0555856 0.21078 0.0987485 0.42156
0 0.377385 0.436591 0.14107 0.368099
0 0.128532 0.24369 0.0768863 0.438649
0 0.379153 0.445404 0.135691 0.342076
0 0.517583 0.521782 0.145424 0.361353
0 0.691181 0.620216 0.153803 0.386113
0 0.129712 0.250251 0.0745439 0.434566
0 0.0592976 0.216306 0.0889213 0.420226
0 0.23065 0.322438 0.15665 0.389695
0 0.897929 0.721754 0.196048 0.423398
0 0.0141799 0.201828 0.0283599 0.401673
0 0.379153 0.445404 0.135691 0.342076
0 0.517583 0.521782 0.145424 0.361353
0 0.691181 0.620216 0.153803 0.386113
0 0.129712 0.250251 0.0745439 0.434566
0 0.0592976 0.216306 0.0889213 0.420226
0 0.23065 0.322438 0.15665 0.389695
0 0.897929 0.721754 0.196048 0.423398
0 0.0141799 0.201828 0.0283599 0.401673
0 0.821244 0.679374 0.0592394 0.375719
0 0.910891 0.722634 0.155551 0.41672
0 0.379153 0.445404 0.135691 0.342076
0 0.517583 0.521782 0.145424 0.361353
0 0.691181 0.620216 0.153803 0.386113
0 0.129712 0.250251 0.0745439 0.434566
0 0.0592976 0.216306 0.0889213 0.420226
0 0.23065 0.322438 0.15665 0.389695
0 0.897929 0.721754 0.196048 0.423398
0 0.0141799 0.201828 0.0283599 0.401673
0 0.379153 0.445404 0.135691 0.342076
0 0.517583 0.521782 0.145424 0.361353
0 0.691181 0.620216 0.153803 0.386113
0 0.129712 0.250251 0.0745439 0.434566
0 0.0592976 0.216306 0.0889213 0.420226
0 0.23065 0.322438 0.15665 0.389695
0 0.897929 0.721754 0.196048 0.423398
0 0.0141799 0.201828 0.0283599 0.401673
