0 0.887845 0.500088 0.213683 0.816656
0 0.471919 0.520906 0.614361 0.866705
0 0.0856091 0.635241 0.170785 0.224776
0 0.0881662 0.288539 0.175178 0.519298
0 0.0930905 0.834938 0.184972 0.200071
0 0.887845 0.500088 0.213683 0.816656
0 0.471919 0.520906 0.614361 0.866705
0 0.0856091 0.635241 0.170785 0.224776
0 0.0881662 0.288539 0.175178 0.519298
0 0.0930905 0.834938 0.184972 0.200071
0 0.887845 0.500088 0.213683 0.816656
0 0.471919 0.520906 0.614361 0.866705
0 0.0856091 0.635241 0.170785 0.224776
0 0.0881662 0.288539 0.175178 0.519298
0 0.0930905 0.834938 0.184972 0.200071
0 0.466685 0.442421 0.595081 0.826595
0 0.89065 0.502774 0.21028 0.752507
0 0.097316 0.49907 0.192743 0.910635
0 0.889671 0.500575 0.208799 0.754486
0 0.466685 0.442421 0.595081 0.826595
0 0.89065 0.502774 0.21028 0.752507
0 0.097316 0.49907 0.192743 0.910635
0 0.889671 0.500575 0.208799 0.754486
0 0.466685 0.442421 0.595081 0.826595
0 0.89065 0.502774 0.21028 0.752507
0 0.097316 0.49907 0.192743 0.910635
0 0.889671 0.500575 0.208799 0.754486
0 0.466685 0.442421 0.595081 0.826595
0 0.89065 0.502774 0.21028 0.752507
0 0.097316 0.49907 0.192743 0.910635
0 0.889671 0.500575 0.208799 0.754486
