0 0.436262 0.526152 0.124629 0.934951
0 0.193127 0.540102 0.127793 0.919796
0 0.0705402 0.535609 0.135894 0.928781
0 0.312053 0.527366 0.128636 0.945268
0 0.926133 0.507176 0.123427 0.971581
0 0.813483 0.5 0.135189 1
0 0.56284 0.497567 0.131675 0.995133
0 0.688531 0.490217 0.133581 0.980434
0 0.56307 0.497168 0.129823 0.993018
0 0.687693 0.49587 0.130701 0.983999
0 0.436262 0.526152 0.124629 0.934951
0 0.193127 0.540102 0.127793 0.919796
0 0.0705402 0.535609 0.135894 0.928781
0 0.312053 0.527366 0.128636 0.945268
0 0.926133 0.507176 0.123427 0.971581
0 0.813483 0.5 0.135189 1
0 0.56284 0.497567 0.131675 0.995133
0 0.688531 0.490217 0.133581 0.980434
0 0.56307 0.497168 0.129823 0.993018
0 0.687693 0.49587 0.130701 0.983999
0 0.436262 0.526152 0.124629 0.934951
0 0.193127 0.540102 0.127793 0.919796
0 0.0705402 0.535609 0.135894 0.928781
0 0.312053 0.527366 0.128636 0.945268
0 0.926133 0.507176 0.123427 0.971581
0 0.813483 0.5 0.135189 1
0 0.56284 0.497567 0.131675 0.995133
0 0.688531 0.490217 0.133581 0.980434
0 0.56307 0.497168 0.129823 0.993018
0 0.687693 0.49587 0.130701 0.983999
0 0.314233 0.521363 0.127993 0.957274
0 0.439357 0.506467 0.128433 0.972477
0 0.929889 0.505818 0.117368 0.934274
0 0.193593 0.531342 0.129226 0.937317
0 0.564776 0.49474 0.131301 0.98948
0 0.816769 0.465727 0.133861 0.931453
0 0.691528 0.455736 0.131371 0.911472
0 0.0724922 0.537326 0.131954 0.925347
0 0.314233 0.521363 0.127993 0.957274
0 0.439357 0.506467 0.128433 0.972477
0 0.929889 0.505818 0.117368 0.934274
0 0.193593 0.531342 0.129226 0.937317
0 0.564776 0.49474 0.131301 0.98948
0 0.816769 0.465727 0.133861 0.931453
0 0.691528 0.455736 0.131371 0.911472
0 0.0724922 0.537326 0.131954 0.925347
0 0.691139 0.45682 0.130676 0.91364
0 0.817305 0.462953 0.134045 0.925905
0 0.314233 0.521363 0.127993 0.957274
0 0.439357 0.506467 0.128433 0.972477
0 0.929889 0.505818 0.117368 0.934274
0 0.193593 0.531342 0.129226 0.937317
0 0.564776 0.49474 0.131301 0.98948
0 0.816769 0.465727 0.133861 0.931453
0 0.691528 0.455736 0.131371 0.911472
0 0.0724922 0.537326 0.131954 0.925347
0 0.314233 0.521363 0.127993 0.957274
0 0.439357 0.506467 0.128433 0.972477
0 0.929889 0.505818 0.117368 0.934274
0 0.193593 0.531342 0.129226 0.937317
0 0.564776 0.49474 0.131301 0.98948
0 0.816769 0.465727 0.133861 0.931453
0 0.691528 0.455736 0.131371 0.911472
0 0.0724922 0.537326 0.131954 0.925347
