0 0.817481 0.627598 0.279426 0.669436
0 0.146799 0.657292 0.237603 0.482894
0 0.467547 0.541211 0.28139 0.449479
0 0.817481 0.627598 0.279426 0.669436
0 0.146799 0.657292 0.237603 0.482894
0 0.467547 0.541211 0.28139 0.449479
0 0.817481 0.627598 0.279426 0.669436
0 0.146799 0.657292 0.237603 0.482894
0 0.467547 0.541211 0.28139 0.449479
0 0.826557 0.62048 0.276072 0.648274
0 0.147085 0.652449 0.236458 0.489334
0 0.466466 0.561122 0.297035 0.440207
0 0.826557 0.62048 0.276072 0.648274
0 0.147085 0.652449 0.236458 0.489334
0 0.466466 0.561122 0.297035 0.440207
0 0.826557 0.62048 0.276072 0.648274
0 0.147085 0.652449 0.236458 0.489334
0 0.466466 0.561122 0.297035 0.440207
0 0.826557 0.62048 0.276072 0.648274
0 0.147085 0.652449 0.236458 0.489334
0 0.466466 0.561122 0.297035 0.440207
