0 0.911079 0.667828 0.0892984 0.611054
0 0.825403 0.672533 0.0906261 0.612995
0 0.402757 0.661206 0.0855924 0.622149
0 0.317934 0.662557 0.0866969 0.624117
0 0.74201 0.669307 0.0858888 0.610191
0 0.657739 0.672799 0.0879006 0.602893
0 0.571089 0.66808 0.0883267 0.611421
0 0.146475 0.664885 0.0911731 0.63514
0 0.486938 0.663371 0.0824159 0.619636
0 0.23159 0.666339 0.0907613 0.637132
0 0.974807 0.665847 0.0503851 0.61921
0 0.0614159 0.659643 0.0942401 0.648579
0 0.911079 0.667828 0.0892984 0.611054
0 0.825403 0.672533 0.0906261 0.612995
0 0.402757 0.661206 0.0855924 0.622149
0 0.317934 0.662557 0.0866969 0.624117
0 0.74201 0.669307 0.0858888 0.610191
0 0.657739 0.672799 0.0879006 0.602893
0 0.571089 0.66808 0.0883267 0.611421
0 0.146475 0.664885 0.0911731 0.63514
0 0.486938 0.663371 0.0824159 0.619636
0 0.23159 0.666339 0.0907613 0.637132
0 0.974807 0.665847 0.0503851 0.61921
0 0.0614159 0.659643 0.0942401 0.648579
0 0.911079 0.667828 0.0892984 0.611054
0 0.825403 0.672533 0.0906261 0.612995
0 0.402757 0.661206 0.0855924 0.622149
0 0.317934 0.662557 0.0866969 0.624117
0 0.74201 0.669307 0.0858888 0.610191
0 0.657739 0.672799 0.0879006 0.602893
0 0.571089 0.66808 0.0883267 0.611421
0 0.146475 0.664885 0.0911731 0.63514
0 0.486938 0.663371 0.0824159 0.619636
0 0.23159 0.666339 0.0907613 0.637132
0 0.974807 0.665847 0.0503851 0.61921
0 0.0614159 0.659643 0.0942401 0.648579
0 0.14698 0.661682 0.0930781 0.632487
0 0.657045 0.67693 0.0914003 0.594674
0 0.403136 0.66013 0.0875211 0.628329
0 0.486734 0.661667 0.0846374 0.620358
0 0.826415 0.67194 0.0905538 0.607661
0 0.0627907 0.659975 0.0922516 0.641926
0 0.9752 0.669392 0.0496009 0.610104
0 0.318338 0.664397 0.0892556 0.621155
0 0.910598 0.670867 0.0888408 0.612749
0 0.23195 0.662163 0.092373 0.636799
0 0.741564 0.668787 0.0887643 0.61158
0 0.570829 0.669241 0.0914522 0.617654
0 0.14698 0.661682 0.0930781 0.632487
0 0.657045 0.67693 0.0914003 0.594674
0 0.403136 0.66013 0.0875211 0.628329
0 0.486734 0.661667 0.0846374 0.620358
0 0.826415 0.67194 0.0905538 0.607661
0 0.0627907 0.659975 0.0922516 0.641926
0 0.9752 0.669392 0.0496009 0.610104
0 0.318338 0.664397 0.0892556 0.621155
0 0.910598 0.670867 0.0888408 0.612749
0 0.23195 0.662163 0.092373 0.636799
0 0.741564 0.668787 0.0887643 0.61158
0 0.570829 0.669241 0.0914522 0.617654
0 0.14698 0.661682 0.0930781 0.632487
0 0.657045 0.67693 0.0914003 0.594674
0 0.403136 0.66013 0.0875211 0.628329
0 0.486734 0.661667 0.0846374 0.620358
0 0.826415 0.67194 0.0905538 0.607661
0 0.0627907 0.659975 0.0922516 0.641926
0 0.9752 0.669392 0.0496009 0.610104
0 0.318338 0.664397 0.0892556 0.621155
0 0.910598 0.670867 0.0888408 0.612749
0 0.23195 0.662163 0.092373 0.636799
0 0.741564 0.668787 0.0887643 0.61158
0 0.570829 0.669241 0.0914522 0.617654
0 0.14698 0.661682 0.0930781 0.632487
0 0.657045 0.67693 0.0914003 0.594674
0 0.403136 0.66013 0.0875211 0.628329
0 0.486734 0.661667 0.0846374 0.620358
0 0.826415 0.67194 0.0905538 0.607661
0 0.0627907 0.659975 0.0922516 0.641926
0 0.9752 0.669392 0.0496009 0.610104
0 0.318338 0.664397 0.0892556 0.621155
0 0.910598 0.670867 0.0888408 0.612749
0 0.23195 0.662163 0.092373 0.636799
0 0.741564 0.668787 0.0887643 0.61158
0 0.570829 0.669241 0.0914522 0.617654
