0 0.420364 0.286203 0.123723 0.443182
0 0.779768 0.769059 0.132422 0.413324
0 0.662572 0.320626 0.131733 0.462263
0 0.185268 0.271921 0.122453 0.419179
0 0.787325 0.334814 0.13367 0.469424
0 0.539619 0.310966 0.12739 0.453042
0 0.906595 0.793497 0.136138 0.405092
0 0.657077 0.750304 0.129731 0.400738
0 0.915388 0.552907 0.151529 0.889948
0 0.302467 0.279013 0.123123 0.435012
0 0.536573 0.730277 0.127237 0.399473
0 0.069789 0.66641 0.126729 0.386
0 0.420364 0.286203 0.123723 0.443182
0 0.779768 0.769059 0.132422 0.413324
0 0.662572 0.320626 0.131733 0.462263
0 0.185268 0.271921 0.122453 0.419179
0 0.787325 0.334814 0.13367 0.469424
0 0.539619 0.310966 0.12739 0.453042
0 0.906595 0.793497 0.136138 0.405092
0 0.657077 0.750304 0.129731 0.400738
0 0.915388 0.552907 0.151529 0.889948
0 0.302467 0.279013 0.123123 0.435012
0 0.536573 0.730277 0.127237 0.399473
0 0.069789 0.66641 0.126729 0.386
0 0.420364 0.286203 0.123723 0.443182
0 0.779768 0.769059 0.132422 0.413324
0 0.662572 0.320626 0.131733 0.462263
0 0.185268 0.271921 0.122453 0.419179
0 0.787325 0.334814 0.13367 0.469424
0 0.539619 0.310966 0.12739 0.453042
0 0.906595 0.793497 0.136138 0.405092
0 0.657077 0.750304 0.129731 0.400738
0 0.915388 0.552907 0.151529 0.889948
0 0.302467 0.279013 0.123123 0.435012
0 0.536573 0.730277 0.127237 0.399473
0 0.069789 0.66641 0.126729 0.386
0 0.306538 0.471567 0.127369 0.805797
0 0.420161 0.48365 0.128987 0.842372
0 0.541844 0.506051 0.131797 0.86758
0 0.917457 0.364218 0.139476 0.484555
0 0.663853 0.521916 0.132197 0.88145
0 0.788086 0.339797 0.133679 0.471337
0 0.186718 0.42808 0.125808 0.725076
0 0.907897 0.798913 0.133185 0.396738
0 0.0688232 0.462308 0.130084 0.834339
0 0.540336 0.310549 0.127273 0.467063
0 0.420707 0.291651 0.122189 0.443509
0 0.658265 0.751809 0.123731 0.39961
0 0.0656877 0.265388 0.125081 0.441112
0 0.916739 0.557272 0.146804 0.885457
0 0.303205 0.28833 0.120919 0.43749
0 0.306538 0.471567 0.127369 0.805797
0 0.420161 0.48365 0.128987 0.842372
0 0.541844 0.506051 0.131797 0.86758
0 0.917457 0.364218 0.139476 0.484555
0 0.663853 0.521916 0.132197 0.88145
0 0.788086 0.339797 0.133679 0.471337
0 0.186718 0.42808 0.125808 0.725076
0 0.907897 0.798913 0.133185 0.396738
0 0.0688232 0.462308 0.130084 0.834339
0 0.540336 0.310549 0.127273 0.467063
0 0.420707 0.291651 0.122189 0.443509
0 0.658265 0.751809 0.123731 0.39961
0 0.0656877 0.265388 0.125081 0.441112
0 0.916739 0.557272 0.146804 0.885457
0 0.303205 0.28833 0.120919 0.43749
0 0.781977 0.770817 0.12696 0.407174
0 0.785799 0.547072 0.136224 0.886053
0 0.663018 0.323992 0.129173 0.476664
0 0.185262 0.284097 0.123063 0.418444
0 0.787124 0.543016 0.138695 0.891993
0 0.213728 0.911116 0.213045 0.177769
0 0.306538 0.471567 0.127369 0.805797
0 0.420161 0.48365 0.128987 0.842372
0 0.541844 0.506051 0.131797 0.86758
0 0.917457 0.364218 0.139476 0.484555
0 0.663853 0.521916 0.132197 0.88145
0 0.788086 0.339797 0.133679 0.471337
0 0.186718 0.42808 0.125808 0.725076
0 0.907897 0.798913 0.133185 0.396738
0 0.0688232 0.462308 0.130084 0.834339
0 0.540336 0.310549 0.127273 0.467063
0 0.420707 0.291651 0.122189 0.443509
0 0.658265 0.751809 0.123731 0.39961
0 0.0656877 0.265388 0.125081 0.441112
0 0.916739 0.557272 0.146804 0.885457
0 0.303205 0.28833 0.120919 0.43749
