0 0.866525 0.627631 0.211638 0.677506
0 0.161757 0.49036 0.323514 0.805769
0 0.58144 0.602706 0.108961 0.672048
0 0.161278 0.47988 0.322556 0.822453
0 0.700412 0.610569 0.130302 0.681457
0 0.370321 0.58007 0.108634 0.691154
0 0.866525 0.627631 0.211638 0.677506
0 0.161757 0.49036 0.323514 0.805769
0 0.58144 0.602706 0.108961 0.672048
0 0.161278 0.47988 0.322556 0.822453
0 0.700412 0.610569 0.130302 0.681457
0 0.370321 0.58007 0.108634 0.691154
0 0.866525 0.627631 0.211638 0.677506
0 0.161757 0.49036 0.323514 0.805769
0 0.58144 0.602706 0.108961 0.672048
0 0.161278 0.47988 0.322556 0.822453
0 0.700412 0.610569 0.130302 0.681457
0 0.370321 0.58007 0.108634 0.691154
0 0.703141 0.608737 0.122138 0.678065
0 0.872567 0.511174 0.223446 0.936376
0 0.477427 0.594471 0.110404 0.668092
0 0.585313 0.604307 0.120333 0.669774
0 0.161958 0.502073 0.321577 0.785053
0 0.477411 0.591731 0.111238 0.666342
0 0.370276 0.585798 0.118987 0.665035
0 0.37041 0.58794 0.116767 0.66055
0 0.703141 0.608737 0.122138 0.678065
0 0.872567 0.511174 0.223446 0.936376
0 0.477427 0.594471 0.110404 0.668092
0 0.585313 0.604307 0.120333 0.669774
0 0.161958 0.502073 0.321577 0.785053
0 0.477411 0.591731 0.111238 0.666342
0 0.370276 0.585798 0.118987 0.665035
0 0.37041 0.58794 0.116767 0.66055
0 0.584627 0.605064 0.122249 0.670547
0 0.703141 0.608737 0.122138 0.678065
0 0.872567 0.511174 0.223446 0.936376
0 0.477427 0.594471 0.110404 0.668092
0 0.585313 0.604307 0.120333 0.669774
0 0.161958 0.502073 0.321577 0.785053
0 0.477411 0.591731 0.111238 0.666342
0 0.370276 0.585798 0.118987 0.665035
0 0.37041 0.58794 0.116767 0.66055
0 0.703141 0.608737 0.122138 0.678065
0 0.872567 0.511174 0.223446 0.936376
0 0.477427 0.594471 0.110404 0.668092
0 0.585313 0.604307 0.120333 0.669774
0 0.161958 0.502073 0.321577 0.785053
0 0.477411 0.591731 0.111238 0.666342
0 0.370276 0.585798 0.118987 0.665035
0 0.37041 0.58794 0.116767 0.66055
