0 0.375231 0.56338 0.266953 0.696251
0 0.17609 0.41859 0.183101 0.526944
0 0.622181 0.595522 0.231528 0.700922
0 0.858044 0.636332 0.248611 0.660631
0 0.375231 0.56338 0.266953 0.696251
0 0.17609 0.41859 0.183101 0.526944
0 0.622181 0.595522 0.231528 0.700922
0 0.858044 0.636332 0.248611 0.660631
0 0.375231 0.56338 0.266953 0.696251
0 0.17609 0.41859 0.183101 0.526944
0 0.622181 0.595522 0.231528 0.700922
0 0.858044 0.636332 0.248611 0.660631
0 0.375276 0.553778 0.260314 0.716379
0 0.171359 0.419968 0.171953 0.542189
0 0.857828 0.641344 0.242981 0.683836
0 0.617667 0.59142 0.227216 0.740317
0 0.375276 0.553778 0.260314 0.716379
0 0.171359 0.419968 0.171953 0.542189
0 0.857828 0.641344 0.242981 0.683836
0 0.617667 0.59142 0.227216 0.740317
0 0.375276 0.553778 0.260314 0.716379
0 0.171359 0.419968 0.171953 0.542189
0 0.857828 0.641344 0.242981 0.683836
0 0.617667 0.59142 0.227216 0.740317
0 0.375276 0.553778 0.260314 0.716379
0 0.171359 0.419968 0.171953 0.542189
0 0.857828 0.641344 0.242981 0.683836
0 0.617667 0.59142 0.227216 0.740317
