0 0.523223 0.176026 0.259287 0.342743
0 0.197063 0.593937 0.3174 0.656071
0 0.523223 0.176026 0.259287 0.342743
0 0.197063 0.593937 0.3174 0.656071
0 0.517186 0.601022 0.287434 0.629086
0 0.206056 0.595227 0.315056 0.681448
0 0.784531 0.226599 0.287021 0.453198
0 0.517186 0.601022 0.287434 0.629086
0 0.206056 0.595227 0.315056 0.681448
0 0.784531 0.226599 0.287021 0.453198
0 0.517186 0.601022 0.287434 0.629086
0 0.206056 0.595227 0.315056 0.681448
0 0.784531 0.226599 0.287021 0.453198
0 0.517186 0.601022 0.287434 0.629086
0 0.206056 0.595227 0.315056 0.681448
0 0.784531 0.226599 0.287021 0.453198
