0 0.782248 0.560375 0.435505 0.779452
0 0.257939 0.591079 0.51225 0.652537
0 0.121818 0.601793 0.243637 0.648657
0 0.782248 0.560375 0.435505 0.779452
0 0.257939 0.591079 0.51225 0.652537
0 0.121818 0.601793 0.243637 0.648657
0 0.782248 0.560375 0.435505 0.779452
0 0.257939 0.591079 0.51225 0.652537
0 0.121818 0.601793 0.243637 0.648657
0 0.274406 0.597239 0.543402 0.698448
0 0.274406 0.597239 0.543402 0.698448
0 0.68976 0.547813 0.302378 0.797459
0 0.268822 0.59476 0.537643 0.701161
0 0.289265 0.812315 0.53074 0.276913
0 0.274406 0.597239 0.543402 0.698448
0 0.274406 0.597239 0.543402 0.698448
