0 0.800432 0.667048 0.392335 0.566461
0 0.679023 0.311229 0.32044 0.246085
0 0.350283 0.41121 0.376767 0.297231
0 0.0973183 0.599598 0.194637 0.503053
0 0.800432 0.667048 0.392335 0.566461
0 0.679023 0.311229 0.32044 0.246085
0 0.350283 0.41121 0.376767 0.297231
0 0.0973183 0.599598 0.194637 0.503053
0 0.324801 0.181136 0.330702 0.252868
0 0.802924 0.683923 0.394152 0.632154
0 0.9581 0.260486 0.0838007 0.166095
0 0.324801 0.181136 0.330702 0.252868
0 0.802924 0.683923 0.394152 0.632154
0 0.9581 0.260486 0.0838007 0.166095
0 0.677604 0.325428 0.319195 0.308463
0 0.982721 0.716887 0.0345572 0.479402
0 0.324801 0.181136 0.330702 0.252868
0 0.802924 0.683923 0.394152 0.632154
0 0.9581 0.260486 0.0838007 0.166095
0 0.324801 0.181136 0.330702 0.252868
0 0.802924 0.683923 0.394152 0.632154
0 0.9581 0.260486 0.0838007 0.166095
