0 0.257434 0.463936 0.253256 0.355453
0 0.245342 0.80289 0.288387 0.381175
0 0.282057 0.210317 0.231197 0.148516
0 0.529933 0.400173 0.287349 0.389399
0 0.820802 0.599863 0.331479 0.773194
0 0.527523 0.688307 0.283816 0.25476
0 0.0695774 0.519233 0.138594 0.262872
0 0.074611 0.273278 0.149222 0.271284
0 0.257434 0.463936 0.253256 0.355453
0 0.245342 0.80289 0.288387 0.381175
0 0.282057 0.210317 0.231197 0.148516
0 0.529933 0.400173 0.287349 0.389399
0 0.820802 0.599863 0.331479 0.773194
0 0.527523 0.688307 0.283816 0.25476
0 0.0695774 0.519233 0.138594 0.262872
0 0.074611 0.273278 0.149222 0.271284
0 0.257434 0.463936 0.253256 0.355453
0 0.245342 0.80289 0.288387 0.381175
0 0.282057 0.210317 0.231197 0.148516
0 0.529933 0.400173 0.287349 0.389399
0 0.820802 0.599863 0.331479 0.773194
0 0.527523 0.688307 0.283816 0.25476
0 0.0695774 0.519233 0.138594 0.262872
0 0.074611 0.273278 0.149222 0.271284
0 0.246585 0.804964 0.292421 0.385797
0 0.261856 0.457734 0.266682 0.388573
0 0.829356 0.531201 0.324477 0.622646
0 0.531976 0.397107 0.306406 0.406543
0 0.798605 0.869843 0.272355 0.256089
0 0.538384 0.121254 0.267988 0.221755
0 0.246585 0.804964 0.292421 0.385797
0 0.261856 0.457734 0.266682 0.388573
0 0.829356 0.531201 0.324477 0.622646
0 0.531976 0.397107 0.306406 0.406543
0 0.798605 0.869843 0.272355 0.256089
0 0.538384 0.121254 0.267988 0.221755
0 0.528976 0.770122 0.293601 0.448762
0 0.0726623 0.674491 0.144889 0.636186
0 0.294486 0.0935341 0.224274 0.145485
0 0.976468 0.0649238 0.0468741 0.129848
0 0.246585 0.804964 0.292421 0.385797
0 0.261856 0.457734 0.266682 0.388573
0 0.829356 0.531201 0.324477 0.622646
0 0.531976 0.397107 0.306406 0.406543
0 0.798605 0.869843 0.272355 0.256089
0 0.538384 0.121254 0.267988 0.221755
0 0.246585 0.804964 0.292421 0.385797
0 0.261856 0.457734 0.266682 0.388573
0 0.829356 0.531201 0.324477 0.622646
0 0.531976 0.397107 0.306406 0.406543
0 0.798605 0.869843 0.272355 0.256089
0 0.538384 0.121254 0.267988 0.221755
