0 0.0671821 0.153529 0.134364 0.307059
0 0.486599 0.494267 0.190592 0.315974
0 0.0671821 0.153529 0.134364 0.307059
0 0.486599 0.494267 0.190592 0.315974
0 0.0671821 0.153529 0.134364 0.307059
0 0.486599 0.494267 0.190592 0.315974
0 0.0797097 0.157559 0.159419 0.315117
0 0.844667 0.840967 0.163555 0.175619
0 0.71557 0.716257 0.149446 0.221786
0 0.195362 0.260724 0.145397 0.307844
0 0.0797097 0.157559 0.159419 0.315117
0 0.844667 0.840967 0.163555 0.175619
0 0.71557 0.716257 0.149446 0.221786
0 0.195362 0.260724 0.145397 0.307844
0 0.843857 0.843128 0.162191 0.168304
0 0.323524 0.346389 0.197943 0.338811
0 0.457849 0.489405 0.140572 0.252731
0 0.196395 0.256418 0.145849 0.31081
0 0.683809 0.670373 0.244977 0.321544
0 0.0797097 0.157559 0.159419 0.315117
0 0.844667 0.840967 0.163555 0.175619
0 0.71557 0.716257 0.149446 0.221786
0 0.195362 0.260724 0.145397 0.307844
0 0.0797097 0.157559 0.159419 0.315117
0 0.844667 0.840967 0.163555 0.175619
0 0.71557 0.716257 0.149446 0.221786
0 0.195362 0.260724 0.145397 0.307844
