0 0.782498 0.524805 0.289481 0.370567
0 0.186115 0.741062 0.372229 0.43151
0 0.48016 0.596985 0.331724 0.429235
0 0.782498 0.524805 0.289481 0.370567
0 0.186115 0.741062 0.372229 0.43151
0 0.48016 0.596985 0.331724 0.429235
0 0.782498 0.524805 0.289481 0.370567
0 0.186115 0.741062 0.372229 0.43151
0 0.48016 0.596985 0.331724 0.429235
0 0.176078 0.748476 0.352157 0.440591
0 0.460479 0.493019 0.348878 0.648704
0 0.778169 0.528142 0.27805 0.361593
0 0.757266 0.381038 0.320547 0.671684
0 0.176078 0.748476 0.352157 0.440591
0 0.460479 0.493019 0.348878 0.648704
0 0.778169 0.528142 0.27805 0.361593
0 0.757266 0.381038 0.320547 0.671684
0 0.176078 0.748476 0.352157 0.440591
0 0.460479 0.493019 0.348878 0.648704
0 0.778169 0.528142 0.27805 0.361593
0 0.757266 0.381038 0.320547 0.671684
0 0.176078 0.748476 0.352157 0.440591
0 0.460479 0.493019 0.348878 0.648704
0 0.778169 0.528142 0.27805 0.361593
0 0.757266 0.381038 0.320547 0.671684
