0 0.891473 0.519162 0.183954 0.842324
0 0.258546 0.491742 0.127811 0.809106
0 0.359661 0.503836 0.127663 0.826823
0 0.727037 0.525439 0.186317 0.844288
0 0.573395 0.520005 0.129366 0.840331
0 0.464637 0.518076 0.125002 0.821417
0 0.159905 0.466101 0.124071 0.820543
0 0.0287404 0.496876 0.0574809 0.948788
0 0.891473 0.519162 0.183954 0.842324
0 0.258546 0.491742 0.127811 0.809106
0 0.359661 0.503836 0.127663 0.826823
0 0.727037 0.525439 0.186317 0.844288
0 0.573395 0.520005 0.129366 0.840331
0 0.464637 0.518076 0.125002 0.821417
0 0.159905 0.466101 0.124071 0.820543
0 0.0287404 0.496876 0.0574809 0.948788
0 0.891473 0.519162 0.183954 0.842324
0 0.258546 0.491742 0.127811 0.809106
0 0.359661 0.503836 0.127663 0.826823
0 0.727037 0.525439 0.186317 0.844288
0 0.573395 0.520005 0.129366 0.840331
0 0.464637 0.518076 0.125002 0.821417
0 0.159905 0.466101 0.124071 0.820543
0 0.0287404 0.496876 0.0574809 0.948788
0 0.725927 0.531904 0.17695 0.831662
0 0.573665 0.520054 0.126792 0.850141
0 0.359392 0.494459 0.119758 0.839799
0 0.891592 0.530339 0.171594 0.830694
0 0.257421 0.475633 0.119215 0.831708
0 0.462431 0.512236 0.120649 0.842103
0 0.0234623 0.438151 0.0465505 0.82136
0 0.0772384 0.421983 0.100507 0.814653
0 0.462963 0.514564 0.117201 0.846424
0 0.725927 0.531904 0.17695 0.831662
0 0.573665 0.520054 0.126792 0.850141
0 0.359392 0.494459 0.119758 0.839799
0 0.891592 0.530339 0.171594 0.830694
0 0.257421 0.475633 0.119215 0.831708
0 0.462431 0.512236 0.120649 0.842103
0 0.0234623 0.438151 0.0465505 0.82136
0 0.0772384 0.421983 0.100507 0.814653
0 0.462963 0.514564 0.117201 0.846424
0 0.255771 0.474441 0.117893 0.844862
0 0.16056 0.462269 0.118811 0.819819
0 0.725927 0.531904 0.17695 0.831662
0 0.573665 0.520054 0.126792 0.850141
0 0.359392 0.494459 0.119758 0.839799
0 0.891592 0.530339 0.171594 0.830694
0 0.257421 0.475633 0.119215 0.831708
0 0.462431 0.512236 0.120649 0.842103
0 0.0234623 0.438151 0.0465505 0.82136
0 0.0772384 0.421983 0.100507 0.814653
0 0.462963 0.514564 0.117201 0.846424
