0 0.528997 0.660297 0.288327 0.622823
0 0.834101 0.499889 0.206981 0.397045
0 0.203367 0.659855 0.325026 0.501803
0 0.528997 0.660297 0.288327 0.622823
0 0.834101 0.499889 0.206981 0.397045
0 0.203367 0.659855 0.325026 0.501803
0 0.528997 0.660297 0.288327 0.622823
0 0.834101 0.499889 0.206981 0.397045
0 0.203367 0.659855 0.325026 0.501803
0 0.530022 0.646996 0.274027 0.61335
0 0.207313 0.656252 0.306193 0.52582
0 0.803699 0.496177 0.2508 0.432339
0 0.530022 0.646996 0.274027 0.61335
0 0.207313 0.656252 0.306193 0.52582
0 0.803699 0.496177 0.2508 0.432339
0 0.530022 0.646996 0.274027 0.61335
0 0.207313 0.656252 0.306193 0.52582
0 0.803699 0.496177 0.2508 0.432339
0 0.530022 0.646996 0.274027 0.61335
0 0.207313 0.656252 0.306193 0.52582
0 0.803699 0.496177 0.2508 0.432339
