0 0.312153 0.439912 0.337054 0.345349
0 0.22287 0.797107 0.42455 0.361607
0 0.642403 0.802836 0.412898 0.359147
0 0.706411 0.455214 0.344782 0.322657
0 0.312153 0.439912 0.337054 0.345349
0 0.22287 0.797107 0.42455 0.361607
0 0.642403 0.802836 0.412898 0.359147
0 0.706411 0.455214 0.344782 0.322657
0 0.312153 0.439912 0.337054 0.345349
0 0.22287 0.797107 0.42455 0.361607
0 0.642403 0.802836 0.412898 0.359147
0 0.706411 0.455214 0.344782 0.322657
0 0.255182 0.53669 0.463928 0.878194
0 0.667908 0.551583 0.447859 0.830514
0 0.674537 0.554707 0.424997 0.855616
0 0.255182 0.53669 0.463928 0.878194
0 0.667908 0.551583 0.447859 0.830514
0 0.674537 0.554707 0.424997 0.855616
0 0.252323 0.544295 0.484274 0.861042
0 0.255182 0.53669 0.463928 0.878194
0 0.667908 0.551583 0.447859 0.830514
0 0.674537 0.554707 0.424997 0.855616
0 0.255182 0.53669 0.463928 0.878194
0 0.667908 0.551583 0.447859 0.830514
0 0.674537 0.554707 0.424997 0.855616
