0 0.449258 0.579115 0.113875 0.769166
0 0.266243 0.606154 0.115871 0.736425
0 0.546116 0.575631 0.113781 0.784946
0 0.649732 0.558228 0.122206 0.821657
0 0.757568 0.549775 0.122373 0.814253
0 0.0739044 0.611858 0.147809 0.738658
0 0.867628 0.536939 0.137974 0.858753
0 0.355974 0.594361 0.111707 0.768662
0 0.957408 0.533726 0.0851837 0.868515
0 0.0646047 0.169555 0.129209 0.339109
0 0.356528 0.586161 0.111183 0.755246
0 0.17609 0.610463 0.113622 0.737188
0 0.449258 0.579115 0.113875 0.769166
0 0.266243 0.606154 0.115871 0.736425
0 0.546116 0.575631 0.113781 0.784946
0 0.649732 0.558228 0.122206 0.821657
0 0.757568 0.549775 0.122373 0.814253
0 0.0739044 0.611858 0.147809 0.738658
0 0.867628 0.536939 0.137974 0.858753
0 0.355974 0.594361 0.111707 0.768662
0 0.957408 0.533726 0.0851837 0.868515
0 0.0646047 0.169555 0.129209 0.339109
0 0.356528 0.586161 0.111183 0.755246
0 0.17609 0.610463 0.113622 0.737188
0 0.449258 0.579115 0.113875 0.769166
0 0.266243 0.606154 0.115871 0.736425
0 0.546116 0.575631 0.113781 0.784946
0 0.649732 0.558228 0.122206 0.821657
0 0.757568 0.549775 0.122373 0.814253
0 0.0739044 0.611858 0.147809 0.738658
0 0.867628 0.536939 0.137974 0.858753
0 0.355974 0.594361 0.111707 0.768662
0 0.957408 0.533726 0.0851837 0.868515
0 0.0646047 0.169555 0.129209 0.339109
0 0.356528 0.586161 0.111183 0.755246
0 0.17609 0.610463 0.113622 0.737188
0 0.75672 0.548305 0.123652 0.820082
0 0.649697 0.549944 0.123873 0.822346
0 0.45005 0.57137 0.1151 0.766598
0 0.547548 0.574374 0.114788 0.781516
0 0.266839 0.613118 0.114296 0.719723
0 0.356052 0.586783 0.108911 0.741892
0 0.176846 0.62872 0.107683 0.714675
0 0.954863 0.545346 0.0897474 0.852729
0 0.0881933 0.764172 0.121204 0.462851
0 0.865974 0.530931 0.139 0.849197
0 0.0666138 0.425436 0.131475 0.31409
0 0.0201077 0.765883 0.0402154 0.432062
0 0.75672 0.548305 0.123652 0.820082
0 0.649697 0.549944 0.123873 0.822346
0 0.45005 0.57137 0.1151 0.766598
0 0.547548 0.574374 0.114788 0.781516
0 0.266839 0.613118 0.114296 0.719723
0 0.356052 0.586783 0.108911 0.741892
0 0.176846 0.62872 0.107683 0.714675
0 0.954863 0.545346 0.0897474 0.852729
0 0.0881933 0.764172 0.121204 0.462851
0 0.865974 0.530931 0.139 0.849197
0 0.0666138 0.425436 0.131475 0.31409
0 0.0201077 0.765883 0.0402154 0.432062
0 0.868302 0.536498 0.138382 0.850102
0 0.75672 0.548305 0.123652 0.820082
0 0.649697 0.549944 0.123873 0.822346
0 0.45005 0.57137 0.1151 0.766598
0 0.547548 0.574374 0.114788 0.781516
0 0.266839 0.613118 0.114296 0.719723
0 0.356052 0.586783 0.108911 0.741892
0 0.176846 0.62872 0.107683 0.714675
0 0.954863 0.545346 0.0897474 0.852729
0 0.0881933 0.764172 0.121204 0.462851
0 0.865974 0.530931 0.139 0.849197
0 0.0666138 0.425436 0.131475 0.31409
0 0.0201077 0.765883 0.0402154 0.432062
0 0.75672 0.548305 0.123652 0.820082
0 0.649697 0.549944 0.123873 0.822346
0 0.45005 0.57137 0.1151 0.766598
0 0.547548 0.574374 0.114788 0.781516
0 0.266839 0.613118 0.114296 0.719723
0 0.356052 0.586783 0.108911 0.741892
0 0.176846 0.62872 0.107683 0.714675
0 0.954863 0.545346 0.0897474 0.852729
0 0.0881933 0.764172 0.121204 0.462851
0 0.865974 0.530931 0.139 0.849197
0 0.0666138 0.425436 0.131475 0.31409
0 0.0201077 0.765883 0.0402154 0.432062
