0 0.716671 0.716936 0.469437 0.558178
0 0.222453 0.68634 0.433695 0.550251
0 0.226554 0.506635 0.453108 0.936523
0 0.716671 0.716936 0.469437 0.558178
0 0.222453 0.68634 0.433695 0.550251
0 0.226554 0.506635 0.453108 0.936523
0 0.716671 0.716936 0.469437 0.558178
0 0.222453 0.68634 0.433695 0.550251
0 0.226554 0.506635 0.453108 0.936523
0 0.724472 0.708075 0.483359 0.579951
0 0.609801 0.23621 0.315944 0.43543
0 0.231697 0.681602 0.441368 0.585591
0 0.232198 0.231532 0.460525 0.442548
0 0.724472 0.708075 0.483359 0.579951
0 0.609801 0.23621 0.315944 0.43543
0 0.231697 0.681602 0.441368 0.585591
0 0.232198 0.231532 0.460525 0.442548
0 0.724472 0.708075 0.483359 0.579951
0 0.609801 0.23621 0.315944 0.43543
0 0.231697 0.681602 0.441368 0.585591
0 0.232198 0.231532 0.460525 0.442548
0 0.724472 0.708075 0.483359 0.579951
0 0.609801 0.23621 0.315944 0.43543
0 0.231697 0.681602 0.441368 0.585591
0 0.232198 0.231532 0.460525 0.442548
