0 0.247331 0.546476 0.156549 0.744899
0 0.879017 0.580052 0.188255 0.70279
0 0.0971153 0.558749 0.165109 0.814748
0 0.712388 0.600133 0.154686 0.777534
0 0.477993 0.588269 0.116377 0.806482
0 0.369875 0.577067 0.126897 0.792961
0 0.588135 0.599038 0.126088 0.801923
0 0.477884 0.586722 0.122721 0.804353
0 0.583641 0.596769 0.123028 0.797365
0 0.247331 0.546476 0.156549 0.744899
0 0.879017 0.580052 0.188255 0.70279
0 0.0971153 0.558749 0.165109 0.814748
0 0.712388 0.600133 0.154686 0.777534
0 0.477993 0.588269 0.116377 0.806482
0 0.369875 0.577067 0.126897 0.792961
0 0.588135 0.599038 0.126088 0.801923
0 0.477884 0.586722 0.122721 0.804353
0 0.583641 0.596769 0.123028 0.797365
0 0.247331 0.546476 0.156549 0.744899
0 0.879017 0.580052 0.188255 0.70279
0 0.0971153 0.558749 0.165109 0.814748
0 0.712388 0.600133 0.154686 0.777534
0 0.477993 0.588269 0.116377 0.806482
0 0.369875 0.577067 0.126897 0.792961
0 0.588135 0.599038 0.126088 0.801923
0 0.477884 0.586722 0.122721 0.804353
0 0.583641 0.596769 0.123028 0.797365
0 0.714328 0.602771 0.157814 0.757121
0 0.249347 0.545031 0.138214 0.741058
0 0.368468 0.579135 0.124023 0.781978
0 0.587729 0.596873 0.118859 0.787468
0 0.879005 0.572316 0.182235 0.669918
0 0.10215 0.572084 0.151427 0.815606
0 0.47885 0.593659 0.112654 0.798551
0 0.714328 0.602771 0.157814 0.757121
0 0.249347 0.545031 0.138214 0.741058
0 0.368468 0.579135 0.124023 0.781978
0 0.587729 0.596873 0.118859 0.787468
0 0.879005 0.572316 0.182235 0.669918
0 0.10215 0.572084 0.151427 0.815606
0 0.47885 0.593659 0.112654 0.798551
0 0.479904 0.593557 0.11533 0.797862
0 0.714328 0.602771 0.157814 0.757121
0 0.249347 0.545031 0.138214 0.741058
0 0.368468 0.579135 0.124023 0.781978
0 0.587729 0.596873 0.118859 0.787468
0 0.879005 0.572316 0.182235 0.669918
0 0.10215 0.572084 0.151427 0.815606
0 0.47885 0.593659 0.112654 0.798551
0 0.714328 0.602771 0.157814 0.757121
0 0.249347 0.545031 0.138214 0.741058
0 0.368468 0.579135 0.124023 0.781978
0 0.587729 0.596873 0.118859 0.787468
0 0.879005 0.572316 0.182235 0.669918
0 0.10215 0.572084 0.151427 0.815606
0 0.47885 0.593659 0.112654 0.798551
