0 0.464115 0.771598 0.18978 0.244328
0 0.0782363 0.611 0.156473 0.233167
0 0.21764 0.20979 0.184332 0.241881
0 0.595555 0.509581 0.14743 0.207059
0 0.0900521 0.847003 0.180104 0.305995
0 0.0716315 0.42959 0.143263 0.209474
0 0.255093 0.589879 0.1871 0.217892
0 0.0629741 0.215831 0.125948 0.268606
0 0.273161 0.789868 0.182991 0.234086
0 0.812284 0.523261 0.286804 0.622261
0 0.272218 0.79274 0.182161 0.239639
0 0.413432 0.375631 0.195294 0.227065
0 0.464115 0.771598 0.18978 0.244328
0 0.0782363 0.611 0.156473 0.233167
0 0.21764 0.20979 0.184332 0.241881
0 0.595555 0.509581 0.14743 0.207059
0 0.0900521 0.847003 0.180104 0.305995
0 0.0716315 0.42959 0.143263 0.209474
0 0.255093 0.589879 0.1871 0.217892
0 0.0629741 0.215831 0.125948 0.268606
0 0.273161 0.789868 0.182991 0.234086
0 0.812284 0.523261 0.286804 0.622261
0 0.272218 0.79274 0.182161 0.239639
0 0.413432 0.375631 0.195294 0.227065
0 0.464115 0.771598 0.18978 0.244328
0 0.0782363 0.611 0.156473 0.233167
0 0.21764 0.20979 0.184332 0.241881
0 0.595555 0.509581 0.14743 0.207059
0 0.0900521 0.847003 0.180104 0.305995
0 0.0716315 0.42959 0.143263 0.209474
0 0.255093 0.589879 0.1871 0.217892
0 0.0629741 0.215831 0.125948 0.268606
0 0.273161 0.789868 0.182991 0.234086
0 0.812284 0.523261 0.286804 0.622261
0 0.272218 0.79274 0.182161 0.239639
0 0.413432 0.375631 0.195294 0.227065
0 0.657685 0.734697 0.188477 0.252656
0 0.469023 0.763358 0.201539 0.204208
0 0.436464 0.56516 0.180026 0.194062
0 0.0813673 0.625746 0.162735 0.656674
0 0.657685 0.734697 0.188477 0.252656
0 0.469023 0.763358 0.201539 0.204208
0 0.436464 0.56516 0.180026 0.194062
0 0.0813673 0.625746 0.162735 0.656674
0 0.657685 0.734697 0.188477 0.252656
0 0.469023 0.763358 0.201539 0.204208
0 0.436464 0.56516 0.180026 0.194062
0 0.0813673 0.625746 0.162735 0.656674
