0 0.854916 0.536806 0.239049 0.926387
0 0.113316 0.506744 0.224023 0.950581
0 0.611452 0.748971 0.235678 0.502057
0 0.0606508 0.749853 0.120866 0.387218
0 0.854916 0.536806 0.239049 0.926387
0 0.113316 0.506744 0.224023 0.950581
0 0.611452 0.748971 0.235678 0.502057
0 0.0606508 0.749853 0.120866 0.387218
0 0.854916 0.536806 0.239049 0.926387
0 0.113316 0.506744 0.224023 0.950581
0 0.611452 0.748971 0.235678 0.502057
0 0.0606508 0.749853 0.120866 0.387218
0 0.34129 0.656604 0.236909 0.686793
0 0.859569 0.536754 0.239499 0.926492
0 0.115041 0.508013 0.228036 0.968509
0 0.613849 0.731915 0.232446 0.53617
0 0.614285 0.745116 0.232606 0.509767
0 0.34129 0.656604 0.236909 0.686793
0 0.859569 0.536754 0.239499 0.926492
0 0.115041 0.508013 0.228036 0.968509
0 0.613849 0.731915 0.232446 0.53617
0 0.614285 0.745116 0.232606 0.509767
0 0.34129 0.656604 0.236909 0.686793
0 0.859569 0.536754 0.239499 0.926492
0 0.115041 0.508013 0.228036 0.968509
0 0.613849 0.731915 0.232446 0.53617
0 0.614285 0.745116 0.232606 0.509767
