0 0.643294 0.595514 0.0891854 0.792506
0 0.281549 0.587736 0.0957549 0.788321
0 0.375815 0.583642 0.0909559 0.793631
0 0.102035 0.612733 0.0900082 0.755768
0 0.55415 0.581517 0.087993 0.816855
0 0.904827 0.585108 0.116838 0.815984
0 0.0322982 0.613882 0.0643885 0.763749
0 0.730398 0.588209 0.0871476 0.804771
0 0.46686 0.580628 0.0876222 0.805548
0 0.192272 0.592712 0.0932459 0.785209
0 0.982298 0.6089 0.0353949 0.782199
0 0.763062 0.578241 0.149256 0.812327
0 0.19252 0.592997 0.0937305 0.781063
0 0.467032 0.581573 0.0875806 0.811559
0 0.80309 0.561631 0.073504 0.745858
0 0.643294 0.595514 0.0891854 0.792506
0 0.281549 0.587736 0.0957549 0.788321
0 0.375815 0.583642 0.0909559 0.793631
0 0.102035 0.612733 0.0900082 0.755768
0 0.55415 0.581517 0.087993 0.816855
0 0.904827 0.585108 0.116838 0.815984
0 0.0322982 0.613882 0.0643885 0.763749
0 0.730398 0.588209 0.0871476 0.804771
0 0.46686 0.580628 0.0876222 0.805548
0 0.192272 0.592712 0.0932459 0.785209
0 0.982298 0.6089 0.0353949 0.782199
0 0.763062 0.578241 0.149256 0.812327
0 0.19252 0.592997 0.0937305 0.781063
0 0.467032 0.581573 0.0875806 0.811559
0 0.80309 0.561631 0.073504 0.745858
0 0.643294 0.595514 0.0891854 0.792506
0 0.281549 0.587736 0.0957549 0.788321
0 0.375815 0.583642 0.0909559 0.793631
0 0.102035 0.612733 0.0900082 0.755768
0 0.55415 0.581517 0.087993 0.816855
0 0.904827 0.585108 0.116838 0.815984
0 0.0322982 0.613882 0.0643885 0.763749
0 0.730398 0.588209 0.0871476 0.804771
0 0.46686 0.580628 0.0876222 0.805548
0 0.192272 0.592712 0.0932459 0.785209
0 0.982298 0.6089 0.0353949 0.782199
0 0.763062 0.578241 0.149256 0.812327
0 0.19252 0.592997 0.0937305 0.781063
0 0.467032 0.581573 0.0875806 0.811559
0 0.80309 0.561631 0.073504 0.745858
0 0.905064 0.593119 0.121571 0.812053
0 0.281785 0.59391 0.0985408 0.7803
0 0.643034 0.582859 0.0948135 0.8195
0 0.467933 0.579087 0.0910953 0.80839
0 0.376895 0.59186 0.0945841 0.787199
0 0.555097 0.579518 0.0915356 0.818972
0 0.1027 0.623084 0.0918818 0.729618
0 0.191836 0.600977 0.0959219 0.760772
0 0.0322407 0.617972 0.0640699 0.763701
0 0.762034 0.586981 0.156369 0.826038
0 0.905064 0.593119 0.121571 0.812053
0 0.281785 0.59391 0.0985408 0.7803
0 0.643034 0.582859 0.0948135 0.8195
0 0.467933 0.579087 0.0910953 0.80839
0 0.376895 0.59186 0.0945841 0.787199
0 0.555097 0.579518 0.0915356 0.818972
0 0.1027 0.623084 0.0918818 0.729618
0 0.191836 0.600977 0.0959219 0.760772
0 0.0322407 0.617972 0.0640699 0.763701
0 0.762034 0.586981 0.156369 0.826038
0 0.731418 0.584808 0.0924286 0.809137
0 0.80178 0.549983 0.0787428 0.754822
0 0.905064 0.593119 0.121571 0.812053
0 0.281785 0.59391 0.0985408 0.7803
0 0.643034 0.582859 0.0948135 0.8195
0 0.467933 0.579087 0.0910953 0.80839
0 0.376895 0.59186 0.0945841 0.787199
0 0.555097 0.579518 0.0915356 0.818972
0 0.1027 0.623084 0.0918818 0.729618
0 0.191836 0.600977 0.0959219 0.760772
0 0.0322407 0.617972 0.0640699 0.763701
0 0.762034 0.586981 0.156369 0.826038
0 0.905064 0.593119 0.121571 0.812053
0 0.281785 0.59391 0.0985408 0.7803
0 0.643034 0.582859 0.0948135 0.8195
0 0.467933 0.579087 0.0910953 0.80839
0 0.376895 0.59186 0.0945841 0.787199
0 0.555097 0.579518 0.0915356 0.818972
0 0.1027 0.623084 0.0918818 0.729618
0 0.191836 0.600977 0.0959219 0.760772
0 0.0322407 0.617972 0.0640699 0.763701
0 0.762034 0.586981 0.156369 0.826038
