0 0.742699 0.470009 0.20442 0.539712
0 0.563489 0.560995 0.164171 0.595033
0 0.410392 0.680895 0.173888 0.598465
0 0.15304 0.191678 0.267787 0.383356
0 0.220684 0.793601 0.181298 0.40724
0 0.909443 0.275636 0.173723 0.551272
0 0.393966 0.109737 0.230257 0.219474
0 0.742699 0.470009 0.20442 0.539712
0 0.563489 0.560995 0.164171 0.595033
0 0.410392 0.680895 0.173888 0.598465
0 0.15304 0.191678 0.267787 0.383356
0 0.220684 0.793601 0.181298 0.40724
0 0.909443 0.275636 0.173723 0.551272
0 0.393966 0.109737 0.230257 0.219474
0 0.742699 0.470009 0.20442 0.539712
0 0.563489 0.560995 0.164171 0.595033
0 0.410392 0.680895 0.173888 0.598465
0 0.15304 0.191678 0.267787 0.383356
0 0.220684 0.793601 0.181298 0.40724
0 0.909443 0.275636 0.173723 0.551272
0 0.393966 0.109737 0.230257 0.219474
0 0.15322 0.197215 0.270911 0.39443
0 0.567514 0.561286 0.158397 0.590974
0 0.910807 0.273927 0.172091 0.547854
0 0.0190078 0.24487 0.0380157 0.485997
0 0.15322 0.197215 0.270911 0.39443
0 0.567514 0.561286 0.158397 0.590974
0 0.910807 0.273927 0.172091 0.547854
0 0.0190078 0.24487 0.0380157 0.485997
0 0.399267 0.111498 0.245877 0.222995
0 0.740924 0.454698 0.201025 0.543164
0 0.413142 0.682206 0.160169 0.595758
0 0.15322 0.197215 0.270911 0.39443
0 0.567514 0.561286 0.158397 0.590974
0 0.910807 0.273927 0.172091 0.547854
0 0.0190078 0.24487 0.0380157 0.485997
