0 0.338671 0.750593 0.179794 0.375957
0 0.530447 0.744438 0.199472 0.393497
0 0.741235 0.748441 0.237037 0.398556
0 0.947469 0.718305 0.104799 0.470683
0 0.338671 0.750593 0.179794 0.375957
0 0.530447 0.744438 0.199472 0.393497
0 0.741235 0.748441 0.237037 0.398556
0 0.947469 0.718305 0.104799 0.470683
0 0.338671 0.750593 0.179794 0.375957
0 0.530447 0.744438 0.199472 0.393497
0 0.741235 0.748441 0.237037 0.398556
0 0.947469 0.718305 0.104799 0.470683
0 0.335128 0.751486 0.185073 0.376173
0 0.533848 0.748166 0.193975 0.394024
0 0.954219 0.716369 0.0915617 0.477122
0 0.742299 0.756549 0.233532 0.392535
0 0.157786 0.596473 0.236808 0.678764
0 0.141404 0.757867 0.191705 0.35311
0 0.335128 0.751486 0.185073 0.376173
0 0.533848 0.748166 0.193975 0.394024
0 0.954219 0.716369 0.0915617 0.477122
0 0.742299 0.756549 0.233532 0.392535
0 0.157786 0.596473 0.236808 0.678764
0 0.141404 0.757867 0.191705 0.35311
0 0.335128 0.751486 0.185073 0.376173
0 0.533848 0.748166 0.193975 0.394024
0 0.954219 0.716369 0.0915617 0.477122
0 0.742299 0.756549 0.233532 0.392535
0 0.157786 0.596473 0.236808 0.678764
0 0.141404 0.757867 0.191705 0.35311
0 0.335128 0.751486 0.185073 0.376173
0 0.533848 0.748166 0.193975 0.394024
0 0.954219 0.716369 0.0915617 0.477122
0 0.742299 0.756549 0.233532 0.392535
0 0.157786 0.596473 0.236808 0.678764
0 0.141404 0.757867 0.191705 0.35311
