0 0.34684 0.543962 0.191011 0.707253
0 0.517687 0.475449 0.16108 0.739196
0 0.157471 0.573056 0.189021 0.699565
0 0.833402 0.311218 0.193829 0.540542
0 0.656987 0.323472 0.144005 0.625761
0 0.34684 0.543962 0.191011 0.707253
0 0.517687 0.475449 0.16108 0.739196
0 0.157471 0.573056 0.189021 0.699565
0 0.833402 0.311218 0.193829 0.540542
0 0.656987 0.323472 0.144005 0.625761
0 0.34684 0.543962 0.191011 0.707253
0 0.517687 0.475449 0.16108 0.739196
0 0.157471 0.573056 0.189021 0.699565
0 0.833402 0.311218 0.193829 0.540542
0 0.656987 0.323472 0.144005 0.625761
0 0.833858 0.309337 0.178959 0.516355
0 0.349339 0.549595 0.192929 0.695395
0 0.653348 0.330162 0.158533 0.616485
0 0.518773 0.484983 0.157753 0.701394
0 0.131873 0.59273 0.240674 0.687318
0 0.833858 0.309337 0.178959 0.516355
0 0.349339 0.549595 0.192929 0.695395
0 0.653348 0.330162 0.158533 0.616485
0 0.518773 0.484983 0.157753 0.701394
0 0.131873 0.59273 0.240674 0.687318
0 0.0142199 0.668428 0.0284397 0.661162
0 0.833858 0.309337 0.178959 0.516355
0 0.349339 0.549595 0.192929 0.695395
0 0.653348 0.330162 0.158533 0.616485
0 0.518773 0.484983 0.157753 0.701394
0 0.131873 0.59273 0.240674 0.687318
0 0.833858 0.309337 0.178959 0.516355
0 0.349339 0.549595 0.192929 0.695395
0 0.653348 0.330162 0.158533 0.616485
0 0.518773 0.484983 0.157753 0.701394
0 0.131873 0.59273 0.240674 0.687318
