0 0.325401 0.61617 0.229228 0.641307
0 0.103955 0.603707 0.204195 0.634888
0 0.572349 0.615735 0.274356 0.670444
0 0.835877 0.626852 0.263617 0.698611
0 0.836214 0.628973 0.262156 0.697386
0 0.325401 0.61617 0.229228 0.641307
0 0.103955 0.603707 0.204195 0.634888
0 0.572349 0.615735 0.274356 0.670444
0 0.835877 0.626852 0.263617 0.698611
0 0.836214 0.628973 0.262156 0.697386
0 0.325401 0.61617 0.229228 0.641307
0 0.103955 0.603707 0.204195 0.634888
0 0.572349 0.615735 0.274356 0.670444
0 0.835877 0.626852 0.263617 0.698611
0 0.836214 0.628973 0.262156 0.697386
0 0.326868 0.618105 0.223254 0.636667
0 0.827961 0.652482 0.234612 0.658365
0 0.105721 0.611068 0.200299 0.627268
0 0.550371 0.630146 0.222625 0.657851
0 0.682166 0.645271 0.0620152 0.637825
0 0.326868 0.618105 0.223254 0.636667
0 0.827961 0.652482 0.234612 0.658365
0 0.105721 0.611068 0.200299 0.627268
0 0.550371 0.630146 0.222625 0.657851
0 0.682166 0.645271 0.0620152 0.637825
0 0.682998 0.64175 0.0588343 0.627349
0 0.326868 0.618105 0.223254 0.636667
0 0.827961 0.652482 0.234612 0.658365
0 0.105721 0.611068 0.200299 0.627268
0 0.550371 0.630146 0.222625 0.657851
0 0.682166 0.645271 0.0620152 0.637825
0 0.326868 0.618105 0.223254 0.636667
0 0.827961 0.652482 0.234612 0.658365
0 0.105721 0.611068 0.200299 0.627268
0 0.550371 0.630146 0.222625 0.657851
0 0.682166 0.645271 0.0620152 0.637825
