0 0.654655 0.641089 0.187358 0.717821
0 0.826064 0.617489 0.18521 0.709098
0 0.480052 0.639231 0.183812 0.721538
0 0.131188 0.667911 0.187086 0.663513
0 0.304974 0.663073 0.179348 0.673854
0 0.654655 0.641089 0.187358 0.717821
0 0.826064 0.617489 0.18521 0.709098
0 0.480052 0.639231 0.183812 0.721538
0 0.131188 0.667911 0.187086 0.663513
0 0.304974 0.663073 0.179348 0.673854
0 0.654655 0.641089 0.187358 0.717821
0 0.826064 0.617489 0.18521 0.709098
0 0.480052 0.639231 0.183812 0.721538
0 0.131188 0.667911 0.187086 0.663513
0 0.304974 0.663073 0.179348 0.673854
0 0.307412 0.677886 0.177807 0.644228
0 0.480962 0.667249 0.178429 0.665502
0 0.657997 0.673319 0.182904 0.653361
0 0.131977 0.66229 0.180523 0.647508
0 0.828798 0.629354 0.177594 0.663771
0 0.8288 0.637218 0.176358 0.670734
0 0.307412 0.677886 0.177807 0.644228
0 0.480962 0.667249 0.178429 0.665502
0 0.657997 0.673319 0.182904 0.653361
0 0.131977 0.66229 0.180523 0.647508
0 0.828798 0.629354 0.177594 0.663771
0 0.8288 0.637218 0.176358 0.670734
0 0.307412 0.677886 0.177807 0.644228
0 0.480962 0.667249 0.178429 0.665502
0 0.657997 0.673319 0.182904 0.653361
0 0.131977 0.66229 0.180523 0.647508
0 0.828798 0.629354 0.177594 0.663771
0 0.8288 0.637218 0.176358 0.670734
0 0.307412 0.677886 0.177807 0.644228
0 0.480962 0.667249 0.178429 0.665502
0 0.657997 0.673319 0.182904 0.653361
0 0.131977 0.66229 0.180523 0.647508
0 0.828798 0.629354 0.177594 0.663771
0 0.8288 0.637218 0.176358 0.670734
