0 0.663786 0.487415 0.144589 0.8369
0 0.517591 0.497817 0.157646 0.802847
0 0.824052 0.468912 0.160832 0.916406
0 0.374505 0.499098 0.141392 0.794089
0 0.957986 0.47752 0.083966 0.95504
0 0.192094 0.461197 0.239993 0.873124
0 0.663205 0.493783 0.148085 0.817399
0 0.663786 0.487415 0.144589 0.8369
0 0.517591 0.497817 0.157646 0.802847
0 0.824052 0.468912 0.160832 0.916406
0 0.374505 0.499098 0.141392 0.794089
0 0.957986 0.47752 0.083966 0.95504
0 0.192094 0.461197 0.239993 0.873124
0 0.663205 0.493783 0.148085 0.817399
0 0.663786 0.487415 0.144589 0.8369
0 0.517591 0.497817 0.157646 0.802847
0 0.824052 0.468912 0.160832 0.916406
0 0.374505 0.499098 0.141392 0.794089
0 0.957986 0.47752 0.083966 0.95504
0 0.192094 0.461197 0.239993 0.873124
0 0.663205 0.493783 0.148085 0.817399
0 0.82602 0.529947 0.156184 0.824016
0 0.666481 0.495668 0.153095 0.818722
0 0.958155 0.472473 0.0832238 0.944945
0 0.513433 0.505415 0.157957 0.788226
0 0.515742 0.503396 0.155117 0.795035
0 0.338717 0.506613 0.207924 0.787683
0 0.37272 0.501775 0.136174 0.808897
0 0.82602 0.529947 0.156184 0.824016
0 0.666481 0.495668 0.153095 0.818722
0 0.958155 0.472473 0.0832238 0.944945
0 0.513433 0.505415 0.157957 0.788226
0 0.515742 0.503396 0.155117 0.795035
0 0.338717 0.506613 0.207924 0.787683
0 0.37272 0.501775 0.136174 0.808897
0 0.196614 0.494421 0.241771 0.812647
0 0.178638 0.493656 0.201518 0.805897
0 0.270586 0.495813 0.106289 0.800391
0 0.82602 0.529947 0.156184 0.824016
0 0.666481 0.495668 0.153095 0.818722
0 0.958155 0.472473 0.0832238 0.944945
0 0.513433 0.505415 0.157957 0.788226
0 0.515742 0.503396 0.155117 0.795035
0 0.338717 0.506613 0.207924 0.787683
0 0.37272 0.501775 0.136174 0.808897
