0 0.620057 0.472417 0.112478 0.787086
0 0.453336 0.523025 0.106149 0.804967
0 0.0813932 0.652173 0.118288 0.694782
0 0.708047 0.454443 0.112268 0.776851
0 0.951591 0.381733 0.0968184 0.763214
0 0.173343 0.479392 0.113769 0.413821
0 0.874595 0.370137 0.103742 0.703251
0 0.270894 0.581707 0.113298 0.797325
0 0.5378 0.499262 0.103027 0.803581
0 0.874977 0.37433 0.104427 0.713935
0 0.365692 0.414797 0.108817 0.491712
0 0.538289 0.492849 0.103677 0.80654
0 0.365698 0.555078 0.115528 0.797618
0 0.79383 0.347958 0.106249 0.624297
0 0.620057 0.472417 0.112478 0.787086
0 0.453336 0.523025 0.106149 0.804967
0 0.0813932 0.652173 0.118288 0.694782
0 0.708047 0.454443 0.112268 0.776851
0 0.951591 0.381733 0.0968184 0.763214
0 0.173343 0.479392 0.113769 0.413821
0 0.874595 0.370137 0.103742 0.703251
0 0.270894 0.581707 0.113298 0.797325
0 0.5378 0.499262 0.103027 0.803581
0 0.874977 0.37433 0.104427 0.713935
0 0.365692 0.414797 0.108817 0.491712
0 0.538289 0.492849 0.103677 0.80654
0 0.365698 0.555078 0.115528 0.797618
0 0.79383 0.347958 0.106249 0.624297
0 0.620057 0.472417 0.112478 0.787086
0 0.453336 0.523025 0.106149 0.804967
0 0.0813932 0.652173 0.118288 0.694782
0 0.708047 0.454443 0.112268 0.776851
0 0.951591 0.381733 0.0968184 0.763214
0 0.173343 0.479392 0.113769 0.413821
0 0.874595 0.370137 0.103742 0.703251
0 0.270894 0.581707 0.113298 0.797325
0 0.5378 0.499262 0.103027 0.803581
0 0.874977 0.37433 0.104427 0.713935
0 0.365692 0.414797 0.108817 0.491712
0 0.538289 0.492849 0.103677 0.80654
0 0.365698 0.555078 0.115528 0.797618
0 0.79383 0.347958 0.106249 0.624297
0 0.453401 0.51866 0.110922 0.800196
0 0.622039 0.485729 0.120456 0.773005
0 0.709679 0.45711 0.118574 0.755513
0 0.0815823 0.668548 0.123341 0.644069
0 0.174104 0.641815 0.131526 0.681229
0 0.537477 0.497186 0.109126 0.793355
0 0.950136 0.38122 0.0986499 0.757507
0 0.875357 0.348531 0.111454 0.665465
0 0.794671 0.334404 0.110563 0.624655
0 0.3639 0.526247 0.115566 0.842006
0 0.269916 0.539762 0.126141 0.86079
0 0.269919 0.542097 0.123485 0.863516
0 0.453401 0.51866 0.110922 0.800196
0 0.622039 0.485729 0.120456 0.773005
0 0.709679 0.45711 0.118574 0.755513
0 0.0815823 0.668548 0.123341 0.644069
0 0.174104 0.641815 0.131526 0.681229
0 0.537477 0.497186 0.109126 0.793355
0 0.950136 0.38122 0.0986499 0.757507
0 0.875357 0.348531 0.111454 0.665465
0 0.794671 0.334404 0.110563 0.624655
0 0.3639 0.526247 0.115566 0.842006
0 0.269916 0.539762 0.126141 0.86079
0 0.269919 0.542097 0.123485 0.863516
0 0.367736 0.527646 0.126724 0.842761
0 0.0211156 0.580987 0.0418781 0.838026
0 0.453401 0.51866 0.110922 0.800196
0 0.622039 0.485729 0.120456 0.773005
0 0.709679 0.45711 0.118574 0.755513
0 0.0815823 0.668548 0.123341 0.644069
0 0.174104 0.641815 0.131526 0.681229
0 0.537477 0.497186 0.109126 0.793355
0 0.950136 0.38122 0.0986499 0.757507
0 0.875357 0.348531 0.111454 0.665465
0 0.794671 0.334404 0.110563 0.624655
0 0.3639 0.526247 0.115566 0.842006
0 0.269916 0.539762 0.126141 0.86079
0 0.269919 0.542097 0.123485 0.863516
