0 0.290136 0.57649 0.0452919 0.765033
0 0.337661 0.57356 0.0465775 0.78257
0 0.245096 0.56634 0.047457 0.784779
0 0.468995 0.571715 0.0444203 0.760582
0 0.101811 0.574257 0.0553752 0.79916
0 0.641743 0.554113 0.0431487 0.767251
0 0.425007 0.561099 0.0443423 0.783591
0 0.38158 0.568357 0.0413349 0.786962
0 0.597864 0.523409 0.0466779 0.846098
0 0.151658 0.57318 0.053029 0.790028
0 0.813875 0.543991 0.0428334 0.708245
0 0.683168 0.554433 0.0405846 0.752468
0 0.0393032 0.545292 0.0786065 0.909415
0 0.901311 0.488388 0.0504849 0.748991
0 0.554624 0.531759 0.0430025 0.83515
0 0.963668 0.531424 0.0473227 0.723038
0 0.511823 0.539722 0.0443781 0.842175
0 0.966283 0.53018 0.0538361 0.735608
0 0.511972 0.554221 0.04245 0.790714
0 0.854633 0.519781 0.0453529 0.715346
0 0.772196 0.525857 0.046178 0.776896
0 0.19576 0.558591 0.0412325 0.821827
0 0.772261 0.529179 0.0450172 0.763501
0 0.727509 0.53827 0.0450831 0.77334
0 0.290136 0.57649 0.0452919 0.765033
0 0.337661 0.57356 0.0465775 0.78257
0 0.245096 0.56634 0.047457 0.784779
0 0.468995 0.571715 0.0444203 0.760582
0 0.101811 0.574257 0.0553752 0.79916
0 0.641743 0.554113 0.0431487 0.767251
0 0.425007 0.561099 0.0443423 0.783591
0 0.38158 0.568357 0.0413349 0.786962
0 0.597864 0.523409 0.0466779 0.846098
0 0.151658 0.57318 0.053029 0.790028
0 0.813875 0.543991 0.0428334 0.708245
0 0.683168 0.554433 0.0405846 0.752468
0 0.0393032 0.545292 0.0786065 0.909415
0 0.901311 0.488388 0.0504849 0.748991
0 0.554624 0.531759 0.0430025 0.83515
0 0.963668 0.531424 0.0473227 0.723038
0 0.511823 0.539722 0.0443781 0.842175
0 0.966283 0.53018 0.0538361 0.735608
0 0.511972 0.554221 0.04245 0.790714
0 0.854633 0.519781 0.0453529 0.715346
0 0.772196 0.525857 0.046178 0.776896
0 0.19576 0.558591 0.0412325 0.821827
0 0.772261 0.529179 0.0450172 0.763501
0 0.727509 0.53827 0.0450831 0.77334
0 0.290136 0.57649 0.0452919 0.765033
0 0.337661 0.57356 0.0465775 0.78257
0 0.245096 0.56634 0.047457 0.784779
0 0.468995 0.571715 0.0444203 0.760582
0 0.101811 0.574257 0.0553752 0.79916
0 0.641743 0.554113 0.0431487 0.767251
0 0.425007 0.561099 0.0443423 0.783591
0 0.38158 0.568357 0.0413349 0.786962
0 0.597864 0.523409 0.0466779 0.846098
0 0.151658 0.57318 0.053029 0.790028
0 0.813875 0.543991 0.0428334 0.708245
0 0.683168 0.554433 0.0405846 0.752468
0 0.0393032 0.545292 0.0786065 0.909415
0 0.901311 0.488388 0.0504849 0.748991
0 0.554624 0.531759 0.0430025 0.83515
0 0.963668 0.531424 0.0473227 0.723038
0 0.511823 0.539722 0.0443781 0.842175
0 0.966283 0.53018 0.0538361 0.735608
0 0.511972 0.554221 0.04245 0.790714
0 0.854633 0.519781 0.0453529 0.715346
0 0.772196 0.525857 0.046178 0.776896
0 0.19576 0.558591 0.0412325 0.821827
0 0.772261 0.529179 0.0450172 0.763501
0 0.727509 0.53827 0.0450831 0.77334
0 0.598213 0.520689 0.0447605 0.854896
0 0.771896 0.522765 0.0448172 0.800998
0 0.468826 0.509192 0.0453833 0.890525
0 0.726819 0.527726 0.0452825 0.811702
0 0.511983 0.516703 0.0444453 0.88514
0 0.813077 0.528297 0.0425655 0.769663
0 0.424494 0.523163 0.0450039 0.868554
0 0.554904 0.531558 0.0448362 0.84731
0 0.683371 0.551739 0.0431059 0.790618
0 0.854356 0.504986 0.0442197 0.75273
0 0.641861 0.551773 0.0434188 0.796405
0 0.337105 0.582934 0.0485719 0.786795
0 0.902721 0.50965 0.0547284 0.704044
0 0.382162 0.546396 0.0444028 0.827688
0 0.963893 0.559763 0.0458128 0.663329
0 0.193433 0.564096 0.0404801 0.813366
0 0.290343 0.590586 0.0449566 0.757312
0 0.0555187 0.612124 0.0527732 0.775752
0 0.041083 0.615373 0.0773456 0.769254
0 0.0168444 0.603133 0.0336889 0.763401
0 0.246001 0.587447 0.0457103 0.76432
0 0.146318 0.59403 0.0381937 0.730489
0 0.103251 0.596382 0.0515578 0.739652
0 0.598213 0.520689 0.0447605 0.854896
0 0.771896 0.522765 0.0448172 0.800998
0 0.468826 0.509192 0.0453833 0.890525
0 0.726819 0.527726 0.0452825 0.811702
0 0.511983 0.516703 0.0444453 0.88514
0 0.813077 0.528297 0.0425655 0.769663
0 0.424494 0.523163 0.0450039 0.868554
0 0.554904 0.531558 0.0448362 0.84731
0 0.683371 0.551739 0.0431059 0.790618
0 0.854356 0.504986 0.0442197 0.75273
0 0.641861 0.551773 0.0434188 0.796405
0 0.337105 0.582934 0.0485719 0.786795
0 0.902721 0.50965 0.0547284 0.704044
0 0.382162 0.546396 0.0444028 0.827688
0 0.963893 0.559763 0.0458128 0.663329
0 0.193433 0.564096 0.0404801 0.813366
0 0.290343 0.590586 0.0449566 0.757312
0 0.0555187 0.612124 0.0527732 0.775752
0 0.041083 0.615373 0.0773456 0.769254
0 0.0168444 0.603133 0.0336889 0.763401
0 0.246001 0.587447 0.0457103 0.76432
0 0.146318 0.59403 0.0381937 0.730489
0 0.103251 0.596382 0.0515578 0.739652
0 0.244313 0.577111 0.0469736 0.79408
0 0.244908 0.579025 0.0468775 0.791315
0 0.990793 0.585302 0.0182221 0.657855
0 0.993992 0.602426 0.0120165 0.624129
0 0.598213 0.520689 0.0447605 0.854896
0 0.771896 0.522765 0.0448172 0.800998
0 0.468826 0.509192 0.0453833 0.890525
0 0.726819 0.527726 0.0452825 0.811702
0 0.511983 0.516703 0.0444453 0.88514
0 0.813077 0.528297 0.0425655 0.769663
0 0.424494 0.523163 0.0450039 0.868554
0 0.554904 0.531558 0.0448362 0.84731
0 0.683371 0.551739 0.0431059 0.790618
0 0.854356 0.504986 0.0442197 0.75273
0 0.641861 0.551773 0.0434188 0.796405
0 0.337105 0.582934 0.0485719 0.786795
0 0.902721 0.50965 0.0547284 0.704044
0 0.382162 0.546396 0.0444028 0.827688
0 0.963893 0.559763 0.0458128 0.663329
0 0.193433 0.564096 0.0404801 0.813366
0 0.290343 0.590586 0.0449566 0.757312
0 0.0555187 0.612124 0.0527732 0.775752
0 0.041083 0.615373 0.0773456 0.769254
0 0.0168444 0.603133 0.0336889 0.763401
0 0.246001 0.587447 0.0457103 0.76432
0 0.146318 0.59403 0.0381937 0.730489
0 0.103251 0.596382 0.0515578 0.739652
0 0.598213 0.520689 0.0447605 0.854896
0 0.771896 0.522765 0.0448172 0.800998
0 0.468826 0.509192 0.0453833 0.890525
0 0.726819 0.527726 0.0452825 0.811702
0 0.511983 0.516703 0.0444453 0.88514
0 0.813077 0.528297 0.0425655 0.769663
0 0.424494 0.523163 0.0450039 0.868554
0 0.554904 0.531558 0.0448362 0.84731
0 0.683371 0.551739 0.0431059 0.790618
0 0.854356 0.504986 0.0442197 0.75273
0 0.641861 0.551773 0.0434188 0.796405
0 0.337105 0.582934 0.0485719 0.786795
0 0.902721 0.50965 0.0547284 0.704044
0 0.382162 0.546396 0.0444028 0.827688
0 0.963893 0.559763 0.0458128 0.663329
0 0.193433 0.564096 0.0404801 0.813366
0 0.290343 0.590586 0.0449566 0.757312
0 0.0555187 0.612124 0.0527732 0.775752
0 0.041083 0.615373 0.0773456 0.769254
0 0.0168444 0.603133 0.0336889 0.763401
0 0.246001 0.587447 0.0457103 0.76432
0 0.146318 0.59403 0.0381937 0.730489
0 0.103251 0.596382 0.0515578 0.739652
