0 0.361298 0.584079 0.0839359 0.552501
0 0.441975 0.587464 0.0844666 0.55176
0 0.606462 0.605498 0.0855283 0.555085
0 0.860748 0.637992 0.091181 0.585824
0 0.689005 0.622542 0.0861943 0.556546
0 0.201829 0.54137 0.0841766 0.521749
0 0.523081 0.620312 0.0849862 0.600349
0 0.281885 0.567396 0.082819 0.540248
0 0.120528 0.532812 0.0858919 0.516488
0 0.947296 0.654764 0.0928551 0.584382
0 0.773794 0.634361 0.0896257 0.567418
0 0.0395088 0.5437 0.0790177 0.53893
0 0.0418965 0.541348 0.0833294 0.530263
0 0.361298 0.584079 0.0839359 0.552501
0 0.441975 0.587464 0.0844666 0.55176
0 0.606462 0.605498 0.0855283 0.555085
0 0.860748 0.637992 0.091181 0.585824
0 0.689005 0.622542 0.0861943 0.556546
0 0.201829 0.54137 0.0841766 0.521749
0 0.523081 0.620312 0.0849862 0.600349
0 0.281885 0.567396 0.082819 0.540248
0 0.120528 0.532812 0.0858919 0.516488
0 0.947296 0.654764 0.0928551 0.584382
0 0.773794 0.634361 0.0896257 0.567418
0 0.0395088 0.5437 0.0790177 0.53893
0 0.0418965 0.541348 0.0833294 0.530263
0 0.361298 0.584079 0.0839359 0.552501
0 0.441975 0.587464 0.0844666 0.55176
0 0.606462 0.605498 0.0855283 0.555085
0 0.860748 0.637992 0.091181 0.585824
0 0.689005 0.622542 0.0861943 0.556546
0 0.201829 0.54137 0.0841766 0.521749
0 0.523081 0.620312 0.0849862 0.600349
0 0.281885 0.567396 0.082819 0.540248
0 0.120528 0.532812 0.0858919 0.516488
0 0.947296 0.654764 0.0928551 0.584382
0 0.773794 0.634361 0.0896257 0.567418
0 0.0395088 0.5437 0.0790177 0.53893
0 0.0418965 0.541348 0.0833294 0.530263
0 0.202398 0.537533 0.0863059 0.529305
0 0.773658 0.635436 0.0932826 0.571168
0 0.860587 0.643483 0.0922384 0.576848
0 0.281747 0.570403 0.0835147 0.548254
0 0.360945 0.580826 0.0852907 0.55353
0 0.947165 0.659275 0.0943363 0.587857
0 0.606206 0.605366 0.0864185 0.551925
0 0.120993 0.548027 0.0886825 0.554915
0 0.0416215 0.547584 0.0832429 0.539603
0 0.441252 0.587764 0.0857728 0.550452
0 0.522794 0.622991 0.087657 0.591337
0 0.68863 0.625041 0.0885843 0.56573
0 0.202398 0.537533 0.0863059 0.529305
0 0.773658 0.635436 0.0932826 0.571168
0 0.860587 0.643483 0.0922384 0.576848
0 0.281747 0.570403 0.0835147 0.548254
0 0.360945 0.580826 0.0852907 0.55353
0 0.947165 0.659275 0.0943363 0.587857
0 0.606206 0.605366 0.0864185 0.551925
0 0.120993 0.548027 0.0886825 0.554915
0 0.0416215 0.547584 0.0832429 0.539603
0 0.441252 0.587764 0.0857728 0.550452
0 0.522794 0.622991 0.087657 0.591337
0 0.68863 0.625041 0.0885843 0.56573
0 0.992973 0.665566 0.0140163 0.585829
0 0.202398 0.537533 0.0863059 0.529305
0 0.773658 0.635436 0.0932826 0.571168
0 0.860587 0.643483 0.0922384 0.576848
0 0.281747 0.570403 0.0835147 0.548254
0 0.360945 0.580826 0.0852907 0.55353
0 0.947165 0.659275 0.0943363 0.587857
0 0.606206 0.605366 0.0864185 0.551925
0 0.120993 0.548027 0.0886825 0.554915
0 0.0416215 0.547584 0.0832429 0.539603
0 0.441252 0.587764 0.0857728 0.550452
0 0.522794 0.622991 0.087657 0.591337
0 0.68863 0.625041 0.0885843 0.56573
