0 0.288494 0.585789 0.576988 0.828422
0 0.694687 0.4439 0.36676 0.867138
0 0.287601 0.585817 0.56928 0.828367
0 0.288494 0.585789 0.576988 0.828422
0 0.694687 0.4439 0.36676 0.867138
0 0.287601 0.585817 0.56928 0.828367
0 0.288494 0.585789 0.576988 0.828422
0 0.694687 0.4439 0.36676 0.867138
0 0.287601 0.585817 0.56928 0.828367
0 0.767575 0.44324 0.464849 0.88648
0 0.301427 0.566462 0.597296 0.859543
0 0.767575 0.44324 0.464849 0.88648
0 0.301427 0.566462 0.597296 0.859543
0 0.315388 0.405492 0.630777 0.810984
0 0.767575 0.44324 0.464849 0.88648
0 0.301427 0.566462 0.597296 0.859543
0 0.767575 0.44324 0.464849 0.88648
0 0.301427 0.566462 0.597296 0.859543
