0 0.22202 0.476996 0.127282 0.794769
0 0.853475 0.499524 0.158719 0.852289
0 0.348264 0.521482 0.130665 0.801896
0 0.594995 0.550436 0.137933 0.788959
0 0.469002 0.535495 0.135976 0.804667
0 0.712412 0.55137 0.137783 0.79777
0 0.110073 0.443898 0.131739 0.78004
0 0.22202 0.476996 0.127282 0.794769
0 0.853475 0.499524 0.158719 0.852289
0 0.348264 0.521482 0.130665 0.801896
0 0.594995 0.550436 0.137933 0.788959
0 0.469002 0.535495 0.135976 0.804667
0 0.712412 0.55137 0.137783 0.79777
0 0.110073 0.443898 0.131739 0.78004
0 0.22202 0.476996 0.127282 0.794769
0 0.853475 0.499524 0.158719 0.852289
0 0.348264 0.521482 0.130665 0.801896
0 0.594995 0.550436 0.137933 0.788959
0 0.469002 0.535495 0.135976 0.804667
0 0.712412 0.55137 0.137783 0.79777
0 0.110073 0.443898 0.131739 0.78004
0 0.712119 0.560126 0.134626 0.748245
0 0.221075 0.492601 0.127581 0.74515
0 0.844223 0.533682 0.140218 0.76646
0 0.347343 0.544638 0.12732 0.734261
0 0.590991 0.555689 0.127388 0.756949
0 0.467079 0.555141 0.128985 0.747758
0 0.109085 0.459689 0.129155 0.737974
0 0.467466 0.55272 0.131838 0.751181
0 0.712119 0.560126 0.134626 0.748245
0 0.221075 0.492601 0.127581 0.74515
0 0.844223 0.533682 0.140218 0.76646
0 0.347343 0.544638 0.12732 0.734261
0 0.590991 0.555689 0.127388 0.756949
0 0.467079 0.555141 0.128985 0.747758
0 0.109085 0.459689 0.129155 0.737974
0 0.467466 0.55272 0.131838 0.751181
0 0.988765 0.496443 0.0224709 0.906738
0 0.712119 0.560126 0.134626 0.748245
0 0.221075 0.492601 0.127581 0.74515
0 0.844223 0.533682 0.140218 0.76646
0 0.347343 0.544638 0.12732 0.734261
0 0.590991 0.555689 0.127388 0.756949
0 0.467079 0.555141 0.128985 0.747758
0 0.109085 0.459689 0.129155 0.737974
0 0.467466 0.55272 0.131838 0.751181
