0 0.885447 0.612633 0.204558 0.670259
0 0.679199 0.647018 0.198362 0.629604
0 0.486039 0.765824 0.0924115 0.411016
0 0.161215 0.573386 0.226968 0.463483
0 0.123915 0.172255 0.107235 0.3322
0 0.0225635 0.665412 0.0448242 0.641025
0 0.124517 0.174438 0.106682 0.333561
0 0.432714 0.636412 0.281086 0.687484
0 0.885447 0.612633 0.204558 0.670259
0 0.679199 0.647018 0.198362 0.629604
0 0.486039 0.765824 0.0924115 0.411016
0 0.161215 0.573386 0.226968 0.463483
0 0.123915 0.172255 0.107235 0.3322
0 0.0225635 0.665412 0.0448242 0.641025
0 0.124517 0.174438 0.106682 0.333561
0 0.432714 0.636412 0.281086 0.687484
0 0.885447 0.612633 0.204558 0.670259
0 0.679199 0.647018 0.198362 0.629604
0 0.486039 0.765824 0.0924115 0.411016
0 0.161215 0.573386 0.226968 0.463483
0 0.123915 0.172255 0.107235 0.3322
0 0.0225635 0.665412 0.0448242 0.641025
0 0.124517 0.174438 0.106682 0.333561
0 0.432714 0.636412 0.281086 0.687484
0 0.678217 0.648611 0.192889 0.618773
0 0.884507 0.623671 0.202303 0.647876
0 0.120908 0.164324 0.102875 0.32173
0 0.174591 0.568022 0.249145 0.454368
0 0.0358167 0.176319 0.0713798 0.345592
0 0.439383 0.642253 0.287232 0.668463
0 0.241102 0.170433 0.142754 0.325233
0 0.678217 0.648611 0.192889 0.618773
0 0.884507 0.623671 0.202303 0.647876
0 0.120908 0.164324 0.102875 0.32173
0 0.174591 0.568022 0.249145 0.454368
0 0.0358167 0.176319 0.0713798 0.345592
0 0.439383 0.642253 0.287232 0.668463
0 0.241102 0.170433 0.142754 0.325233
0 0.204511 0.168605 0.0659788 0.331344
0 0.856835 0.207707 0.178303 0.221856
0 0.02087 0.627189 0.0417401 0.554039
0 0.275344 0.143031 0.0855836 0.239286
0 0.678217 0.648611 0.192889 0.618773
0 0.884507 0.623671 0.202303 0.647876
0 0.120908 0.164324 0.102875 0.32173
0 0.174591 0.568022 0.249145 0.454368
0 0.0358167 0.176319 0.0713798 0.345592
0 0.439383 0.642253 0.287232 0.668463
0 0.241102 0.170433 0.142754 0.325233
0 0.678217 0.648611 0.192889 0.618773
0 0.884507 0.623671 0.202303 0.647876
0 0.120908 0.164324 0.102875 0.32173
0 0.174591 0.568022 0.249145 0.454368
0 0.0358167 0.176319 0.0713798 0.345592
0 0.439383 0.642253 0.287232 0.668463
0 0.241102 0.170433 0.142754 0.325233
