0 0.128055 0.548119 0.24769 0.860319
0 0.366067 0.542876 0.240487 0.855632
0 0.604856 0.555602 0.247841 0.849446
0 0.86368 0.566158 0.262047 0.867684
0 0.128055 0.548119 0.24769 0.860319
0 0.366067 0.542876 0.240487 0.855632
0 0.604856 0.555602 0.247841 0.849446
0 0.86368 0.566158 0.262047 0.867684
0 0.128055 0.548119 0.24769 0.860319
0 0.366067 0.542876 0.240487 0.855632
0 0.604856 0.555602 0.247841 0.849446
0 0.86368 0.566158 0.262047 0.867684
0 0.131032 0.549943 0.244512 0.868141
0 0.367031 0.561311 0.24235 0.844862
0 0.604699 0.557519 0.245338 0.859368
0 0.864255 0.572748 0.257237 0.854504
0 0.131032 0.549943 0.244512 0.868141
0 0.367031 0.561311 0.24235 0.844862
0 0.604699 0.557519 0.245338 0.859368
0 0.864255 0.572748 0.257237 0.854504
