0 0.480016 0.647184 0.182205 0.52341
0 0.845226 0.572852 0.192928 0.508023
0 0.660342 0.611397 0.192953 0.522145
0 0.118097 0.739781 0.19424 0.511102
0 0.967148 0.568175 0.0647783 0.462852
0 0.306047 0.667262 0.192655 0.581789
0 0.480016 0.647184 0.182205 0.52341
0 0.845226 0.572852 0.192928 0.508023
0 0.660342 0.611397 0.192953 0.522145
0 0.118097 0.739781 0.19424 0.511102
0 0.967148 0.568175 0.0647783 0.462852
0 0.306047 0.667262 0.192655 0.581789
0 0.480016 0.647184 0.182205 0.52341
0 0.845226 0.572852 0.192928 0.508023
0 0.660342 0.611397 0.192953 0.522145
0 0.118097 0.739781 0.19424 0.511102
0 0.967148 0.568175 0.0647783 0.462852
0 0.306047 0.667262 0.192655 0.581789
0 0.844646 0.568789 0.182089 0.487932
0 0.661493 0.594127 0.191058 0.535531
0 0.477254 0.649865 0.177192 0.493655
0 0.30382 0.672452 0.183767 0.563169
0 0.117335 0.744628 0.181309 0.510743
0 0.966886 0.519978 0.066227 0.517293
0 0.844646 0.568789 0.182089 0.487932
0 0.661493 0.594127 0.191058 0.535531
0 0.477254 0.649865 0.177192 0.493655
0 0.30382 0.672452 0.183767 0.563169
0 0.117335 0.744628 0.181309 0.510743
0 0.966886 0.519978 0.066227 0.517293
0 0.303926 0.666637 0.184886 0.567873
0 0.844646 0.568789 0.182089 0.487932
0 0.661493 0.594127 0.191058 0.535531
0 0.477254 0.649865 0.177192 0.493655
0 0.30382 0.672452 0.183767 0.563169
0 0.117335 0.744628 0.181309 0.510743
0 0.966886 0.519978 0.066227 0.517293
