0 0.278858 0.452734 0.167237 0.761741
0 0.620018 0.532232 0.167756 0.781661
0 0.113929 0.397124 0.172051 0.746956
0 0.443647 0.491437 0.175437 0.79511
0 0.792457 0.539261 0.18819 0.829265
0 0.278858 0.452734 0.167237 0.761741
0 0.620018 0.532232 0.167756 0.781661
0 0.113929 0.397124 0.172051 0.746956
0 0.443647 0.491437 0.175437 0.79511
0 0.792457 0.539261 0.18819 0.829265
0 0.278858 0.452734 0.167237 0.761741
0 0.620018 0.532232 0.167756 0.781661
0 0.113929 0.397124 0.172051 0.746956
0 0.443647 0.491437 0.175437 0.79511
0 0.792457 0.539261 0.18819 0.829265
0 0.447417 0.495206 0.177872 0.779678
0 0.280475 0.44991 0.171005 0.77038
0 0.114681 0.394298 0.179527 0.76057
0 0.620868 0.530571 0.16894 0.782365
0 0.79403 0.545618 0.189578 0.817306
0 0.447417 0.495206 0.177872 0.779678
0 0.280475 0.44991 0.171005 0.77038
0 0.114681 0.394298 0.179527 0.76057
0 0.620868 0.530571 0.16894 0.782365
0 0.79403 0.545618 0.189578 0.817306
0 0.447417 0.495206 0.177872 0.779678
0 0.280475 0.44991 0.171005 0.77038
0 0.114681 0.394298 0.179527 0.76057
0 0.620868 0.530571 0.16894 0.782365
0 0.79403 0.545618 0.189578 0.817306
0 0.447417 0.495206 0.177872 0.779678
0 0.280475 0.44991 0.171005 0.77038
0 0.114681 0.394298 0.179527 0.76057
0 0.620868 0.530571 0.16894 0.782365
0 0.79403 0.545618 0.189578 0.817306
