0 0.0445827 0.31281 0.0591101 0.588614
0 0.103204 0.341707 0.059149 0.584887
0 0.604386 0.608018 0.0430663 0.462134
0 0.762968 0.672821 0.0358244 0.431432
0 0.373874 0.48047 0.0501366 0.52788
0 0.215945 0.408853 0.057384 0.573137
0 0.323992 0.456815 0.052975 0.55153
0 0.270578 0.433565 0.0550891 0.572208
0 0.83692 0.705177 0.0389824 0.433609
0 0.562877 0.577318 0.0424462 0.49081
0 0.473664 0.541954 0.0533564 0.510262
0 0.52047 0.55244 0.0424463 0.517953
0 0.159616 0.378846 0.0564923 0.568253
0 0.644195 0.629329 0.037734 0.447327
0 0.897096 0.687934 0.0565239 0.508264
0 0.684393 0.649718 0.0390307 0.434022
0 0.724956 0.657832 0.0410664 0.440881
0 0.422403 0.502855 0.0481863 0.516939
0 0.79912 0.688204 0.0363364 0.424335
0 0.00829232 0.314414 0.0164615 0.58692
0 0.97566 0.689586 0.0458602 0.5551
0 0.940653 0.733545 0.0294471 0.43537
0 0.0445827 0.31281 0.0591101 0.588614
0 0.103204 0.341707 0.059149 0.584887
0 0.604386 0.608018 0.0430663 0.462134
0 0.762968 0.672821 0.0358244 0.431432
0 0.373874 0.48047 0.0501366 0.52788
0 0.215945 0.408853 0.057384 0.573137
0 0.323992 0.456815 0.052975 0.55153
0 0.270578 0.433565 0.0550891 0.572208
0 0.83692 0.705177 0.0389824 0.433609
0 0.562877 0.577318 0.0424462 0.49081
0 0.473664 0.541954 0.0533564 0.510262
0 0.52047 0.55244 0.0424463 0.517953
0 0.159616 0.378846 0.0564923 0.568253
0 0.644195 0.629329 0.037734 0.447327
0 0.897096 0.687934 0.0565239 0.508264
0 0.684393 0.649718 0.0390307 0.434022
0 0.724956 0.657832 0.0410664 0.440881
0 0.422403 0.502855 0.0481863 0.516939
0 0.79912 0.688204 0.0363364 0.424335
0 0.00829232 0.314414 0.0164615 0.58692
0 0.97566 0.689586 0.0458602 0.5551
0 0.940653 0.733545 0.0294471 0.43537
0 0.0445827 0.31281 0.0591101 0.588614
0 0.103204 0.341707 0.059149 0.584887
0 0.604386 0.608018 0.0430663 0.462134
0 0.762968 0.672821 0.0358244 0.431432
0 0.373874 0.48047 0.0501366 0.52788
0 0.215945 0.408853 0.057384 0.573137
0 0.323992 0.456815 0.052975 0.55153
0 0.270578 0.433565 0.0550891 0.572208
0 0.83692 0.705177 0.0389824 0.433609
0 0.562877 0.577318 0.0424462 0.49081
0 0.473664 0.541954 0.0533564 0.510262
0 0.52047 0.55244 0.0424463 0.517953
0 0.159616 0.378846 0.0564923 0.568253
0 0.644195 0.629329 0.037734 0.447327
0 0.897096 0.687934 0.0565239 0.508264
0 0.684393 0.649718 0.0390307 0.434022
0 0.724956 0.657832 0.0410664 0.440881
0 0.422403 0.502855 0.0481863 0.516939
0 0.79912 0.688204 0.0363364 0.424335
0 0.00829232 0.314414 0.0164615 0.58692
0 0.97566 0.689586 0.0458602 0.5551
0 0.940653 0.733545 0.0294471 0.43537
0 0.159616 0.374759 0.0581857 0.556908
0 0.422544 0.516184 0.0490396 0.493846
0 0.473345 0.554737 0.0519594 0.511244
0 0.60477 0.608719 0.0431205 0.45773
0 0.102597 0.344457 0.0583575 0.562673
0 0.0434429 0.321181 0.05999 0.576599
0 0.323653 0.457452 0.0508996 0.52988
0 0.373532 0.491978 0.0498483 0.510761
0 0.683736 0.650896 0.0421037 0.434509
0 0.645449 0.630536 0.0384072 0.445838
0 0.270564 0.433379 0.0538784 0.549413
0 0.563082 0.577599 0.0428518 0.494261
0 0.762686 0.673112 0.0390816 0.433791
0 0.216037 0.411561 0.0554085 0.545416
0 0.00740327 0.322131 0.0148065 0.570398
0 0.836827 0.704387 0.0403418 0.418854
0 0.897021 0.668467 0.0575461 0.52145
0 0.799533 0.690282 0.0362481 0.423248
0 0.724903 0.665838 0.0390202 0.432762
0 0.940484 0.737716 0.0299137 0.41543
0 0.99546 0.699003 0.0090807 0.488242
0 0.520563 0.557886 0.0427715 0.519741
0 0.995537 0.692236 0.00892556 0.512171
0 0.520942 0.557746 0.042927 0.518372
0 0.159616 0.374759 0.0581857 0.556908
0 0.422544 0.516184 0.0490396 0.493846
0 0.473345 0.554737 0.0519594 0.511244
0 0.60477 0.608719 0.0431205 0.45773
0 0.102597 0.344457 0.0583575 0.562673
0 0.0434429 0.321181 0.05999 0.576599
0 0.323653 0.457452 0.0508996 0.52988
0 0.373532 0.491978 0.0498483 0.510761
0 0.683736 0.650896 0.0421037 0.434509
0 0.645449 0.630536 0.0384072 0.445838
0 0.270564 0.433379 0.0538784 0.549413
0 0.563082 0.577599 0.0428518 0.494261
0 0.762686 0.673112 0.0390816 0.433791
0 0.216037 0.411561 0.0554085 0.545416
0 0.00740327 0.322131 0.0148065 0.570398
0 0.836827 0.704387 0.0403418 0.418854
0 0.897021 0.668467 0.0575461 0.52145
0 0.799533 0.690282 0.0362481 0.423248
0 0.724903 0.665838 0.0390202 0.432762
0 0.940484 0.737716 0.0299137 0.41543
0 0.99546 0.699003 0.0090807 0.488242
0 0.520563 0.557886 0.0427715 0.519741
0 0.995537 0.692236 0.00892556 0.512171
0 0.520942 0.557746 0.042927 0.518372
0 0.971528 0.736036 0.036348 0.441323
0 0.995219 0.721972 0.00956279 0.482549
0 0.520991 0.560181 0.0425011 0.511602
0 0.798839 0.682433 0.0361757 0.425001
0 0.723581 0.65868 0.0403 0.43137
0 0.420743 0.890429 0.0349741 0.200955
