0 0.0750128 0.502476 0.149755 0.595384
0 0.457968 0.546155 0.402025 0.269616
0 0.463003 0.537492 0.398845 0.26622
0 0.0750128 0.502476 0.149755 0.595384
0 0.457968 0.546155 0.402025 0.269616
0 0.463003 0.537492 0.398845 0.26622
0 0.0750128 0.502476 0.149755 0.595384
0 0.457968 0.546155 0.402025 0.269616
0 0.463003 0.537492 0.398845 0.26622
0 0.0793561 0.517076 0.158191 0.586884
0 0.46164 0.598842 0.422856 0.398494
0 0.830694 0.469928 0.338612 0.229287
0 0.368936 0.575694 0.206858 0.241262
0 0.826047 0.538939 0.335839 0.36796
0 0.0793561 0.517076 0.158191 0.586884
0 0.46164 0.598842 0.422856 0.398494
0 0.830694 0.469928 0.338612 0.229287
0 0.368936 0.575694 0.206858 0.241262
0 0.826047 0.538939 0.335839 0.36796
0 0.0793561 0.517076 0.158191 0.586884
0 0.46164 0.598842 0.422856 0.398494
0 0.830694 0.469928 0.338612 0.229287
0 0.368936 0.575694 0.206858 0.241262
0 0.826047 0.538939 0.335839 0.36796
0 0.0793561 0.517076 0.158191 0.586884
0 0.46164 0.598842 0.422856 0.398494
0 0.830694 0.469928 0.338612 0.229287
0 0.368936 0.575694 0.206858 0.241262
0 0.826047 0.538939 0.335839 0.36796
