0 0.767976 0.596669 0.2241 0.276994
0 0.314348 0.802923 0.218601 0.30528
0 0.0933584 0.36078 0.186187 0.275058
0 0.529387 0.59175 0.221865 0.264111
0 0.30803 0.57856 0.214002 0.259188
0 0.749669 0.383746 0.223728 0.24647
0 0.785603 0.841389 0.232368 0.317223
0 0.0978936 0.80529 0.195787 0.284264
0 0.0963262 0.583752 0.192652 0.262745
0 0.301923 0.367001 0.212695 0.250055
0 0.735421 0.156945 0.224621 0.278393
0 0.514544 0.382889 0.212224 0.248592
0 0.546846 0.835582 0.232209 0.328837
0 0.292948 0.154562 0.210508 0.261677
0 0.511629 0.160056 0.221569 0.273832
0 0.548827 0.835866 0.23606 0.327208
0 0.731715 0.1609 0.220078 0.280691
0 0.506371 0.162422 0.213089 0.278635
0 0.936944 0.564346 0.126112 0.427247
0 0.948947 0.857519 0.102106 0.284962
0 0.527812 0.592687 0.219943 0.266503
