0 0.527506 0.470294 0.107238 0.716803
0 0.704991 0.288132 0.0930455 0.376442
0 0.433332 0.473453 0.103529 0.67896
0 0.139328 0.454918 0.117264 0.63784
0 0.614515 0.292685 0.090547 0.381836
0 0.527506 0.470294 0.107238 0.716803
0 0.704991 0.288132 0.0930455 0.376442
0 0.433332 0.473453 0.103529 0.67896
0 0.139328 0.454918 0.117264 0.63784
0 0.614515 0.292685 0.090547 0.381836
0 0.527506 0.470294 0.107238 0.716803
0 0.704991 0.288132 0.0930455 0.376442
0 0.433332 0.473453 0.103529 0.67896
0 0.139328 0.454918 0.117264 0.63784
0 0.614515 0.292685 0.090547 0.381836
0 0.688048 0.732341 0.159267 0.413053
0 0.894604 0.646658 0.16873 0.521496
0 0.154709 0.879291 0.168679 0.241419
0 0.688048 0.732341 0.159267 0.413053
0 0.894604 0.646658 0.16873 0.521496
0 0.154709 0.879291 0.168679 0.241419
0 0.612918 0.301808 0.0912764 0.391906
0 0.688048 0.732341 0.159267 0.413053
0 0.894604 0.646658 0.16873 0.521496
0 0.154709 0.879291 0.168679 0.241419
