0 0.421942 0.584391 0.204636 0.595686
0 0.155355 0.673786 0.237213 0.650779
0 0.421942 0.584391 0.204636 0.595686
0 0.155355 0.673786 0.237213 0.650779
0 0.421942 0.584391 0.204636 0.595686
0 0.155355 0.673786 0.237213 0.650779
0 0.882204 0.499853 0.167728 0.551737
0 0.421533 0.575481 0.190191 0.596211
0 0.596174 0.559508 0.160088 0.551077
0 0.150054 0.661895 0.224035 0.610891
0 0.882204 0.499853 0.167728 0.551737
0 0.421533 0.575481 0.190191 0.596211
0 0.596174 0.559508 0.160088 0.551077
0 0.150054 0.661895 0.224035 0.610891
0 0.882204 0.499853 0.167728 0.551737
0 0.421533 0.575481 0.190191 0.596211
0 0.596174 0.559508 0.160088 0.551077
0 0.150054 0.661895 0.224035 0.610891
0 0.882204 0.499853 0.167728 0.551737
0 0.421533 0.575481 0.190191 0.596211
0 0.596174 0.559508 0.160088 0.551077
0 0.150054 0.661895 0.224035 0.610891
