0 0.914449 0.70318 0.0573131 0.566561
0 0.859593 0.639354 0.055441 0.689238
0 0.038309 0.541661 0.0633281 0.702198
0 0.754268 0.617761 0.0562549 0.71971
0 0.153496 0.545257 0.0596417 0.694351
0 0.699727 0.609911 0.0586479 0.73092
0 0.643949 0.596856 0.0570922 0.732442
0 0.0982654 0.545029 0.0603924 0.707873
0 0.209741 0.556424 0.0634838 0.698705
0 0.379175 0.587483 0.0566388 0.700909
0 0.967396 0.725886 0.0552753 0.52984
0 0.269624 0.567593 0.0595833 0.706869
0 0.324935 0.571954 0.056614 0.721837
0 0.59083 0.583981 0.0547122 0.736936
0 0.807301 0.628197 0.0569466 0.703386
0 0.807181 0.628765 0.0562229 0.704343
0 0.432245 0.590971 0.0537655 0.704257
0 0.485873 0.591269 0.0554394 0.726635
0 0.538904 0.586203 0.0537172 0.721057
0 0.590904 0.588088 0.0552145 0.73147
0 0.914449 0.70318 0.0573131 0.566561
0 0.859593 0.639354 0.055441 0.689238
0 0.038309 0.541661 0.0633281 0.702198
0 0.754268 0.617761 0.0562549 0.71971
0 0.153496 0.545257 0.0596417 0.694351
0 0.699727 0.609911 0.0586479 0.73092
0 0.643949 0.596856 0.0570922 0.732442
0 0.0982654 0.545029 0.0603924 0.707873
0 0.209741 0.556424 0.0634838 0.698705
0 0.379175 0.587483 0.0566388 0.700909
0 0.967396 0.725886 0.0552753 0.52984
0 0.269624 0.567593 0.0595833 0.706869
0 0.324935 0.571954 0.056614 0.721837
0 0.59083 0.583981 0.0547122 0.736936
0 0.807301 0.628197 0.0569466 0.703386
0 0.807181 0.628765 0.0562229 0.704343
0 0.432245 0.590971 0.0537655 0.704257
0 0.485873 0.591269 0.0554394 0.726635
0 0.538904 0.586203 0.0537172 0.721057
0 0.590904 0.588088 0.0552145 0.73147
0 0.914449 0.70318 0.0573131 0.566561
0 0.859593 0.639354 0.055441 0.689238
0 0.038309 0.541661 0.0633281 0.702198
0 0.754268 0.617761 0.0562549 0.71971
0 0.153496 0.545257 0.0596417 0.694351
0 0.699727 0.609911 0.0586479 0.73092
0 0.643949 0.596856 0.0570922 0.732442
0 0.0982654 0.545029 0.0603924 0.707873
0 0.209741 0.556424 0.0634838 0.698705
0 0.379175 0.587483 0.0566388 0.700909
0 0.967396 0.725886 0.0552753 0.52984
0 0.269624 0.567593 0.0595833 0.706869
0 0.324935 0.571954 0.056614 0.721837
0 0.59083 0.583981 0.0547122 0.736936
0 0.807301 0.628197 0.0569466 0.703386
0 0.807181 0.628765 0.0562229 0.704343
0 0.432245 0.590971 0.0537655 0.704257
0 0.485873 0.591269 0.0554394 0.726635
0 0.538904 0.586203 0.0537172 0.721057
0 0.590904 0.588088 0.0552145 0.73147
0 0.324964 0.579194 0.0596881 0.708574
0 0.0371098 0.541568 0.0648142 0.703903
0 0.269466 0.571449 0.0614187 0.696566
0 0.913232 0.721338 0.059698 0.557325
0 0.210224 0.547377 0.0671633 0.700298
0 0.859172 0.638532 0.0596308 0.705787
0 0.0984491 0.544654 0.0618142 0.707526
0 0.806665 0.631898 0.0600314 0.713186
0 0.484865 0.587559 0.0599141 0.727135
0 0.153383 0.549415 0.060574 0.695771
0 0.753682 0.626285 0.0589675 0.723143
0 0.69985 0.616611 0.0601239 0.729948
0 0.643911 0.604324 0.0606607 0.729922
0 0.966009 0.739208 0.0547135 0.521584
0 0.538702 0.592264 0.0588174 0.725754
0 0.590922 0.592919 0.0559667 0.727912
0 0.431598 0.58899 0.0569435 0.71555
0 0.378877 0.592477 0.0589192 0.69381
0 0.994746 0.75778 0.0105072 0.442412
0 0.324964 0.579194 0.0596881 0.708574
0 0.0371098 0.541568 0.0648142 0.703903
0 0.269466 0.571449 0.0614187 0.696566
0 0.913232 0.721338 0.059698 0.557325
0 0.210224 0.547377 0.0671633 0.700298
0 0.859172 0.638532 0.0596308 0.705787
0 0.0984491 0.544654 0.0618142 0.707526
0 0.806665 0.631898 0.0600314 0.713186
0 0.484865 0.587559 0.0599141 0.727135
0 0.153383 0.549415 0.060574 0.695771
0 0.753682 0.626285 0.0589675 0.723143
0 0.69985 0.616611 0.0601239 0.729948
0 0.643911 0.604324 0.0606607 0.729922
0 0.966009 0.739208 0.0547135 0.521584
0 0.538702 0.592264 0.0588174 0.725754
0 0.590922 0.592919 0.0559667 0.727912
0 0.431598 0.58899 0.0569435 0.71555
0 0.378877 0.592477 0.0589192 0.69381
0 0.994746 0.75778 0.0105072 0.442412
0 0.994783 0.738151 0.0104333 0.445428
0 0.431661 0.587401 0.0570005 0.717056
0 0.379175 0.591351 0.0589623 0.690992
0 0.324964 0.579194 0.0596881 0.708574
0 0.0371098 0.541568 0.0648142 0.703903
0 0.269466 0.571449 0.0614187 0.696566
0 0.913232 0.721338 0.059698 0.557325
0 0.210224 0.547377 0.0671633 0.700298
0 0.859172 0.638532 0.0596308 0.705787
0 0.0984491 0.544654 0.0618142 0.707526
0 0.806665 0.631898 0.0600314 0.713186
0 0.484865 0.587559 0.0599141 0.727135
0 0.153383 0.549415 0.060574 0.695771
0 0.753682 0.626285 0.0589675 0.723143
0 0.69985 0.616611 0.0601239 0.729948
0 0.643911 0.604324 0.0606607 0.729922
0 0.966009 0.739208 0.0547135 0.521584
0 0.538702 0.592264 0.0588174 0.725754
0 0.590922 0.592919 0.0559667 0.727912
0 0.431598 0.58899 0.0569435 0.71555
0 0.378877 0.592477 0.0589192 0.69381
0 0.994746 0.75778 0.0105072 0.442412
0 0.324964 0.579194 0.0596881 0.708574
0 0.0371098 0.541568 0.0648142 0.703903
0 0.269466 0.571449 0.0614187 0.696566
0 0.913232 0.721338 0.059698 0.557325
0 0.210224 0.547377 0.0671633 0.700298
0 0.859172 0.638532 0.0596308 0.705787
0 0.0984491 0.544654 0.0618142 0.707526
0 0.806665 0.631898 0.0600314 0.713186
0 0.484865 0.587559 0.0599141 0.727135
0 0.153383 0.549415 0.060574 0.695771
0 0.753682 0.626285 0.0589675 0.723143
0 0.69985 0.616611 0.0601239 0.729948
0 0.643911 0.604324 0.0606607 0.729922
0 0.966009 0.739208 0.0547135 0.521584
0 0.538702 0.592264 0.0588174 0.725754
0 0.590922 0.592919 0.0559667 0.727912
0 0.431598 0.58899 0.0569435 0.71555
0 0.378877 0.592477 0.0589192 0.69381
0 0.994746 0.75778 0.0105072 0.442412
