0 0.147716 0.107191 0.292786 0.214382
0 0.353493 0.590304 0.510212 0.553049
0 0.755119 0.382584 0.477945 0.644952
0 0.902045 0.912649 0.192695 0.174701
0 0.0492501 0.634803 0.0983204 0.296544
0 0.147716 0.107191 0.292786 0.214382
0 0.353493 0.590304 0.510212 0.553049
0 0.755119 0.382584 0.477945 0.644952
0 0.902045 0.912649 0.192695 0.174701
0 0.0492501 0.634803 0.0983204 0.296544
0 0.147716 0.107191 0.292786 0.214382
0 0.353493 0.590304 0.510212 0.553049
0 0.755119 0.382584 0.477945 0.644952
0 0.902045 0.912649 0.192695 0.174701
0 0.0492501 0.634803 0.0983204 0.296544
0 0.774251 0.504154 0.432112 0.375714
0 0.146586 0.0968722 0.286476 0.193744
0 0.367482 0.65085 0.499843 0.419519
0 0.346492 0.528578 0.560536 0.649907
0 0.763204 0.372752 0.473591 0.635362
0 0.352099 0.538912 0.548463 0.662515
0 0.774251 0.504154 0.432112 0.375714
0 0.146586 0.0968722 0.286476 0.193744
0 0.367482 0.65085 0.499843 0.419519
0 0.346492 0.528578 0.560536 0.649907
0 0.763204 0.372752 0.473591 0.635362
0 0.352099 0.538912 0.548463 0.662515
0 0.353031 0.538337 0.538951 0.651283
0 0.774251 0.504154 0.432112 0.375714
0 0.146586 0.0968722 0.286476 0.193744
0 0.367482 0.65085 0.499843 0.419519
0 0.346492 0.528578 0.560536 0.649907
0 0.763204 0.372752 0.473591 0.635362
0 0.352099 0.538912 0.548463 0.662515
0 0.774251 0.504154 0.432112 0.375714
0 0.146586 0.0968722 0.286476 0.193744
0 0.367482 0.65085 0.499843 0.419519
0 0.346492 0.528578 0.560536 0.649907
0 0.763204 0.372752 0.473591 0.635362
0 0.352099 0.538912 0.548463 0.662515
