0 0.720647 0.497139 0.550836 0.994278
0 0.241548 0.445876 0.482386 0.829805
0 0.720647 0.497139 0.550836 0.994278
0 0.241548 0.445876 0.482386 0.829805
0 0.720647 0.497139 0.550836 0.994278
0 0.241548 0.445876 0.482386 0.829805
0 0.72217 0.495592 0.55566 0.979869
0 0.254114 0.524483 0.479323 0.923901
0 0.72217 0.495592 0.55566 0.979869
0 0.254114 0.524483 0.479323 0.923901
0 0.72217 0.495592 0.55566 0.979869
0 0.254114 0.524483 0.479323 0.923901
0 0.72217 0.495592 0.55566 0.979869
0 0.254114 0.524483 0.479323 0.923901
