0 0.790284 0.673468 0.140877 0.54072
0 0.514728 0.654694 0.1397 0.595222
0 0.937991 0.689968 0.121014 0.550447
0 0.652426 0.674465 0.136004 0.552494
0 0.230216 0.66793 0.14637 0.56519
0 0.373513 0.641333 0.137033 0.626923
0 0.938013 0.694164 0.122101 0.549473
0 0.374371 0.65673 0.137358 0.633876
0 0.0853172 0.674967 0.142594 0.582527
0 0.652423 0.678001 0.136139 0.545791
0 0.790284 0.673468 0.140877 0.54072
0 0.514728 0.654694 0.1397 0.595222
0 0.937991 0.689968 0.121014 0.550447
0 0.652426 0.674465 0.136004 0.552494
0 0.230216 0.66793 0.14637 0.56519
0 0.373513 0.641333 0.137033 0.626923
0 0.938013 0.694164 0.122101 0.549473
0 0.374371 0.65673 0.137358 0.633876
0 0.0853172 0.674967 0.142594 0.582527
0 0.652423 0.678001 0.136139 0.545791
0 0.790284 0.673468 0.140877 0.54072
0 0.514728 0.654694 0.1397 0.595222
0 0.937991 0.689968 0.121014 0.550447
0 0.652426 0.674465 0.136004 0.552494
0 0.230216 0.66793 0.14637 0.56519
0 0.373513 0.641333 0.137033 0.626923
0 0.938013 0.694164 0.122101 0.549473
0 0.374371 0.65673 0.137358 0.633876
0 0.0853172 0.674967 0.142594 0.582527
0 0.652423 0.678001 0.136139 0.545791
0 0.79277 0.677593 0.14185 0.546839
0 0.377826 0.689047 0.136846 0.571532
0 0.516493 0.684626 0.138262 0.567867
0 0.939465 0.692783 0.12107 0.526503
0 0.0868974 0.693233 0.141411 0.56261
0 0.230613 0.686079 0.14227 0.559379
0 0.654598 0.681517 0.134624 0.556415
0 0.79277 0.677593 0.14185 0.546839
0 0.377826 0.689047 0.136846 0.571532
0 0.516493 0.684626 0.138262 0.567867
0 0.939465 0.692783 0.12107 0.526503
0 0.0868974 0.693233 0.141411 0.56261
0 0.230613 0.686079 0.14227 0.559379
0 0.654598 0.681517 0.134624 0.556415
0 0.79277 0.677593 0.14185 0.546839
0 0.377826 0.689047 0.136846 0.571532
0 0.516493 0.684626 0.138262 0.567867
0 0.939465 0.692783 0.12107 0.526503
0 0.0868974 0.693233 0.141411 0.56261
0 0.230613 0.686079 0.14227 0.559379
0 0.654598 0.681517 0.134624 0.556415
0 0.79277 0.677593 0.14185 0.546839
0 0.377826 0.689047 0.136846 0.571532
0 0.516493 0.684626 0.138262 0.567867
0 0.939465 0.692783 0.12107 0.526503
0 0.0868974 0.693233 0.141411 0.56261
0 0.230613 0.686079 0.14227 0.559379
0 0.654598 0.681517 0.134624 0.556415
