0 0.141609 0.551035 0.211939 0.832779
0 0.321996 0.542755 0.196316 0.851985
0 0.685861 0.520369 0.222986 0.93693
0 0.141609 0.551035 0.211939 0.832779
0 0.321996 0.542755 0.196316 0.851985
0 0.685861 0.520369 0.222986 0.93693
0 0.141609 0.551035 0.211939 0.832779
0 0.321996 0.542755 0.196316 0.851985
0 0.685861 0.520369 0.222986 0.93693
0 0.137034 0.484217 0.229558 0.965978
0 0.323914 0.542755 0.201363 0.860019
0 0.495469 0.649355 0.158174 0.65715
0 0.137034 0.484217 0.229558 0.965978
0 0.323914 0.542755 0.201363 0.860019
0 0.495469 0.649355 0.158174 0.65715
0 0.137034 0.484217 0.229558 0.965978
0 0.323914 0.542755 0.201363 0.860019
0 0.495469 0.649355 0.158174 0.65715
0 0.137034 0.484217 0.229558 0.965978
0 0.323914 0.542755 0.201363 0.860019
0 0.495469 0.649355 0.158174 0.65715
