0 0.791118 0.509985 0.278667 0.805656
0 0.533877 0.525863 0.248687 0.786325
0 0.299438 0.55377 0.227446 0.759033
0 0.0962855 0.592448 0.190269 0.764826
0 0.791118 0.509985 0.278667 0.805656
0 0.533877 0.525863 0.248687 0.786325
0 0.299438 0.55377 0.227446 0.759033
0 0.0962855 0.592448 0.190269 0.764826
0 0.791118 0.509985 0.278667 0.805656
0 0.533877 0.525863 0.248687 0.786325
0 0.299438 0.55377 0.227446 0.759033
0 0.0962855 0.592448 0.190269 0.764826
0 0.795326 0.524863 0.27514 0.809594
0 0.537018 0.5395 0.245462 0.783732
0 0.0987307 0.611075 0.186185 0.733851
0 0.300307 0.56206 0.226995 0.75841
0 0.795326 0.524863 0.27514 0.809594
0 0.537018 0.5395 0.245462 0.783732
0 0.0987307 0.611075 0.186185 0.733851
0 0.300307 0.56206 0.226995 0.75841
0 0.795326 0.524863 0.27514 0.809594
0 0.537018 0.5395 0.245462 0.783732
0 0.0987307 0.611075 0.186185 0.733851
0 0.300307 0.56206 0.226995 0.75841
0 0.795326 0.524863 0.27514 0.809594
0 0.537018 0.5395 0.245462 0.783732
0 0.0987307 0.611075 0.186185 0.733851
0 0.300307 0.56206 0.226995 0.75841
