0 0.851598 0.587156 0.255113 0.824472
0 0.124814 0.559814 0.238803 0.794382
0 0.608035 0.57501 0.251901 0.794956
0 0.36125 0.550409 0.2511 0.79785
0 0.851598 0.587156 0.255113 0.824472
0 0.124814 0.559814 0.238803 0.794382
0 0.608035 0.57501 0.251901 0.794956
0 0.36125 0.550409 0.2511 0.79785
0 0.851598 0.587156 0.255113 0.824472
0 0.124814 0.559814 0.238803 0.794382
0 0.608035 0.57501 0.251901 0.794956
0 0.36125 0.550409 0.2511 0.79785
0 0.609219 0.574552 0.246277 0.822844
0 0.36247 0.552709 0.247136 0.82169
0 0.852874 0.59355 0.24749 0.812901
0 0.127515 0.567824 0.229349 0.802462
0 0.609219 0.574552 0.246277 0.822844
0 0.36247 0.552709 0.247136 0.82169
0 0.852874 0.59355 0.24749 0.812901
0 0.127515 0.567824 0.229349 0.802462
0 0.609219 0.574552 0.246277 0.822844
0 0.36247 0.552709 0.247136 0.82169
0 0.852874 0.59355 0.24749 0.812901
0 0.127515 0.567824 0.229349 0.802462
0 0.609219 0.574552 0.246277 0.822844
0 0.36247 0.552709 0.247136 0.82169
0 0.852874 0.59355 0.24749 0.812901
0 0.127515 0.567824 0.229349 0.802462
