0 0.427791 0.671734 0.138891 0.61751
0 0.698576 0.689875 0.133842 0.564341
0 0.294711 0.706646 0.139557 0.55485
0 0.56595 0.665283 0.137153 0.637005
0 0.827515 0.68165 0.133997 0.612848
0 0.827279 0.688155 0.135283 0.574976
0 0.427791 0.671734 0.138891 0.61751
0 0.698576 0.689875 0.133842 0.564341
0 0.294711 0.706646 0.139557 0.55485
0 0.56595 0.665283 0.137153 0.637005
0 0.827515 0.68165 0.133997 0.612848
0 0.827279 0.688155 0.135283 0.574976
0 0.427791 0.671734 0.138891 0.61751
0 0.698576 0.689875 0.133842 0.564341
0 0.294711 0.706646 0.139557 0.55485
0 0.56595 0.665283 0.137153 0.637005
0 0.827515 0.68165 0.133997 0.612848
0 0.827279 0.688155 0.135283 0.574976
0 0.70014 0.663905 0.137141 0.64581
0 0.831349 0.664528 0.140888 0.653757
0 0.429985 0.64845 0.14025 0.673973
0 0.188148 0.721882 0.0762328 0.490902
0 0.294737 0.651859 0.138879 0.664212
0 0.5666 0.657136 0.138623 0.657798
0 0.0349676 0.764751 0.0694794 0.370409
0 0.113602 0.344582 0.223825 0.141404
0 0.70014 0.663905 0.137141 0.64581
0 0.831349 0.664528 0.140888 0.653757
0 0.429985 0.64845 0.14025 0.673973
0 0.188148 0.721882 0.0762328 0.490902
0 0.294737 0.651859 0.138879 0.664212
0 0.5666 0.657136 0.138623 0.657798
0 0.0349676 0.764751 0.0694794 0.370409
0 0.113602 0.344582 0.223825 0.141404
0 0.9448 0.654552 0.107911 0.682738
0 0.951316 0.642475 0.0970235 0.681131
0 0.968206 0.508854 0.0635879 0.464687
0 0.70014 0.663905 0.137141 0.64581
0 0.831349 0.664528 0.140888 0.653757
0 0.429985 0.64845 0.14025 0.673973
0 0.188148 0.721882 0.0762328 0.490902
0 0.294737 0.651859 0.138879 0.664212
0 0.5666 0.657136 0.138623 0.657798
0 0.0349676 0.764751 0.0694794 0.370409
0 0.113602 0.344582 0.223825 0.141404
0 0.70014 0.663905 0.137141 0.64581
0 0.831349 0.664528 0.140888 0.653757
0 0.429985 0.64845 0.14025 0.673973
0 0.188148 0.721882 0.0762328 0.490902
0 0.294737 0.651859 0.138879 0.664212
0 0.5666 0.657136 0.138623 0.657798
0 0.0349676 0.764751 0.0694794 0.370409
0 0.113602 0.344582 0.223825 0.141404
