0 0.40042 0.487946 0.120266 0.915875
0 0.511277 0.478177 0.11806 0.91497
0 0.286307 0.503253 0.117931 0.909266
0 0.966834 0.549108 0.066129 0.676691
0 0.621085 0.46904 0.118153 0.916838
0 0.810866 0.467671 0.120139 0.904602
0 0.0656114 0.608826 0.124208 0.782348
0 0.17535 0.595853 0.118889 0.765168
0 0.40042 0.487946 0.120266 0.915875
0 0.511277 0.478177 0.11806 0.91497
0 0.286307 0.503253 0.117931 0.909266
0 0.966834 0.549108 0.066129 0.676691
0 0.621085 0.46904 0.118153 0.916838
0 0.810866 0.467671 0.120139 0.904602
0 0.0656114 0.608826 0.124208 0.782348
0 0.17535 0.595853 0.118889 0.765168
0 0.40042 0.487946 0.120266 0.915875
0 0.511277 0.478177 0.11806 0.91497
0 0.286307 0.503253 0.117931 0.909266
0 0.966834 0.549108 0.066129 0.676691
0 0.621085 0.46904 0.118153 0.916838
0 0.810866 0.467671 0.120139 0.904602
0 0.0656114 0.608826 0.124208 0.782348
0 0.17535 0.595853 0.118889 0.765168
0 0.0588434 0.734643 0.111227 0.530503
0 0.514 0.557605 0.113547 0.725076
0 0.291403 0.578901 0.11545 0.748253
0 0.900755 0.59904 0.0714659 0.5902
0 0.402527 0.562466 0.113833 0.74274
0 0.966601 0.578621 0.0667985 0.604841
0 0.173516 0.716682 0.113758 0.526877
0 0.624123 0.541483 0.114803 0.747844
0 0.727336 0.602896 0.0954414 0.617036
0 0.820141 0.599868 0.0951855 0.617789
0 0.820271 0.596983 0.094973 0.611668
0 0.0588434 0.734643 0.111227 0.530503
0 0.514 0.557605 0.113547 0.725076
0 0.291403 0.578901 0.11545 0.748253
0 0.900755 0.59904 0.0714659 0.5902
0 0.402527 0.562466 0.113833 0.74274
0 0.966601 0.578621 0.0667985 0.604841
0 0.173516 0.716682 0.113758 0.526877
0 0.624123 0.541483 0.114803 0.747844
0 0.727336 0.602896 0.0954414 0.617036
0 0.820141 0.599868 0.0951855 0.617789
0 0.820271 0.596983 0.094973 0.611668
0 0.0588434 0.734643 0.111227 0.530503
0 0.514 0.557605 0.113547 0.725076
0 0.291403 0.578901 0.11545 0.748253
0 0.900755 0.59904 0.0714659 0.5902
0 0.402527 0.562466 0.113833 0.74274
0 0.966601 0.578621 0.0667985 0.604841
0 0.173516 0.716682 0.113758 0.526877
0 0.624123 0.541483 0.114803 0.747844
0 0.727336 0.602896 0.0954414 0.617036
0 0.820141 0.599868 0.0951855 0.617789
0 0.820271 0.596983 0.094973 0.611668
