0 0.380452 0.640112 0.247568 0.517568
0 0.609601 0.658062 0.183453 0.498152
0 0.128629 0.679347 0.245006 0.533418
0 0.858238 0.668442 0.26541 0.636744
0 0.380452 0.640112 0.247568 0.517568
0 0.609601 0.658062 0.183453 0.498152
0 0.128629 0.679347 0.245006 0.533418
0 0.858238 0.668442 0.26541 0.636744
0 0.380452 0.640112 0.247568 0.517568
0 0.609601 0.658062 0.183453 0.498152
0 0.128629 0.679347 0.245006 0.533418
0 0.858238 0.668442 0.26541 0.636744
0 0.610364 0.653321 0.185269 0.517033
0 0.382617 0.635051 0.249892 0.531581
0 0.132272 0.685837 0.251921 0.559505
0 0.859089 0.652345 0.26654 0.624668
0 0.610364 0.653321 0.185269 0.517033
0 0.382617 0.635051 0.249892 0.531581
0 0.132272 0.685837 0.251921 0.559505
0 0.859089 0.652345 0.26654 0.624668
0 0.610364 0.653321 0.185269 0.517033
0 0.382617 0.635051 0.249892 0.531581
0 0.132272 0.685837 0.251921 0.559505
0 0.859089 0.652345 0.26654 0.624668
