0 0.83876 0.515183 0.211982 0.898025
0 0.675216 0.569318 0.119831 0.814776
0 0.362342 0.581719 0.115749 0.801727
0 0.568792 0.575361 0.117345 0.816489
0 0.0606834 0.603079 0.118975 0.788432
0 0.465416 0.576091 0.114173 0.815895
0 0.162005 0.590458 0.120828 0.779947
0 0.264426 0.591305 0.109684 0.780525
0 0.83876 0.515183 0.211982 0.898025
0 0.675216 0.569318 0.119831 0.814776
0 0.362342 0.581719 0.115749 0.801727
0 0.568792 0.575361 0.117345 0.816489
0 0.0606834 0.603079 0.118975 0.788432
0 0.465416 0.576091 0.114173 0.815895
0 0.162005 0.590458 0.120828 0.779947
0 0.264426 0.591305 0.109684 0.780525
0 0.83876 0.515183 0.211982 0.898025
0 0.675216 0.569318 0.119831 0.814776
0 0.362342 0.581719 0.115749 0.801727
0 0.568792 0.575361 0.117345 0.816489
0 0.0606834 0.603079 0.118975 0.788432
0 0.465416 0.576091 0.114173 0.815895
0 0.162005 0.590458 0.120828 0.779947
0 0.264426 0.591305 0.109684 0.780525
0 0.676895 0.583316 0.119132 0.811101
0 0.464462 0.595124 0.113866 0.790328
0 0.265268 0.599482 0.114064 0.771529
0 0.567385 0.588419 0.114101 0.79696
0 0.83878 0.528928 0.196341 0.907278
0 0.364238 0.599005 0.114492 0.779834
0 0.163471 0.600664 0.118812 0.762642
0 0.0592447 0.606634 0.114249 0.764506
0 0.163103 0.598536 0.11964 0.762265
0 0.676895 0.583316 0.119132 0.811101
0 0.464462 0.595124 0.113866 0.790328
0 0.265268 0.599482 0.114064 0.771529
0 0.567385 0.588419 0.114101 0.79696
0 0.83878 0.528928 0.196341 0.907278
0 0.364238 0.599005 0.114492 0.779834
0 0.163471 0.600664 0.118812 0.762642
0 0.0592447 0.606634 0.114249 0.764506
0 0.163103 0.598536 0.11964 0.762265
0 0.00817385 0.622713 0.0163477 0.754574
0 0.676895 0.583316 0.119132 0.811101
0 0.464462 0.595124 0.113866 0.790328
0 0.265268 0.599482 0.114064 0.771529
0 0.567385 0.588419 0.114101 0.79696
0 0.83878 0.528928 0.196341 0.907278
0 0.364238 0.599005 0.114492 0.779834
0 0.163471 0.600664 0.118812 0.762642
0 0.0592447 0.606634 0.114249 0.764506
0 0.163103 0.598536 0.11964 0.762265
0 0.676895 0.583316 0.119132 0.811101
0 0.464462 0.595124 0.113866 0.790328
0 0.265268 0.599482 0.114064 0.771529
0 0.567385 0.588419 0.114101 0.79696
0 0.83878 0.528928 0.196341 0.907278
0 0.364238 0.599005 0.114492 0.779834
0 0.163471 0.600664 0.118812 0.762642
0 0.0592447 0.606634 0.114249 0.764506
0 0.163103 0.598536 0.11964 0.762265
