0 0.503936 0.466675 0.153928 0.601764
0 0.656686 0.532633 0.157876 0.591407
0 0.357722 0.384913 0.14094 0.573289
0 0.503936 0.466675 0.153928 0.601764
0 0.656686 0.532633 0.157876 0.591407
0 0.357722 0.384913 0.14094 0.573289
0 0.503936 0.466675 0.153928 0.601764
0 0.656686 0.532633 0.157876 0.591407
0 0.357722 0.384913 0.14094 0.573289
0 0.361093 0.383361 0.148989 0.552594
0 0.662196 0.52332 0.166633 0.580216
0 0.506731 0.448022 0.151173 0.556245
0 0.361093 0.383361 0.148989 0.552594
0 0.662196 0.52332 0.166633 0.580216
0 0.506731 0.448022 0.151173 0.556245
0 0.660685 0.523937 0.161602 0.593721
0 0.361093 0.383361 0.148989 0.552594
0 0.662196 0.52332 0.166633 0.580216
0 0.506731 0.448022 0.151173 0.556245
