0 0.268757 0.604501 0.168294 0.778165
0 0.886825 0.43994 0.181234 0.762987
0 0.106339 0.616029 0.181074 0.759608
0 0.454028 0.642435 0.202697 0.649692
0 0.684164 0.503129 0.235313 0.85915
0 0.268757 0.604501 0.168294 0.778165
0 0.886825 0.43994 0.181234 0.762987
0 0.106339 0.616029 0.181074 0.759608
0 0.454028 0.642435 0.202697 0.649692
0 0.684164 0.503129 0.235313 0.85915
0 0.268757 0.604501 0.168294 0.778165
0 0.886825 0.43994 0.181234 0.762987
0 0.106339 0.616029 0.181074 0.759608
0 0.454028 0.642435 0.202697 0.649692
0 0.684164 0.503129 0.235313 0.85915
0 0.266768 0.607383 0.169191 0.761606
0 0.105526 0.633329 0.17207 0.719611
0 0.88775 0.461734 0.185459 0.750727
0 0.456368 0.655917 0.199685 0.632582
0 0.678361 0.476637 0.252816 0.817473
0 0.266768 0.607383 0.169191 0.761606
0 0.105526 0.633329 0.17207 0.719611
0 0.88775 0.461734 0.185459 0.750727
0 0.456368 0.655917 0.199685 0.632582
0 0.678361 0.476637 0.252816 0.817473
0 0.266768 0.607383 0.169191 0.761606
0 0.105526 0.633329 0.17207 0.719611
0 0.88775 0.461734 0.185459 0.750727
0 0.456368 0.655917 0.199685 0.632582
0 0.678361 0.476637 0.252816 0.817473
0 0.266768 0.607383 0.169191 0.761606
0 0.105526 0.633329 0.17207 0.719611
0 0.88775 0.461734 0.185459 0.750727
0 0.456368 0.655917 0.199685 0.632582
0 0.678361 0.476637 0.252816 0.817473
