0 0.169829 0.665619 0.185425 0.666085
0 0.327034 0.654523 0.184845 0.686751
0 0.474419 0.541721 0.174137 0.89993
0 0.0447874 0.651974 0.0892491 0.641087
0 0.791064 0.710899 0.128493 0.57409
0 0.636758 0.576345 0.169523 0.846156
0 0.325787 0.65236 0.18544 0.685448
0 0.786705 0.567207 0.138088 0.865586
0 0.920575 0.557163 0.146458 0.885673
0 0.785318 0.566548 0.139753 0.865473
0 0.635016 0.574172 0.169144 0.84011
0 0.924456 0.71725 0.12235 0.555004
0 0.169829 0.665619 0.185425 0.666085
0 0.327034 0.654523 0.184845 0.686751
0 0.474419 0.541721 0.174137 0.89993
0 0.0447874 0.651974 0.0892491 0.641087
0 0.791064 0.710899 0.128493 0.57409
0 0.636758 0.576345 0.169523 0.846156
0 0.325787 0.65236 0.18544 0.685448
0 0.786705 0.567207 0.138088 0.865586
0 0.920575 0.557163 0.146458 0.885673
0 0.785318 0.566548 0.139753 0.865473
0 0.635016 0.574172 0.169144 0.84011
0 0.924456 0.71725 0.12235 0.555004
0 0.169829 0.665619 0.185425 0.666085
0 0.327034 0.654523 0.184845 0.686751
0 0.474419 0.541721 0.174137 0.89993
0 0.0447874 0.651974 0.0892491 0.641087
0 0.791064 0.710899 0.128493 0.57409
0 0.636758 0.576345 0.169523 0.846156
0 0.325787 0.65236 0.18544 0.685448
0 0.786705 0.567207 0.138088 0.865586
0 0.920575 0.557163 0.146458 0.885673
0 0.785318 0.566548 0.139753 0.865473
0 0.635016 0.574172 0.169144 0.84011
0 0.924456 0.71725 0.12235 0.555004
0 0.787408 0.571352 0.148615 0.849663
0 0.633055 0.578058 0.173139 0.835932
0 0.163914 0.663305 0.184064 0.673391
0 0.485649 0.56049 0.16866 0.869943
0 0.322945 0.651812 0.181111 0.69561
0 0.924736 0.608093 0.138893 0.770271
0 0.0441837 0.655473 0.0883674 0.659786
0 0.787408 0.571352 0.148615 0.849663
0 0.633055 0.578058 0.173139 0.835932
0 0.163914 0.663305 0.184064 0.673391
0 0.485649 0.56049 0.16866 0.869943
0 0.322945 0.651812 0.181111 0.69561
0 0.924736 0.608093 0.138893 0.770271
0 0.0441837 0.655473 0.0883674 0.659786
0 0.787408 0.571352 0.148615 0.849663
0 0.633055 0.578058 0.173139 0.835932
0 0.163914 0.663305 0.184064 0.673391
0 0.485649 0.56049 0.16866 0.869943
0 0.322945 0.651812 0.181111 0.69561
0 0.924736 0.608093 0.138893 0.770271
0 0.0441837 0.655473 0.0883674 0.659786
0 0.787408 0.571352 0.148615 0.849663
0 0.633055 0.578058 0.173139 0.835932
0 0.163914 0.663305 0.184064 0.673391
0 0.485649 0.56049 0.16866 0.869943
0 0.322945 0.651812 0.181111 0.69561
0 0.924736 0.608093 0.138893 0.770271
0 0.0441837 0.655473 0.0883674 0.659786
