0 0.748006 0.498845 0.179136 0.877955
0 0.959047 0.559639 0.0818438 0.788084
0 0.569908 0.454274 0.175768 0.875956
0 0.444071 0.454913 0.152995 0.830591
0 0.135929 0.397912 0.122512 0.795825
0 0.877117 0.53619 0.162146 0.849813
0 0.234862 0.420269 0.150635 0.840537
0 0.338828 0.427168 0.133978 0.854337
0 0.053414 0.404253 0.106828 0.808506
0 0.644497 0.460056 0.0990208 0.804201
0 0.877332 0.53895 0.163122 0.827258
0 0.748006 0.498845 0.179136 0.877955
0 0.959047 0.559639 0.0818438 0.788084
0 0.569908 0.454274 0.175768 0.875956
0 0.444071 0.454913 0.152995 0.830591
0 0.135929 0.397912 0.122512 0.795825
0 0.877117 0.53619 0.162146 0.849813
0 0.234862 0.420269 0.150635 0.840537
0 0.338828 0.427168 0.133978 0.854337
0 0.053414 0.404253 0.106828 0.808506
0 0.644497 0.460056 0.0990208 0.804201
0 0.877332 0.53895 0.163122 0.827258
0 0.748006 0.498845 0.179136 0.877955
0 0.959047 0.559639 0.0818438 0.788084
0 0.569908 0.454274 0.175768 0.875956
0 0.444071 0.454913 0.152995 0.830591
0 0.135929 0.397912 0.122512 0.795825
0 0.877117 0.53619 0.162146 0.849813
0 0.234862 0.420269 0.150635 0.840537
0 0.338828 0.427168 0.133978 0.854337
0 0.053414 0.404253 0.106828 0.808506
0 0.644497 0.460056 0.0990208 0.804201
0 0.877332 0.53895 0.163122 0.827258
0 0.750683 0.48974 0.170482 0.876899
0 0.339567 0.42073 0.124589 0.837929
0 0.135267 0.403666 0.119697 0.807333
0 0.237585 0.417121 0.144528 0.834242
0 0.874493 0.554147 0.147755 0.774354
0 0.960711 0.571631 0.078523 0.718347
0 0.64653 0.474025 0.0920188 0.768272
0 0.445895 0.442863 0.146447 0.85015
0 0.0519581 0.404161 0.101496 0.808321
0 0.563817 0.450104 0.158881 0.874289
0 0.443838 0.44431 0.144484 0.837836
0 0.750683 0.48974 0.170482 0.876899
0 0.339567 0.42073 0.124589 0.837929
0 0.135267 0.403666 0.119697 0.807333
0 0.237585 0.417121 0.144528 0.834242
0 0.874493 0.554147 0.147755 0.774354
0 0.960711 0.571631 0.078523 0.718347
0 0.64653 0.474025 0.0920188 0.768272
0 0.445895 0.442863 0.146447 0.85015
0 0.0519581 0.404161 0.101496 0.808321
0 0.563817 0.450104 0.158881 0.874289
0 0.443838 0.44431 0.144484 0.837836
0 0.750683 0.48974 0.170482 0.876899
0 0.339567 0.42073 0.124589 0.837929
0 0.135267 0.403666 0.119697 0.807333
0 0.237585 0.417121 0.144528 0.834242
0 0.874493 0.554147 0.147755 0.774354
0 0.960711 0.571631 0.078523 0.718347
0 0.64653 0.474025 0.0920188 0.768272
0 0.445895 0.442863 0.146447 0.85015
0 0.0519581 0.404161 0.101496 0.808321
0 0.563817 0.450104 0.158881 0.874289
0 0.443838 0.44431 0.144484 0.837836
