0 0.873222 0.455724 0.175624 0.631014
0 0.528051 0.487794 0.189619 0.777449
0 0.135226 0.459928 0.185045 0.65036
0 0.700529 0.431743 0.166136 0.65678
0 0.274276 0.490044 0.097209 0.63974
0 0.371374 0.514918 0.12287 0.651831
0 0.873222 0.455724 0.175624 0.631014
0 0.528051 0.487794 0.189619 0.777449
0 0.135226 0.459928 0.185045 0.65036
0 0.700529 0.431743 0.166136 0.65678
0 0.274276 0.490044 0.097209 0.63974
0 0.371374 0.514918 0.12287 0.651831
0 0.873222 0.455724 0.175624 0.631014
0 0.528051 0.487794 0.189619 0.777449
0 0.135226 0.459928 0.185045 0.65036
0 0.700529 0.431743 0.166136 0.65678
0 0.274276 0.490044 0.097209 0.63974
0 0.371374 0.514918 0.12287 0.651831
0 0.370597 0.515702 0.120877 0.620837
0 0.176239 0.458244 0.101204 0.593302
0 0.527819 0.488042 0.171106 0.763902
0 0.872401 0.527863 0.173537 0.766962
0 0.699271 0.469611 0.165943 0.725031
0 0.088829 0.432903 0.0888604 0.585383
0 0.269753 0.493362 0.0924099 0.600885
0 0.370597 0.515702 0.120877 0.620837
0 0.176239 0.458244 0.101204 0.593302
0 0.527819 0.488042 0.171106 0.763902
0 0.872401 0.527863 0.173537 0.766962
0 0.699271 0.469611 0.165943 0.725031
0 0.088829 0.432903 0.0888604 0.585383
0 0.269753 0.493362 0.0924099 0.600885
0 0.370597 0.515702 0.120877 0.620837
0 0.176239 0.458244 0.101204 0.593302
0 0.527819 0.488042 0.171106 0.763902
0 0.872401 0.527863 0.173537 0.766962
0 0.699271 0.469611 0.165943 0.725031
0 0.088829 0.432903 0.0888604 0.585383
0 0.269753 0.493362 0.0924099 0.600885
