0 0.201405 0.595434 0.231908 0.674781
0 0.877983 0.591398 0.229651 0.656326
0 0.435921 0.593046 0.21658 0.665462
0 0.629859 0.588504 0.222771 0.666348
0 0.201405 0.595434 0.231908 0.674781
0 0.877983 0.591398 0.229651 0.656326
0 0.435921 0.593046 0.21658 0.665462
0 0.629859 0.588504 0.222771 0.666348
0 0.201405 0.595434 0.231908 0.674781
0 0.877983 0.591398 0.229651 0.656326
0 0.435921 0.593046 0.21658 0.665462
0 0.629859 0.588504 0.222771 0.666348
0 0.200785 0.597833 0.220899 0.690727
0 0.881656 0.591343 0.213845 0.658233
0 0.537382 0.591453 0.429605 0.700943
0 0.633829 0.586628 0.229794 0.688971
0 0.431706 0.590122 0.203708 0.672362
0 0.200785 0.597833 0.220899 0.690727
0 0.881656 0.591343 0.213845 0.658233
0 0.537382 0.591453 0.429605 0.700943
0 0.633829 0.586628 0.229794 0.688971
0 0.431706 0.590122 0.203708 0.672362
0 0.640388 0.463302 0.215231 0.427915
0 0.200785 0.597833 0.220899 0.690727
0 0.881656 0.591343 0.213845 0.658233
0 0.537382 0.591453 0.429605 0.700943
0 0.633829 0.586628 0.229794 0.688971
0 0.431706 0.590122 0.203708 0.672362
0 0.200785 0.597833 0.220899 0.690727
0 0.881656 0.591343 0.213845 0.658233
0 0.537382 0.591453 0.429605 0.700943
0 0.633829 0.586628 0.229794 0.688971
0 0.431706 0.590122 0.203708 0.672362
