0 0.63568 0.582745 0.19878 0.497315
0 0.498137 0.534028 0.141304 0.396256
0 0.380147 0.463978 0.125009 0.399857
0 0.262065 0.447219 0.161821 0.346389
0 0.63568 0.582745 0.19878 0.497315
0 0.498137 0.534028 0.141304 0.396256
0 0.380147 0.463978 0.125009 0.399857
0 0.262065 0.447219 0.161821 0.346389
0 0.63568 0.582745 0.19878 0.497315
0 0.498137 0.534028 0.141304 0.396256
0 0.380147 0.463978 0.125009 0.399857
0 0.262065 0.447219 0.161821 0.346389
0 0.497973 0.50777 0.124967 0.423959
0 0.130723 0.352018 0.111932 0.335919
0 0.380271 0.460301 0.104808 0.392755
0 0.633993 0.577566 0.171113 0.497052
0 0.787476 0.679489 0.144596 0.502678
0 0.301665 0.425589 0.0691486 0.387986
0 0.0218071 0.437106 0.0436142 0.449511
0 0.497973 0.50777 0.124967 0.423959
0 0.130723 0.352018 0.111932 0.335919
0 0.380271 0.460301 0.104808 0.392755
0 0.633993 0.577566 0.171113 0.497052
0 0.787476 0.679489 0.144596 0.502678
0 0.301665 0.425589 0.0691486 0.387986
0 0.0218071 0.437106 0.0436142 0.449511
0 0.226391 0.395781 0.0881433 0.373394
0 0.497973 0.50777 0.124967 0.423959
0 0.130723 0.352018 0.111932 0.335919
0 0.380271 0.460301 0.104808 0.392755
0 0.633993 0.577566 0.171113 0.497052
0 0.787476 0.679489 0.144596 0.502678
0 0.301665 0.425589 0.0691486 0.387986
0 0.0218071 0.437106 0.0436142 0.449511
0 0.497973 0.50777 0.124967 0.423959
0 0.130723 0.352018 0.111932 0.335919
0 0.380271 0.460301 0.104808 0.392755
0 0.633993 0.577566 0.171113 0.497052
0 0.787476 0.679489 0.144596 0.502678
0 0.301665 0.425589 0.0691486 0.387986
0 0.0218071 0.437106 0.0436142 0.449511
