0 0.41088 0.563042 0.396769 0.774684
0 0.108739 0.614226 0.217478 0.595183
0 0.803797 0.573871 0.374289 0.772195
0 0.41088 0.563042 0.396769 0.774684
0 0.108739 0.614226 0.217478 0.595183
0 0.803797 0.573871 0.374289 0.772195
0 0.41088 0.563042 0.396769 0.774684
0 0.108739 0.614226 0.217478 0.595183
0 0.803797 0.573871 0.374289 0.772195
0 0.104716 0.605888 0.204985 0.555242
0 0.404037 0.486788 0.420296 0.959296
0 0.772716 0.57354 0.395635 0.789578
0 0.413713 0.604304 0.408732 0.714586
0 0.104716 0.605888 0.204985 0.555242
0 0.404037 0.486788 0.420296 0.959296
0 0.772716 0.57354 0.395635 0.789578
0 0.413713 0.604304 0.408732 0.714586
0 0.00807879 0.682324 0.0161576 0.625665
0 0.104716 0.605888 0.204985 0.555242
0 0.404037 0.486788 0.420296 0.959296
0 0.772716 0.57354 0.395635 0.789578
0 0.413713 0.604304 0.408732 0.714586
0 0.104716 0.605888 0.204985 0.555242
0 0.404037 0.486788 0.420296 0.959296
0 0.772716 0.57354 0.395635 0.789578
0 0.413713 0.604304 0.408732 0.714586
