0 0.65887 0.605557 0.140557 0.65865
0 0.390877 0.525388 0.196093 0.606066
0 0.540598 0.567891 0.118539 0.62863
0 0.852343 0.569374 0.248195 0.843387
0 0.65887 0.605557 0.140557 0.65865
0 0.390877 0.525388 0.196093 0.606066
0 0.540598 0.567891 0.118539 0.62863
0 0.852343 0.569374 0.248195 0.843387
0 0.65887 0.605557 0.140557 0.65865
0 0.390877 0.525388 0.196093 0.606066
0 0.540598 0.567891 0.118539 0.62863
0 0.852343 0.569374 0.248195 0.843387
0 0.659466 0.630038 0.129105 0.603166
0 0.163781 0.432057 0.0903354 0.475789
0 0.343177 0.536426 0.095514 0.546781
0 0.0825135 0.407342 0.0902863 0.454429
0 0.435247 0.570633 0.105134 0.551919
0 0.843405 0.568202 0.244464 0.841223
0 0.25029 0.490738 0.0970229 0.543181
0 0.541635 0.601963 0.112951 0.583651
0 0.541006 0.60053 0.112316 0.587609
0 0.659466 0.630038 0.129105 0.603166
0 0.163781 0.432057 0.0903354 0.475789
0 0.343177 0.536426 0.095514 0.546781
0 0.0825135 0.407342 0.0902863 0.454429
0 0.435247 0.570633 0.105134 0.551919
0 0.843405 0.568202 0.244464 0.841223
0 0.25029 0.490738 0.0970229 0.543181
0 0.541635 0.601963 0.112951 0.583651
0 0.541006 0.60053 0.112316 0.587609
0 0.659466 0.630038 0.129105 0.603166
0 0.163781 0.432057 0.0903354 0.475789
0 0.343177 0.536426 0.095514 0.546781
0 0.0825135 0.407342 0.0902863 0.454429
0 0.435247 0.570633 0.105134 0.551919
0 0.843405 0.568202 0.244464 0.841223
0 0.25029 0.490738 0.0970229 0.543181
0 0.541635 0.601963 0.112951 0.583651
0 0.541006 0.60053 0.112316 0.587609
