0 0.279108 0.42872 0.116279 0.803209
0 0.395783 0.501724 0.122737 0.939941
0 0.660411 0.646177 0.180161 0.445247
0 0.509949 0.502088 0.12687 0.937772
0 0.173581 0.436789 0.110079 0.807789
0 0.0690544 0.480679 0.118792 0.84157
0 0.887806 0.599833 0.181619 0.7162
0 0.172151 0.435115 0.115951 0.799541
0 0.279108 0.42872 0.116279 0.803209
0 0.395783 0.501724 0.122737 0.939941
0 0.660411 0.646177 0.180161 0.445247
0 0.509949 0.502088 0.12687 0.937772
0 0.173581 0.436789 0.110079 0.807789
0 0.0690544 0.480679 0.118792 0.84157
0 0.887806 0.599833 0.181619 0.7162
0 0.172151 0.435115 0.115951 0.799541
0 0.279108 0.42872 0.116279 0.803209
0 0.395783 0.501724 0.122737 0.939941
0 0.660411 0.646177 0.180161 0.445247
0 0.509949 0.502088 0.12687 0.937772
0 0.173581 0.436789 0.110079 0.807789
0 0.0690544 0.480679 0.118792 0.84157
0 0.887806 0.599833 0.181619 0.7162
0 0.172151 0.435115 0.115951 0.799541
0 0.658905 0.666076 0.184261 0.459357
0 0.39487 0.493807 0.114406 0.92946
0 0.509606 0.490507 0.125744 0.963522
0 0.862609 0.691236 0.213414 0.564473
0 0.279876 0.488398 0.109231 0.908205
0 0.170625 0.47732 0.104809 0.857867
0 0.0692053 0.5142 0.102364 0.894769
0 0.279284 0.489732 0.111969 0.914968
0 0.658905 0.666076 0.184261 0.459357
0 0.39487 0.493807 0.114406 0.92946
0 0.509606 0.490507 0.125744 0.963522
0 0.862609 0.691236 0.213414 0.564473
0 0.279876 0.488398 0.109231 0.908205
0 0.170625 0.47732 0.104809 0.857867
0 0.0692053 0.5142 0.102364 0.894769
0 0.279284 0.489732 0.111969 0.914968
0 0.658905 0.666076 0.184261 0.459357
0 0.39487 0.493807 0.114406 0.92946
0 0.509606 0.490507 0.125744 0.963522
0 0.862609 0.691236 0.213414 0.564473
0 0.279876 0.488398 0.109231 0.908205
0 0.170625 0.47732 0.104809 0.857867
0 0.0692053 0.5142 0.102364 0.894769
0 0.279284 0.489732 0.111969 0.914968
