0 0.547278 0.54884 0.162082 0.763626
0 0.408909 0.545214 0.136163 0.734735
0 0.282552 0.538936 0.124567 0.69902
0 0.0639193 0.53384 0.124493 0.663434
0 0.860581 0.568854 0.191586 0.835033
0 0.173744 0.536043 0.110897 0.680577
0 0.694115 0.558456 0.169816 0.806937
0 0.547278 0.54884 0.162082 0.763626
0 0.408909 0.545214 0.136163 0.734735
0 0.282552 0.538936 0.124567 0.69902
0 0.0639193 0.53384 0.124493 0.663434
0 0.860581 0.568854 0.191586 0.835033
0 0.173744 0.536043 0.110897 0.680577
0 0.694115 0.558456 0.169816 0.806937
0 0.547278 0.54884 0.162082 0.763626
0 0.408909 0.545214 0.136163 0.734735
0 0.282552 0.538936 0.124567 0.69902
0 0.0639193 0.53384 0.124493 0.663434
0 0.860581 0.568854 0.191586 0.835033
0 0.173744 0.536043 0.110897 0.680577
0 0.694115 0.558456 0.169816 0.806937
0 0.695293 0.555299 0.172328 0.798148
0 0.408033 0.544224 0.139794 0.730449
0 0.545942 0.547892 0.159813 0.767379
0 0.286398 0.562113 0.125777 0.668344
0 0.858693 0.569041 0.18308 0.83168
0 0.174992 0.540456 0.115627 0.674088
0 0.0630823 0.538745 0.123706 0.665755
0 0.174659 0.537151 0.112648 0.686984
0 0.695293 0.555299 0.172328 0.798148
0 0.408033 0.544224 0.139794 0.730449
0 0.545942 0.547892 0.159813 0.767379
0 0.286398 0.562113 0.125777 0.668344
0 0.858693 0.569041 0.18308 0.83168
0 0.174992 0.540456 0.115627 0.674088
0 0.0630823 0.538745 0.123706 0.665755
0 0.174659 0.537151 0.112648 0.686984
0 0.0104023 0.539358 0.0208046 0.673028
0 0.958383 0.738131 0.0817044 0.507438
0 0.695293 0.555299 0.172328 0.798148
0 0.408033 0.544224 0.139794 0.730449
0 0.545942 0.547892 0.159813 0.767379
0 0.286398 0.562113 0.125777 0.668344
0 0.858693 0.569041 0.18308 0.83168
0 0.174992 0.540456 0.115627 0.674088
0 0.0630823 0.538745 0.123706 0.665755
0 0.174659 0.537151 0.112648 0.686984
0 0.695293 0.555299 0.172328 0.798148
0 0.408033 0.544224 0.139794 0.730449
0 0.545942 0.547892 0.159813 0.767379
0 0.286398 0.562113 0.125777 0.668344
0 0.858693 0.569041 0.18308 0.83168
0 0.174992 0.540456 0.115627 0.674088
0 0.0630823 0.538745 0.123706 0.665755
0 0.174659 0.537151 0.112648 0.686984
