0 0.579603 0.55941 0.171897 0.795842
0 0.417747 0.559304 0.164753 0.805093
0 0.109152 0.511566 0.175144 0.798715
0 0.270344 0.549798 0.152694 0.795804
0 0.894777 0.536453 0.158827 0.736394
0 0.741333 0.517008 0.157224 0.810747
0 0.579603 0.55941 0.171897 0.795842
0 0.417747 0.559304 0.164753 0.805093
0 0.109152 0.511566 0.175144 0.798715
0 0.270344 0.549798 0.152694 0.795804
0 0.894777 0.536453 0.158827 0.736394
0 0.741333 0.517008 0.157224 0.810747
0 0.579603 0.55941 0.171897 0.795842
0 0.417747 0.559304 0.164753 0.805093
0 0.109152 0.511566 0.175144 0.798715
0 0.270344 0.549798 0.152694 0.795804
0 0.894777 0.536453 0.158827 0.736394
0 0.741333 0.517008 0.157224 0.810747
0 0.422237 0.573655 0.151465 0.771477
0 0.272688 0.561935 0.151154 0.763195
0 0.739252 0.551764 0.15002 0.731437
0 0.116501 0.529687 0.156214 0.766894
0 0.893456 0.532767 0.157426 0.728221
0 0.0188829 0.532305 0.0376115 0.742387
0 0.581388 0.578577 0.161386 0.752701
0 0.422237 0.573655 0.151465 0.771477
0 0.272688 0.561935 0.151154 0.763195
0 0.739252 0.551764 0.15002 0.731437
0 0.116501 0.529687 0.156214 0.766894
0 0.893456 0.532767 0.157426 0.728221
0 0.0188829 0.532305 0.0376115 0.742387
0 0.581388 0.578577 0.161386 0.752701
0 0.581346 0.578635 0.162231 0.751759
