0 0.866495 0.461073 0.148835 0.881326
0 0.566566 0.485417 0.157002 0.90656
0 0.118344 0.48796 0.171641 0.888457
0 0.71735 0.47712 0.15132 0.891694
0 0.268599 0.493491 0.161997 0.897883
0 0.417337 0.492983 0.156879 0.910306
0 0.866495 0.461073 0.148835 0.881326
0 0.566566 0.485417 0.157002 0.90656
0 0.118344 0.48796 0.171641 0.888457
0 0.71735 0.47712 0.15132 0.891694
0 0.268599 0.493491 0.161997 0.897883
0 0.417337 0.492983 0.156879 0.910306
0 0.866495 0.461073 0.148835 0.881326
0 0.566566 0.485417 0.157002 0.90656
0 0.118344 0.48796 0.171641 0.888457
0 0.71735 0.47712 0.15132 0.891694
0 0.268599 0.493491 0.161997 0.897883
0 0.417337 0.492983 0.156879 0.910306
0 0.417925 0.496183 0.153474 0.91649
0 0.567912 0.485422 0.153022 0.915929
0 0.268825 0.487286 0.157536 0.910611
0 0.717408 0.473593 0.150725 0.904238
0 0.86734 0.456895 0.14958 0.88721
0 0.115488 0.481877 0.164452 0.911508
0 0.417925 0.496183 0.153474 0.91649
0 0.567912 0.485422 0.153022 0.915929
0 0.268825 0.487286 0.157536 0.910611
0 0.717408 0.473593 0.150725 0.904238
0 0.86734 0.456895 0.14958 0.88721
0 0.115488 0.481877 0.164452 0.911508
0 0.417925 0.496183 0.153474 0.91649
0 0.567912 0.485422 0.153022 0.915929
0 0.268825 0.487286 0.157536 0.910611
0 0.717408 0.473593 0.150725 0.904238
0 0.86734 0.456895 0.14958 0.88721
0 0.115488 0.481877 0.164452 0.911508
0 0.417925 0.496183 0.153474 0.91649
0 0.567912 0.485422 0.153022 0.915929
0 0.268825 0.487286 0.157536 0.910611
0 0.717408 0.473593 0.150725 0.904238
0 0.86734 0.456895 0.14958 0.88721
0 0.115488 0.481877 0.164452 0.911508
