0 0.396507 0.563733 0.113703 0.532928
0 0.579133 0.494777 0.113734 0.504918
0 0.183492 0.646872 0.107292 0.55086
0 0.291838 0.618509 0.104331 0.542451
0 0.679336 0.452021 0.100366 0.487399
0 0.764587 0.410574 0.087439 0.453819
0 0.884054 0.323665 0.160669 0.528498
0 0.0695306 0.67545 0.13226 0.607654
0 0.977122 0.32882 0.0457567 0.343942
0 0.4824 0.512916 0.0878789 0.567629
0 0.976109 0.324598 0.0477822 0.373357
0 0.76202 0.408305 0.0932987 0.474738
0 0.828198 0.882407 0.0855344 0.235186
0 0.396507 0.563733 0.113703 0.532928
0 0.579133 0.494777 0.113734 0.504918
0 0.183492 0.646872 0.107292 0.55086
0 0.291838 0.618509 0.104331 0.542451
0 0.679336 0.452021 0.100366 0.487399
0 0.764587 0.410574 0.087439 0.453819
0 0.884054 0.323665 0.160669 0.528498
0 0.0695306 0.67545 0.13226 0.607654
0 0.977122 0.32882 0.0457567 0.343942
0 0.4824 0.512916 0.0878789 0.567629
0 0.976109 0.324598 0.0477822 0.373357
0 0.76202 0.408305 0.0932987 0.474738
0 0.828198 0.882407 0.0855344 0.235186
0 0.396507 0.563733 0.113703 0.532928
0 0.579133 0.494777 0.113734 0.504918
0 0.183492 0.646872 0.107292 0.55086
0 0.291838 0.618509 0.104331 0.542451
0 0.679336 0.452021 0.100366 0.487399
0 0.764587 0.410574 0.087439 0.453819
0 0.884054 0.323665 0.160669 0.528498
0 0.0695306 0.67545 0.13226 0.607654
0 0.977122 0.32882 0.0457567 0.343942
0 0.4824 0.512916 0.0878789 0.567629
0 0.976109 0.324598 0.0477822 0.373357
0 0.76202 0.408305 0.0932987 0.474738
0 0.828198 0.882407 0.0855344 0.235186
0 0.579018 0.474528 0.112952 0.525817
0 0.678532 0.446091 0.101348 0.463766
0 0.483968 0.499764 0.0814604 0.54838
0 0.396887 0.540148 0.110567 0.553259
0 0.0748122 0.677578 0.120677 0.589676
0 0.292748 0.602169 0.104569 0.54605
0 0.765278 0.411168 0.0834699 0.435694
0 0.18419 0.650728 0.104088 0.52689
0 0.919358 0.297759 0.09018 0.504461
0 0.978415 0.259311 0.0431707 0.479606
0 0.849891 0.39993 0.092621 0.378655
0 0.920948 0.290812 0.0829658 0.498475
0 0.579018 0.474528 0.112952 0.525817
0 0.678532 0.446091 0.101348 0.463766
0 0.483968 0.499764 0.0814604 0.54838
0 0.396887 0.540148 0.110567 0.553259
0 0.0748122 0.677578 0.120677 0.589676
0 0.292748 0.602169 0.104569 0.54605
0 0.765278 0.411168 0.0834699 0.435694
0 0.18419 0.650728 0.104088 0.52689
0 0.919358 0.297759 0.09018 0.504461
0 0.978415 0.259311 0.0431707 0.479606
0 0.849891 0.39993 0.092621 0.378655
0 0.920948 0.290812 0.0829658 0.498475
0 0.979263 0.285814 0.0414732 0.427608
0 0.979415 0.339172 0.0411695 0.31709
0 0.579018 0.474528 0.112952 0.525817
0 0.678532 0.446091 0.101348 0.463766
0 0.483968 0.499764 0.0814604 0.54838
0 0.396887 0.540148 0.110567 0.553259
0 0.0748122 0.677578 0.120677 0.589676
0 0.292748 0.602169 0.104569 0.54605
0 0.765278 0.411168 0.0834699 0.435694
0 0.18419 0.650728 0.104088 0.52689
0 0.919358 0.297759 0.09018 0.504461
0 0.978415 0.259311 0.0431707 0.479606
0 0.849891 0.39993 0.092621 0.378655
0 0.920948 0.290812 0.0829658 0.498475
0 0.579018 0.474528 0.112952 0.525817
0 0.678532 0.446091 0.101348 0.463766
0 0.483968 0.499764 0.0814604 0.54838
0 0.396887 0.540148 0.110567 0.553259
0 0.0748122 0.677578 0.120677 0.589676
0 0.292748 0.602169 0.104569 0.54605
0 0.765278 0.411168 0.0834699 0.435694
0 0.18419 0.650728 0.104088 0.52689
0 0.919358 0.297759 0.09018 0.504461
0 0.978415 0.259311 0.0431707 0.479606
0 0.849891 0.39993 0.092621 0.378655
0 0.920948 0.290812 0.0829658 0.498475
