0 0.847095 0.228364 0.285896 0.393716
0 0.257357 0.348014 0.325176 0.387465
0 0.285661 0.700146 0.318153 0.439924
0 0.854903 0.530294 0.274987 0.285322
0 0.0430306 0.687284 0.0860611 0.216871
0 0.0616472 0.90155 0.0940385 0.181794
0 0.570475 0.507092 0.337152 0.695996
0 0.847095 0.228364 0.285896 0.393716
0 0.257357 0.348014 0.325176 0.387465
0 0.285661 0.700146 0.318153 0.439924
0 0.854903 0.530294 0.274987 0.285322
0 0.0430306 0.687284 0.0860611 0.216871
0 0.0616472 0.90155 0.0940385 0.181794
0 0.570475 0.507092 0.337152 0.695996
0 0.847095 0.228364 0.285896 0.393716
0 0.257357 0.348014 0.325176 0.387465
0 0.285661 0.700146 0.318153 0.439924
0 0.854903 0.530294 0.274987 0.285322
0 0.0430306 0.687284 0.0860611 0.216871
0 0.0616472 0.90155 0.0940385 0.181794
0 0.570475 0.507092 0.337152 0.695996
0 0.850371 0.225254 0.289785 0.389511
0 0.0545529 0.247767 0.108798 0.225801
0 0.573106 0.452498 0.328096 0.807573
0 0.305423 0.812504 0.296009 0.211332
0 0.274543 0.486867 0.342388 0.622746
0 0.850371 0.225254 0.289785 0.389511
0 0.0545529 0.247767 0.108798 0.225801
0 0.573106 0.452498 0.328096 0.807573
0 0.305423 0.812504 0.296009 0.211332
0 0.274543 0.486867 0.342388 0.622746
0 0.282213 0.524342 0.346625 0.649982
0 0.582225 0.654032 0.291008 0.39723
0 0.265232 0.327231 0.334071 0.434256
0 0.850371 0.225254 0.289785 0.389511
0 0.0545529 0.247767 0.108798 0.225801
0 0.573106 0.452498 0.328096 0.807573
0 0.305423 0.812504 0.296009 0.211332
0 0.274543 0.486867 0.342388 0.622746
0 0.850371 0.225254 0.289785 0.389511
0 0.0545529 0.247767 0.108798 0.225801
0 0.573106 0.452498 0.328096 0.807573
0 0.305423 0.812504 0.296009 0.211332
0 0.274543 0.486867 0.342388 0.622746
