0 0.319331 0.439163 0.131725 0.838076
0 0.211187 0.431727 0.115647 0.80494
0 0.701479 0.485964 0.122855 0.894453
0 0.803246 0.508177 0.120382 0.891077
0 0.122866 0.426293 0.108367 0.797619
0 0.600078 0.47622 0.113625 0.882532
0 0.502168 0.466606 0.113769 0.862929
0 0.0425779 0.416126 0.0851557 0.796233
0 0.910078 0.531195 0.133 0.875801
0 0.973243 0.549095 0.0535131 0.900325
0 0.421865 0.450667 0.0861973 0.856061
0 0.319331 0.439163 0.131725 0.838076
0 0.211187 0.431727 0.115647 0.80494
0 0.701479 0.485964 0.122855 0.894453
0 0.803246 0.508177 0.120382 0.891077
0 0.122866 0.426293 0.108367 0.797619
0 0.600078 0.47622 0.113625 0.882532
0 0.502168 0.466606 0.113769 0.862929
0 0.0425779 0.416126 0.0851557 0.796233
0 0.910078 0.531195 0.133 0.875801
0 0.973243 0.549095 0.0535131 0.900325
0 0.421865 0.450667 0.0861973 0.856061
0 0.319331 0.439163 0.131725 0.838076
0 0.211187 0.431727 0.115647 0.80494
0 0.701479 0.485964 0.122855 0.894453
0 0.803246 0.508177 0.120382 0.891077
0 0.122866 0.426293 0.108367 0.797619
0 0.600078 0.47622 0.113625 0.882532
0 0.502168 0.466606 0.113769 0.862929
0 0.0425779 0.416126 0.0851557 0.796233
0 0.910078 0.531195 0.133 0.875801
0 0.973243 0.549095 0.0535131 0.900325
0 0.421865 0.450667 0.0861973 0.856061
0 0.598487 0.479118 0.117689 0.882745
0 0.321011 0.437218 0.136454 0.824321
0 0.804281 0.506539 0.122975 0.878315
0 0.910693 0.525743 0.134181 0.876011
0 0.122779 0.42953 0.113204 0.801864
0 0.213881 0.436574 0.109649 0.786818
0 0.421765 0.414932 0.0839694 0.812285
0 0.701698 0.49274 0.125578 0.88073
0 0.214318 0.440822 0.116139 0.798451
0 0.043004 0.407686 0.0855889 0.782
0 0.701328 0.493963 0.124946 0.874763
0 0.976426 0.559142 0.0471487 0.86546
0 0.499442 0.482845 0.101446 0.816078
0 0.598487 0.479118 0.117689 0.882745
0 0.321011 0.437218 0.136454 0.824321
0 0.804281 0.506539 0.122975 0.878315
0 0.910693 0.525743 0.134181 0.876011
0 0.122779 0.42953 0.113204 0.801864
0 0.213881 0.436574 0.109649 0.786818
0 0.421765 0.414932 0.0839694 0.812285
0 0.701698 0.49274 0.125578 0.88073
0 0.214318 0.440822 0.116139 0.798451
0 0.043004 0.407686 0.0855889 0.782
0 0.701328 0.493963 0.124946 0.874763
0 0.976426 0.559142 0.0471487 0.86546
0 0.499442 0.482845 0.101446 0.816078
0 0.503965 0.35741 0.102598 0.63908
0 0.598487 0.479118 0.117689 0.882745
0 0.321011 0.437218 0.136454 0.824321
0 0.804281 0.506539 0.122975 0.878315
0 0.910693 0.525743 0.134181 0.876011
0 0.122779 0.42953 0.113204 0.801864
0 0.213881 0.436574 0.109649 0.786818
0 0.421765 0.414932 0.0839694 0.812285
0 0.701698 0.49274 0.125578 0.88073
0 0.214318 0.440822 0.116139 0.798451
0 0.043004 0.407686 0.0855889 0.782
0 0.701328 0.493963 0.124946 0.874763
0 0.976426 0.559142 0.0471487 0.86546
0 0.499442 0.482845 0.101446 0.816078
0 0.598487 0.479118 0.117689 0.882745
0 0.321011 0.437218 0.136454 0.824321
0 0.804281 0.506539 0.122975 0.878315
0 0.910693 0.525743 0.134181 0.876011
0 0.122779 0.42953 0.113204 0.801864
0 0.213881 0.436574 0.109649 0.786818
0 0.421765 0.414932 0.0839694 0.812285
0 0.701698 0.49274 0.125578 0.88073
0 0.214318 0.440822 0.116139 0.798451
0 0.043004 0.407686 0.0855889 0.782
0 0.701328 0.493963 0.124946 0.874763
0 0.976426 0.559142 0.0471487 0.86546
0 0.499442 0.482845 0.101446 0.816078
