0 0.88745 0.531106 0.2251 0.804369
0 0.485914 0.44526 0.203538 0.776636
0 0.674415 0.4795 0.227212 0.764302
0 0.236692 0.458959 0.33274 0.628446
0 0.88745 0.531106 0.2251 0.804369
0 0.485914 0.44526 0.203538 0.776636
0 0.674415 0.4795 0.227212 0.764302
0 0.236692 0.458959 0.33274 0.628446
0 0.88745 0.531106 0.2251 0.804369
0 0.485914 0.44526 0.203538 0.776636
0 0.674415 0.4795 0.227212 0.764302
0 0.236692 0.458959 0.33274 0.628446
0 0.889041 0.54189 0.21946 0.766596
0 0.675777 0.487791 0.210109 0.779705
0 0.487173 0.445975 0.189956 0.776423
0 0.239725 0.455164 0.32736 0.644421
0 0.54512 0.908172 0.144591 0.183655
0 0.889041 0.54189 0.21946 0.766596
0 0.675777 0.487791 0.210109 0.779705
0 0.487173 0.445975 0.189956 0.776423
0 0.239725 0.455164 0.32736 0.644421
0 0.54512 0.908172 0.144591 0.183655
0 0.889041 0.54189 0.21946 0.766596
0 0.675777 0.487791 0.210109 0.779705
0 0.487173 0.445975 0.189956 0.776423
0 0.239725 0.455164 0.32736 0.644421
0 0.54512 0.908172 0.144591 0.183655
