0 0.193407 0.641576 0.382439 0.662687
0 0.592409 0.407646 0.411198 0.547675
0 0.883513 0.423934 0.22961 0.546014
0 0.193407 0.641576 0.382439 0.662687
0 0.592409 0.407646 0.411198 0.547675
0 0.883513 0.423934 0.22961 0.546014
0 0.193407 0.641576 0.382439 0.662687
0 0.592409 0.407646 0.411198 0.547675
0 0.883513 0.423934 0.22961 0.546014
0 0.200197 0.656052 0.379072 0.653045
0 0.592495 0.406714 0.38713 0.539297
0 0.0288941 0.747226 0.0560049 0.438795
0 0.893708 0.419056 0.211898 0.526203
0 0.955357 0.49838 0.0892852 0.340269
0 0.200197 0.656052 0.379072 0.653045
0 0.592495 0.406714 0.38713 0.539297
0 0.0288941 0.747226 0.0560049 0.438795
0 0.893708 0.419056 0.211898 0.526203
0 0.955357 0.49838 0.0892852 0.340269
0 0.357589 0.698585 0.0661886 0.541245
0 0.0289132 0.747128 0.0565439 0.446934
0 0.024386 0.154619 0.0487719 0.309238
0 0.200197 0.656052 0.379072 0.653045
0 0.592495 0.406714 0.38713 0.539297
0 0.0288941 0.747226 0.0560049 0.438795
0 0.893708 0.419056 0.211898 0.526203
0 0.955357 0.49838 0.0892852 0.340269
0 0.200197 0.656052 0.379072 0.653045
0 0.592495 0.406714 0.38713 0.539297
0 0.0288941 0.747226 0.0560049 0.438795
0 0.893708 0.419056 0.211898 0.526203
0 0.955357 0.49838 0.0892852 0.340269
