0 0.6024 0.434382 0.210368 0.460952
0 0.811322 0.485505 0.228182 0.474875
0 0.190614 0.469504 0.22049 0.438656
0 0.398525 0.470585 0.246606 0.414561
0 0.0910654 0.117373 0.18036 0.234747
0 0.6024 0.434382 0.210368 0.460952
0 0.811322 0.485505 0.228182 0.474875
0 0.190614 0.469504 0.22049 0.438656
0 0.398525 0.470585 0.246606 0.414561
0 0.0910654 0.117373 0.18036 0.234747
0 0.6024 0.434382 0.210368 0.460952
0 0.811322 0.485505 0.228182 0.474875
0 0.190614 0.469504 0.22049 0.438656
0 0.398525 0.470585 0.246606 0.414561
0 0.0910654 0.117373 0.18036 0.234747
0 0.605589 0.437621 0.201508 0.459077
0 0.0915289 0.103316 0.17765 0.206631
0 0.402291 0.462488 0.22756 0.418345
0 0.189016 0.478346 0.212012 0.43777
0 0.812681 0.483456 0.22345 0.455838
0 0.325059 0.554989 0.554137 0.741374
0 0.825064 0.573826 0.262687 0.673198
0 0.809278 0.4763 0.214935 0.44602
0 0.605589 0.437621 0.201508 0.459077
0 0.0915289 0.103316 0.17765 0.206631
0 0.402291 0.462488 0.22756 0.418345
0 0.189016 0.478346 0.212012 0.43777
0 0.812681 0.483456 0.22345 0.455838
0 0.325059 0.554989 0.554137 0.741374
0 0.825064 0.573826 0.262687 0.673198
0 0.809278 0.4763 0.214935 0.44602
0 0.393206 0.333753 0.248168 0.667506
0 0.869982 0.122951 0.25842 0.245901
0 0.391669 0.162755 0.245421 0.302456
0 0.605589 0.437621 0.201508 0.459077
0 0.0915289 0.103316 0.17765 0.206631
0 0.402291 0.462488 0.22756 0.418345
0 0.189016 0.478346 0.212012 0.43777
0 0.812681 0.483456 0.22345 0.455838
0 0.325059 0.554989 0.554137 0.741374
0 0.825064 0.573826 0.262687 0.673198
0 0.809278 0.4763 0.214935 0.44602
0 0.605589 0.437621 0.201508 0.459077
0 0.0915289 0.103316 0.17765 0.206631
0 0.402291 0.462488 0.22756 0.418345
0 0.189016 0.478346 0.212012 0.43777
0 0.812681 0.483456 0.22345 0.455838
0 0.325059 0.554989 0.554137 0.741374
0 0.825064 0.573826 0.262687 0.673198
0 0.809278 0.4763 0.214935 0.44602
