0 0.747201 0.332968 0.501856 0.586027
0 0.239615 0.29207 0.469441 0.520321
0 0.241344 0.732754 0.476574 0.33747
0 0.747201 0.332968 0.501856 0.586027
0 0.239615 0.29207 0.469441 0.520321
0 0.241344 0.732754 0.476574 0.33747
0 0.747201 0.332968 0.501856 0.586027
0 0.239615 0.29207 0.469441 0.520321
0 0.241344 0.732754 0.476574 0.33747
0 0.75122 0.335548 0.492083 0.517186
0 0.737949 0.778197 0.484841 0.423396
0 0.24743 0.31104 0.484699 0.530956
0 0.75122 0.335548 0.492083 0.517186
0 0.737949 0.778197 0.484841 0.423396
0 0.24743 0.31104 0.484699 0.530956
0 0.75122 0.335548 0.492083 0.517186
0 0.737949 0.778197 0.484841 0.423396
0 0.24743 0.31104 0.484699 0.530956
0 0.75122 0.335548 0.492083 0.517186
0 0.737949 0.778197 0.484841 0.423396
0 0.24743 0.31104 0.484699 0.530956
