0 0.356389 0.535697 0.191068 0.74808
0 0.547032 0.534037 0.180119 0.784835
0 0.192057 0.519416 0.18304 0.75701
0 0.893589 0.580317 0.203797 0.763218
0 0.0782022 0.683975 0.149812 0.400848
0 0.71943 0.540916 0.183661 0.819228
0 0.356389 0.535697 0.191068 0.74808
0 0.547032 0.534037 0.180119 0.784835
0 0.192057 0.519416 0.18304 0.75701
0 0.893589 0.580317 0.203797 0.763218
0 0.0782022 0.683975 0.149812 0.400848
0 0.71943 0.540916 0.183661 0.819228
0 0.356389 0.535697 0.191068 0.74808
0 0.547032 0.534037 0.180119 0.784835
0 0.192057 0.519416 0.18304 0.75701
0 0.893589 0.580317 0.203797 0.763218
0 0.0782022 0.683975 0.149812 0.400848
0 0.71943 0.540916 0.183661 0.819228
0 0.358861 0.538907 0.196236 0.739364
0 0.0782551 0.693967 0.15399 0.391162
0 0.399058 0.087937 0.126152 0.175874
0 0.542639 0.77199 0.160412 0.315054
0 0.549986 0.543954 0.185024 0.758585
0 0.545527 0.102048 0.147889 0.201484
0 0.714138 0.744954 0.171306 0.396147
0 0.896114 0.551879 0.20497 0.709593
0 0.185604 0.429605 0.179783 0.532183
0 0.215575 0.783118 0.133651 0.21429
0 0.358861 0.538907 0.196236 0.739364
0 0.0782551 0.693967 0.15399 0.391162
0 0.399058 0.087937 0.126152 0.175874
0 0.542639 0.77199 0.160412 0.315054
0 0.549986 0.543954 0.185024 0.758585
0 0.545527 0.102048 0.147889 0.201484
0 0.714138 0.744954 0.171306 0.396147
0 0.896114 0.551879 0.20497 0.709593
0 0.185604 0.429605 0.179783 0.532183
0 0.215575 0.783118 0.133651 0.21429
0 0.549565 0.549619 0.182703 0.753583
0 0.191869 0.511192 0.171729 0.69054
0 0.551758 0.40144 0.180747 0.47107
0 0.719669 0.545997 0.185746 0.813248
0 0.895391 0.545574 0.207455 0.692201
0 0.358861 0.538907 0.196236 0.739364
0 0.0782551 0.693967 0.15399 0.391162
0 0.399058 0.087937 0.126152 0.175874
0 0.542639 0.77199 0.160412 0.315054
0 0.549986 0.543954 0.185024 0.758585
0 0.545527 0.102048 0.147889 0.201484
0 0.714138 0.744954 0.171306 0.396147
0 0.896114 0.551879 0.20497 0.709593
0 0.185604 0.429605 0.179783 0.532183
0 0.215575 0.783118 0.133651 0.21429
