0 0.464956 0.571805 0.0570236 0.654433
0 0.692096 0.499392 0.0571638 0.670504
0 0.750793 0.475477 0.0592605 0.670916
0 0.866713 0.430141 0.0577841 0.680644
0 0.069595 0.695683 0.0611411 0.606952
0 0.333492 0.607147 0.0641803 0.636404
0 0.194182 0.633763 0.0583605 0.663244
0 0.925602 0.41125 0.0615513 0.678357
0 0.52128 0.562813 0.0548595 0.671415
0 0.576959 0.543117 0.0560602 0.671913
0 0.976996 0.400081 0.046008 0.695202
0 0.256126 0.602848 0.0638035 0.659093
0 0.400879 0.593682 0.0611386 0.682671
0 0.807888 0.451869 0.0574316 0.67777
0 0.632859 0.522697 0.0572452 0.662029
0 0.13118 0.674201 0.0616132 0.634537
0 0.808274 0.456208 0.0586159 0.677257
0 0.0167526 0.774742 0.0325604 0.429964
0 0.464956 0.571805 0.0570236 0.654433
0 0.692096 0.499392 0.0571638 0.670504
0 0.750793 0.475477 0.0592605 0.670916
0 0.866713 0.430141 0.0577841 0.680644
0 0.069595 0.695683 0.0611411 0.606952
0 0.333492 0.607147 0.0641803 0.636404
0 0.194182 0.633763 0.0583605 0.663244
0 0.925602 0.41125 0.0615513 0.678357
0 0.52128 0.562813 0.0548595 0.671415
0 0.576959 0.543117 0.0560602 0.671913
0 0.976996 0.400081 0.046008 0.695202
0 0.256126 0.602848 0.0638035 0.659093
0 0.400879 0.593682 0.0611386 0.682671
0 0.807888 0.451869 0.0574316 0.67777
0 0.632859 0.522697 0.0572452 0.662029
0 0.13118 0.674201 0.0616132 0.634537
0 0.808274 0.456208 0.0586159 0.677257
0 0.0167526 0.774742 0.0325604 0.429964
0 0.464956 0.571805 0.0570236 0.654433
0 0.692096 0.499392 0.0571638 0.670504
0 0.750793 0.475477 0.0592605 0.670916
0 0.866713 0.430141 0.0577841 0.680644
0 0.069595 0.695683 0.0611411 0.606952
0 0.333492 0.607147 0.0641803 0.636404
0 0.194182 0.633763 0.0583605 0.663244
0 0.925602 0.41125 0.0615513 0.678357
0 0.52128 0.562813 0.0548595 0.671415
0 0.576959 0.543117 0.0560602 0.671913
0 0.976996 0.400081 0.046008 0.695202
0 0.256126 0.602848 0.0638035 0.659093
0 0.400879 0.593682 0.0611386 0.682671
0 0.807888 0.451869 0.0574316 0.67777
0 0.632859 0.522697 0.0572452 0.662029
0 0.13118 0.674201 0.0616132 0.634537
0 0.808274 0.456208 0.0586159 0.677257
0 0.0167526 0.774742 0.0325604 0.429964
0 0.521419 0.564206 0.0535445 0.659051
0 0.577109 0.547645 0.0557569 0.65888
0 0.977083 0.403817 0.0458335 0.680074
0 0.632464 0.525275 0.058386 0.656991
0 0.807532 0.452925 0.0592208 0.676021
0 0.75057 0.477467 0.0587256 0.666857
0 0.691067 0.497475 0.059827 0.667033
0 0.334093 0.616508 0.068431 0.637042
0 0.40157 0.584932 0.0589052 0.688289
0 0.131508 0.771442 0.0610457 0.419503
0 0.257538 0.556786 0.0670446 0.780581
0 0.0680125 0.776061 0.060728 0.410923
0 0.463811 0.571228 0.0590399 0.64421
0 0.19478 0.646977 0.0603421 0.645783
0 0.865746 0.426728 0.0591846 0.679837
0 0.0172866 0.786744 0.0342076 0.402356
0 0.924873 0.420232 0.0600558 0.684847
0 0.521419 0.564206 0.0535445 0.659051
0 0.577109 0.547645 0.0557569 0.65888
0 0.977083 0.403817 0.0458335 0.680074
0 0.632464 0.525275 0.058386 0.656991
0 0.807532 0.452925 0.0592208 0.676021
0 0.75057 0.477467 0.0587256 0.666857
0 0.691067 0.497475 0.059827 0.667033
0 0.334093 0.616508 0.068431 0.637042
0 0.40157 0.584932 0.0589052 0.688289
0 0.131508 0.771442 0.0610457 0.419503
0 0.257538 0.556786 0.0670446 0.780581
0 0.0680125 0.776061 0.060728 0.410923
0 0.463811 0.571228 0.0590399 0.64421
0 0.19478 0.646977 0.0603421 0.645783
0 0.865746 0.426728 0.0591846 0.679837
0 0.0172866 0.786744 0.0342076 0.402356
0 0.924873 0.420232 0.0600558 0.684847
0 0.521419 0.564206 0.0535445 0.659051
0 0.577109 0.547645 0.0557569 0.65888
0 0.977083 0.403817 0.0458335 0.680074
0 0.632464 0.525275 0.058386 0.656991
0 0.807532 0.452925 0.0592208 0.676021
0 0.75057 0.477467 0.0587256 0.666857
0 0.691067 0.497475 0.059827 0.667033
0 0.334093 0.616508 0.068431 0.637042
0 0.40157 0.584932 0.0589052 0.688289
0 0.131508 0.771442 0.0610457 0.419503
0 0.257538 0.556786 0.0670446 0.780581
0 0.0680125 0.776061 0.060728 0.410923
0 0.463811 0.571228 0.0590399 0.64421
0 0.19478 0.646977 0.0603421 0.645783
0 0.865746 0.426728 0.0591846 0.679837
0 0.0172866 0.786744 0.0342076 0.402356
0 0.924873 0.420232 0.0600558 0.684847
0 0.521419 0.564206 0.0535445 0.659051
0 0.577109 0.547645 0.0557569 0.65888
0 0.977083 0.403817 0.0458335 0.680074
0 0.632464 0.525275 0.058386 0.656991
0 0.807532 0.452925 0.0592208 0.676021
0 0.75057 0.477467 0.0587256 0.666857
0 0.691067 0.497475 0.059827 0.667033
0 0.334093 0.616508 0.068431 0.637042
0 0.40157 0.584932 0.0589052 0.688289
0 0.131508 0.771442 0.0610457 0.419503
0 0.257538 0.556786 0.0670446 0.780581
0 0.0680125 0.776061 0.060728 0.410923
0 0.463811 0.571228 0.0590399 0.64421
0 0.19478 0.646977 0.0603421 0.645783
0 0.865746 0.426728 0.0591846 0.679837
0 0.0172866 0.786744 0.0342076 0.402356
0 0.924873 0.420232 0.0600558 0.684847
