0 0.651245 0.616343 0.23245 0.767314
0 0.867676 0.633112 0.213822 0.733775
0 0.41648 0.586737 0.251505 0.826526
0 0.165385 0.56694 0.266496 0.866119
0 0.0177053 0.528727 0.0351207 0.942545
0 0.651245 0.616343 0.23245 0.767314
0 0.867676 0.633112 0.213822 0.733775
0 0.41648 0.586737 0.251505 0.826526
0 0.165385 0.56694 0.266496 0.866119
0 0.0177053 0.528727 0.0351207 0.942545
0 0.651245 0.616343 0.23245 0.767314
0 0.867676 0.633112 0.213822 0.733775
0 0.41648 0.586737 0.251505 0.826526
0 0.165385 0.56694 0.266496 0.866119
0 0.0177053 0.528727 0.0351207 0.942545
0 0.416604 0.582198 0.248374 0.835605
0 0.16809 0.565388 0.260071 0.869223
0 0.651068 0.608602 0.231369 0.782796
0 0.866132 0.635215 0.211435 0.729571
0 0.0186837 0.545776 0.0369066 0.895635
0 0.416604 0.582198 0.248374 0.835605
0 0.16809 0.565388 0.260071 0.869223
0 0.651068 0.608602 0.231369 0.782796
0 0.866132 0.635215 0.211435 0.729571
0 0.0186837 0.545776 0.0369066 0.895635
