0 0.207441 0.547862 0.388241 0.786581
0 0.582778 0.532151 0.386673 0.763836
0 0.878763 0.502602 0.216413 0.913826
0 0.207441 0.547862 0.388241 0.786581
0 0.582778 0.532151 0.386673 0.763836
0 0.878763 0.502602 0.216413 0.913826
0 0.207441 0.547862 0.388241 0.786581
0 0.582778 0.532151 0.386673 0.763836
0 0.878763 0.502602 0.216413 0.913826
0 0.879001 0.471107 0.192946 0.793342
0 0.563268 0.787286 0.361279 0.25736
0 0.578618 0.302654 0.358879 0.257006
0 0.218127 0.548572 0.369255 0.245229
0 0.201958 0.803133 0.342793 0.290563
0 0.21382 0.305154 0.36815 0.247957
0 0.568155 0.67571 0.373886 0.460567
0 0.213304 0.317034 0.355568 0.284941
0 0.879001 0.471107 0.192946 0.793342
0 0.563268 0.787286 0.361279 0.25736
0 0.578618 0.302654 0.358879 0.257006
0 0.218127 0.548572 0.369255 0.245229
0 0.201958 0.803133 0.342793 0.290563
0 0.21382 0.305154 0.36815 0.247957
0 0.568155 0.67571 0.373886 0.460567
0 0.213304 0.317034 0.355568 0.284941
0 0.213241 0.540547 0.361395 0.244662
0 0.207288 0.54607 0.358381 0.247618
0 0.576975 0.544975 0.379339 0.238668
0 0.574281 0.305698 0.38669 0.25202
0 0.201886 0.431577 0.351546 0.459242
0 0.879001 0.471107 0.192946 0.793342
0 0.563268 0.787286 0.361279 0.25736
0 0.578618 0.302654 0.358879 0.257006
0 0.218127 0.548572 0.369255 0.245229
0 0.201958 0.803133 0.342793 0.290563
0 0.21382 0.305154 0.36815 0.247957
0 0.568155 0.67571 0.373886 0.460567
0 0.213304 0.317034 0.355568 0.284941
