0 0.28535 0.602269 0.216447 0.556655
0 0.500372 0.52294 0.184589 0.462593
0 0.671364 0.428052 0.173872 0.433538
0 0.85521 0.45047 0.225614 0.612087
0 0.670746 0.430694 0.173973 0.43669
0 0.28535 0.602269 0.216447 0.556655
0 0.500372 0.52294 0.184589 0.462593
0 0.671364 0.428052 0.173872 0.433538
0 0.85521 0.45047 0.225614 0.612087
0 0.670746 0.430694 0.173973 0.43669
0 0.28535 0.602269 0.216447 0.556655
0 0.500372 0.52294 0.184589 0.462593
0 0.671364 0.428052 0.173872 0.433538
0 0.85521 0.45047 0.225614 0.612087
0 0.670746 0.430694 0.173973 0.43669
0 0.28624 0.600279 0.191648 0.503169
0 0.66835 0.439184 0.155847 0.411374
0 0.85039 0.462561 0.208525 0.605608
0 0.502103 0.506274 0.158955 0.449147
0 0.28624 0.600279 0.191648 0.503169
0 0.66835 0.439184 0.155847 0.411374
0 0.85039 0.462561 0.208525 0.605608
0 0.502103 0.506274 0.158955 0.449147
0 0.28624 0.600279 0.191648 0.503169
0 0.66835 0.439184 0.155847 0.411374
0 0.85039 0.462561 0.208525 0.605608
0 0.502103 0.506274 0.158955 0.449147
0 0.28624 0.600279 0.191648 0.503169
0 0.66835 0.439184 0.155847 0.411374
0 0.85039 0.462561 0.208525 0.605608
0 0.502103 0.506274 0.158955 0.449147
