0 0.371192 0.73319 0.0770762 0.405804
0 0.313492 0.721222 0.0470997 0.390617
0 0.429273 0.726469 0.0646312 0.423644
0 0.0219817 0.693278 0.0439635 0.449011
0 0.476982 0.716192 0.0455987 0.438911
0 0.153308 0.305416 0.227919 0.423971
0 0.371192 0.73319 0.0770762 0.405804
0 0.313492 0.721222 0.0470997 0.390617
0 0.429273 0.726469 0.0646312 0.423644
0 0.0219817 0.693278 0.0439635 0.449011
0 0.476982 0.716192 0.0455987 0.438911
0 0.153308 0.305416 0.227919 0.423971
0 0.371192 0.73319 0.0770762 0.405804
0 0.313492 0.721222 0.0470997 0.390617
0 0.429273 0.726469 0.0646312 0.423644
0 0.0219817 0.693278 0.0439635 0.449011
0 0.476982 0.716192 0.0455987 0.438911
0 0.153308 0.305416 0.227919 0.423971
0 0.156744 0.705313 0.218468 0.446235
0 0.880795 0.486296 0.237721 0.885606
0 0.412645 0.722341 0.165462 0.426082
0 0.0207006 0.704502 0.0414012 0.408231
0 0.156744 0.705313 0.218468 0.446235
0 0.880795 0.486296 0.237721 0.885606
0 0.412645 0.722341 0.165462 0.426082
0 0.0207006 0.704502 0.0414012 0.408231
0 0.0239097 0.699973 0.0460083 0.422198
0 0.152504 0.301091 0.229373 0.447853
0 0.38598 0.265887 0.245335 0.531773
0 0.152977 0.30041 0.228426 0.449363
0 0.0193682 0.303654 0.0386178 0.447906
