0 0.35692 0.404972 0.213725 0.670771
0 0.597485 0.467544 0.21702 0.505562
0 0.124338 0.420021 0.197087 0.670447
0 0.85683 0.412753 0.213516 0.60207
0 0.860526 0.406019 0.219832 0.601599
0 0.0145905 0.413387 0.0289057 0.791413
0 0.35692 0.404972 0.213725 0.670771
0 0.597485 0.467544 0.21702 0.505562
0 0.124338 0.420021 0.197087 0.670447
0 0.85683 0.412753 0.213516 0.60207
0 0.860526 0.406019 0.219832 0.601599
0 0.0145905 0.413387 0.0289057 0.791413
0 0.35692 0.404972 0.213725 0.670771
0 0.597485 0.467544 0.21702 0.505562
0 0.124338 0.420021 0.197087 0.670447
0 0.85683 0.412753 0.213516 0.60207
0 0.860526 0.406019 0.219832 0.601599
0 0.0145905 0.413387 0.0289057 0.791413
0 0.860774 0.426454 0.217977 0.589303
0 0.356651 0.419656 0.217255 0.689391
0 0.124343 0.428538 0.19499 0.666952
0 0.0141184 0.400408 0.0282367 0.77206
0 0.598479 0.478005 0.216048 0.516252
0 0.12508 0.435311 0.192092 0.667392
0 0.860774 0.426454 0.217977 0.589303
0 0.356651 0.419656 0.217255 0.689391
0 0.124343 0.428538 0.19499 0.666952
0 0.0141184 0.400408 0.0282367 0.77206
0 0.598479 0.478005 0.216048 0.516252
0 0.12508 0.435311 0.192092 0.667392
0 0.860774 0.426454 0.217977 0.589303
0 0.356651 0.419656 0.217255 0.689391
0 0.124343 0.428538 0.19499 0.666952
0 0.0141184 0.400408 0.0282367 0.77206
0 0.598479 0.478005 0.216048 0.516252
0 0.12508 0.435311 0.192092 0.667392
0 0.860774 0.426454 0.217977 0.589303
0 0.356651 0.419656 0.217255 0.689391
0 0.124343 0.428538 0.19499 0.666952
0 0.0141184 0.400408 0.0282367 0.77206
0 0.598479 0.478005 0.216048 0.516252
0 0.12508 0.435311 0.192092 0.667392
