0 0.588575 0.438451 0.153086 0.595137
0 0.425256 0.523604 0.180787 0.57298
0 0.188935 0.53156 0.276248 0.658728
0 0.852341 0.359162 0.241197 0.64575
0 0.696719 0.431627 0.0900966 0.550091
0 0.0481602 0.656015 0.0962994 0.602587
0 0.191287 0.549802 0.271707 0.624175
0 0.588575 0.438451 0.153086 0.595137
0 0.425256 0.523604 0.180787 0.57298
0 0.188935 0.53156 0.276248 0.658728
0 0.852341 0.359162 0.241197 0.64575
0 0.696719 0.431627 0.0900966 0.550091
0 0.0481602 0.656015 0.0962994 0.602587
0 0.191287 0.549802 0.271707 0.624175
0 0.588575 0.438451 0.153086 0.595137
0 0.425256 0.523604 0.180787 0.57298
0 0.188935 0.53156 0.276248 0.658728
0 0.852341 0.359162 0.241197 0.64575
0 0.696719 0.431627 0.0900966 0.550091
0 0.0481602 0.656015 0.0962994 0.602587
0 0.191287 0.549802 0.271707 0.624175
0 0.194155 0.562917 0.254742 0.609312
0 0.626313 0.452169 0.220674 0.565186
0 0.854467 0.360701 0.233235 0.652738
0 0.0481386 0.653363 0.0962751 0.622022
0 0.194155 0.562917 0.254742 0.609312
0 0.626313 0.452169 0.220674 0.565186
0 0.854467 0.360701 0.233235 0.652738
0 0.0481386 0.653363 0.0962751 0.622022
0 0.427405 0.522275 0.177537 0.578095
0 0.427016 0.553865 0.175853 0.510221
0 0.194155 0.562917 0.254742 0.609312
0 0.626313 0.452169 0.220674 0.565186
0 0.854467 0.360701 0.233235 0.652738
0 0.0481386 0.653363 0.0962751 0.622022
0 0.194155 0.562917 0.254742 0.609312
0 0.626313 0.452169 0.220674 0.565186
0 0.854467 0.360701 0.233235 0.652738
0 0.0481386 0.653363 0.0962751 0.622022
