0 0.0616584 0.58203 0.0937397 0.470973
0 0.243309 0.598253 0.0903237 0.47692
0 0.152111 0.594062 0.0950208 0.476577
0 0.506237 0.631652 0.0819145 0.47305
0 0.928759 0.677261 0.0883236 0.473989
0 0.671917 0.651453 0.090298 0.476436
0 0.758541 0.663304 0.0887518 0.478862
0 0.331876 0.60216 0.0848941 0.487372
0 0.843183 0.670029 0.0869992 0.469284
0 0.587292 0.639906 0.0871022 0.482974
0 0.420173 0.623973 0.106342 0.482798
0 0.985237 0.684662 0.0295259 0.466654
0 0.00904348 0.578412 0.0179633 0.468614
0 0.0616584 0.58203 0.0937397 0.470973
0 0.243309 0.598253 0.0903237 0.47692
0 0.152111 0.594062 0.0950208 0.476577
0 0.506237 0.631652 0.0819145 0.47305
0 0.928759 0.677261 0.0883236 0.473989
0 0.671917 0.651453 0.090298 0.476436
0 0.758541 0.663304 0.0887518 0.478862
0 0.331876 0.60216 0.0848941 0.487372
0 0.843183 0.670029 0.0869992 0.469284
0 0.587292 0.639906 0.0871022 0.482974
0 0.420173 0.623973 0.106342 0.482798
0 0.985237 0.684662 0.0295259 0.466654
0 0.00904348 0.578412 0.0179633 0.468614
0 0.0616584 0.58203 0.0937397 0.470973
0 0.243309 0.598253 0.0903237 0.47692
0 0.152111 0.594062 0.0950208 0.476577
0 0.506237 0.631652 0.0819145 0.47305
0 0.928759 0.677261 0.0883236 0.473989
0 0.671917 0.651453 0.090298 0.476436
0 0.758541 0.663304 0.0887518 0.478862
0 0.331876 0.60216 0.0848941 0.487372
0 0.843183 0.670029 0.0869992 0.469284
0 0.587292 0.639906 0.0871022 0.482974
0 0.420173 0.623973 0.106342 0.482798
0 0.985237 0.684662 0.0295259 0.466654
0 0.00904348 0.578412 0.0179633 0.468614
0 0.50556 0.631485 0.0795433 0.475117
0 0.758429 0.666045 0.0841847 0.460236
0 0.928421 0.693587 0.0842119 0.445264
0 0.0609328 0.584563 0.0926971 0.456652
0 0.331101 0.601835 0.0817432 0.486891
0 0.843162 0.673108 0.0854143 0.453191
0 0.586933 0.645693 0.0841567 0.464687
0 0.15221 0.595918 0.0922739 0.464202
0 0.242815 0.598181 0.0882518 0.469256
0 0.418485 0.617905 0.101035 0.487468
0 0.985893 0.698404 0.0281172 0.44364
0 0.671909 0.655138 0.0882129 0.45998
0 0.00802448 0.582738 0.016049 0.460694
0 0.50556 0.631485 0.0795433 0.475117
0 0.758429 0.666045 0.0841847 0.460236
0 0.928421 0.693587 0.0842119 0.445264
0 0.0609328 0.584563 0.0926971 0.456652
0 0.331101 0.601835 0.0817432 0.486891
0 0.843162 0.673108 0.0854143 0.453191
0 0.586933 0.645693 0.0841567 0.464687
0 0.15221 0.595918 0.0922739 0.464202
0 0.242815 0.598181 0.0882518 0.469256
0 0.418485 0.617905 0.101035 0.487468
0 0.985893 0.698404 0.0281172 0.44364
0 0.671909 0.655138 0.0882129 0.45998
0 0.00802448 0.582738 0.016049 0.460694
0 0.671689 0.655397 0.0877464 0.460879
0 0.50556 0.631485 0.0795433 0.475117
0 0.758429 0.666045 0.0841847 0.460236
0 0.928421 0.693587 0.0842119 0.445264
0 0.0609328 0.584563 0.0926971 0.456652
0 0.331101 0.601835 0.0817432 0.486891
0 0.843162 0.673108 0.0854143 0.453191
0 0.586933 0.645693 0.0841567 0.464687
0 0.15221 0.595918 0.0922739 0.464202
0 0.242815 0.598181 0.0882518 0.469256
0 0.418485 0.617905 0.101035 0.487468
0 0.985893 0.698404 0.0281172 0.44364
0 0.671909 0.655138 0.0882129 0.45998
0 0.00802448 0.582738 0.016049 0.460694
0 0.50556 0.631485 0.0795433 0.475117
0 0.758429 0.666045 0.0841847 0.460236
0 0.928421 0.693587 0.0842119 0.445264
0 0.0609328 0.584563 0.0926971 0.456652
0 0.331101 0.601835 0.0817432 0.486891
0 0.843162 0.673108 0.0854143 0.453191
0 0.586933 0.645693 0.0841567 0.464687
0 0.15221 0.595918 0.0922739 0.464202
0 0.242815 0.598181 0.0882518 0.469256
0 0.418485 0.617905 0.101035 0.487468
0 0.985893 0.698404 0.0281172 0.44364
0 0.671909 0.655138 0.0882129 0.45998
0 0.00802448 0.582738 0.016049 0.460694
