0 0.130272 0.490061 0.180491 0.839614
0 0.679868 0.49661 0.170433 0.869181
0 0.858353 0.425921 0.174276 0.851842
0 0.497328 0.54104 0.176 0.878963
0 0.317252 0.537482 0.164842 0.852712
0 0.130272 0.490061 0.180491 0.839614
0 0.679868 0.49661 0.170433 0.869181
0 0.858353 0.425921 0.174276 0.851842
0 0.497328 0.54104 0.176 0.878963
0 0.317252 0.537482 0.164842 0.852712
0 0.130272 0.490061 0.180491 0.839614
0 0.679868 0.49661 0.170433 0.869181
0 0.858353 0.425921 0.174276 0.851842
0 0.497328 0.54104 0.176 0.878963
0 0.317252 0.537482 0.164842 0.852712
0 0.500018 0.536374 0.173816 0.863525
0 0.132229 0.496851 0.180277 0.828969
0 0.319527 0.533331 0.16961 0.832362
0 0.857965 0.429898 0.176836 0.848453
0 0.680326 0.499086 0.167347 0.86959
0 0.500018 0.536374 0.173816 0.863525
0 0.132229 0.496851 0.180277 0.828969
0 0.319527 0.533331 0.16961 0.832362
0 0.857965 0.429898 0.176836 0.848453
0 0.680326 0.499086 0.167347 0.86959
0 0.0112016 0.447983 0.0224032 0.818972
0 0.500018 0.536374 0.173816 0.863525
0 0.132229 0.496851 0.180277 0.828969
0 0.319527 0.533331 0.16961 0.832362
0 0.857965 0.429898 0.176836 0.848453
0 0.680326 0.499086 0.167347 0.86959
0 0.500018 0.536374 0.173816 0.863525
0 0.132229 0.496851 0.180277 0.828969
0 0.319527 0.533331 0.16961 0.832362
0 0.857965 0.429898 0.176836 0.848453
0 0.680326 0.499086 0.167347 0.86959
