0 0.367659 0.531617 0.251124 0.841301
0 0.5767 0.496166 0.233849 0.844375
0 0.144453 0.575688 0.255528 0.838991
0 0.144178 0.575124 0.252862 0.839283
0 0.367659 0.531617 0.251124 0.841301
0 0.5767 0.496166 0.233849 0.844375
0 0.144453 0.575688 0.255528 0.838991
0 0.144178 0.575124 0.252862 0.839283
0 0.367659 0.531617 0.251124 0.841301
0 0.5767 0.496166 0.233849 0.844375
0 0.144453 0.575688 0.255528 0.838991
0 0.144178 0.575124 0.252862 0.839283
0 0.369306 0.533657 0.240085 0.853064
0 0.143263 0.565884 0.249554 0.852532
0 0.57457 0.494829 0.210666 0.812173
0 0.369306 0.533657 0.240085 0.853064
0 0.143263 0.565884 0.249554 0.852532
0 0.57457 0.494829 0.210666 0.812173
0 0.369306 0.533657 0.240085 0.853064
0 0.143263 0.565884 0.249554 0.852532
0 0.57457 0.494829 0.210666 0.812173
