0 0.607001 0.55244 0.758369 0.886814
0 0.155671 0.487457 0.311342 0.888655
0 0.607001 0.55244 0.758369 0.886814
0 0.155671 0.487457 0.311342 0.888655
0 0.607001 0.55244 0.758369 0.886814
0 0.155671 0.487457 0.311342 0.888655
0 0.603406 0.532794 0.793189 0.914681
0 0.153763 0.521368 0.307526 0.934281
0 0.603406 0.532794 0.793189 0.914681
0 0.153763 0.521368 0.307526 0.934281
0 0.603406 0.532794 0.793189 0.914681
0 0.153763 0.521368 0.307526 0.934281
0 0.603406 0.532794 0.793189 0.914681
0 0.153763 0.521368 0.307526 0.934281
