0 0.832862 0.564496 0.162452 0.582449
0 0.695715 0.610615 0.149253 0.626685
0 0.16788 0.65484 0.156012 0.664861
0 0.441941 0.660845 0.148694 0.67831
0 0.567502 0.646868 0.146615 0.691912
0 0.310384 0.648881 0.150551 0.661004
0 0.832862 0.564496 0.162452 0.582449
0 0.695715 0.610615 0.149253 0.626685
0 0.16788 0.65484 0.156012 0.664861
0 0.441941 0.660845 0.148694 0.67831
0 0.567502 0.646868 0.146615 0.691912
0 0.310384 0.648881 0.150551 0.661004
0 0.832862 0.564496 0.162452 0.582449
0 0.695715 0.610615 0.149253 0.626685
0 0.16788 0.65484 0.156012 0.664861
0 0.441941 0.660845 0.148694 0.67831
0 0.567502 0.646868 0.146615 0.691912
0 0.310384 0.648881 0.150551 0.661004
0 0.311995 0.649518 0.152139 0.617923
0 0.170247 0.657301 0.151979 0.62658
0 0.828955 0.573249 0.151978 0.56141
0 0.443394 0.640883 0.143783 0.611382
0 0.569201 0.631909 0.14313 0.621438
0 0.696346 0.619012 0.144104 0.603606
0 0.907078 0.906704 0.185843 0.185942
0 0.311995 0.649518 0.152139 0.617923
0 0.170247 0.657301 0.151979 0.62658
0 0.828955 0.573249 0.151978 0.56141
0 0.443394 0.640883 0.143783 0.611382
0 0.569201 0.631909 0.14313 0.621438
0 0.696346 0.619012 0.144104 0.603606
0 0.907078 0.906704 0.185843 0.185942
0 0.970897 0.408295 0.0582065 0.81659
0 0.696634 0.614479 0.143185 0.608695
0 0.441451 0.958346 0.122627 0.0833082
0 0.625941 0.945438 0.211845 0.109123
