0 0.474089 0.57326 0.320674 0.595216
0 0.195184 0.447786 0.204052 0.57642
0 0.474089 0.57326 0.320674 0.595216
0 0.195184 0.447786 0.204052 0.57642
0 0.474089 0.57326 0.320674 0.595216
0 0.195184 0.447786 0.204052 0.57642
0 0.468076 0.537433 0.301474 0.648456
0 0.195656 0.437451 0.193638 0.569019
0 0.798454 0.653326 0.333818 0.669635
0 0.468076 0.537433 0.301474 0.648456
0 0.195656 0.437451 0.193638 0.569019
0 0.798454 0.653326 0.333818 0.669635
0 0.468076 0.537433 0.301474 0.648456
0 0.195656 0.437451 0.193638 0.569019
0 0.798454 0.653326 0.333818 0.669635
0 0.468076 0.537433 0.301474 0.648456
0 0.195656 0.437451 0.193638 0.569019
0 0.798454 0.653326 0.333818 0.669635
