0 0.747744 0.71534 0.113821 0.546115
0 0.289696 0.61497 0.368792 0.66271
0 0.569803 0.106182 0.14326 0.188355
0 0.566037 0.326761 0.158107 0.288428
0 0.349743 0.082876 0.2805 0.165752
0 0.84578 0.716442 0.115045 0.558145
0 0.945773 0.728371 0.101937 0.542164
0 0.98597 0.752459 0.0280596 0.495082
0 0.747744 0.71534 0.113821 0.546115
0 0.289696 0.61497 0.368792 0.66271
0 0.569803 0.106182 0.14326 0.188355
0 0.566037 0.326761 0.158107 0.288428
0 0.349743 0.082876 0.2805 0.165752
0 0.84578 0.716442 0.115045 0.558145
0 0.945773 0.728371 0.101937 0.542164
0 0.98597 0.752459 0.0280596 0.495082
0 0.749078 0.722091 0.104233 0.522786
0 0.295021 0.611047 0.363457 0.664509
0 0.568896 0.101782 0.141146 0.202113
0 0.0644084 0.613655 0.128092 0.622251
0 0.845961 0.724361 0.104455 0.526356
0 0.946048 0.775697 0.0967282 0.433624
0 0.566488 0.329797 0.154544 0.287735
0 0.56261 0.705198 0.179465 0.503384
0 0.844795 0.72587 0.105186 0.528165
0 0.749078 0.722091 0.104233 0.522786
0 0.295021 0.611047 0.363457 0.664509
0 0.568896 0.101782 0.141146 0.202113
0 0.0644084 0.613655 0.128092 0.622251
0 0.845961 0.724361 0.104455 0.526356
0 0.946048 0.775697 0.0967282 0.433624
0 0.566488 0.329797 0.154544 0.287735
0 0.56261 0.705198 0.179465 0.503384
0 0.844795 0.72587 0.105186 0.528165
0 0.989423 0.765338 0.0211542 0.457117
0 0.990008 0.781189 0.019973 0.429243
0 0.749078 0.722091 0.104233 0.522786
0 0.295021 0.611047 0.363457 0.664509
0 0.568896 0.101782 0.141146 0.202113
0 0.0644084 0.613655 0.128092 0.622251
0 0.845961 0.724361 0.104455 0.526356
0 0.946048 0.775697 0.0967282 0.433624
0 0.566488 0.329797 0.154544 0.287735
0 0.56261 0.705198 0.179465 0.503384
0 0.844795 0.72587 0.105186 0.528165
0 0.749078 0.722091 0.104233 0.522786
0 0.295021 0.611047 0.363457 0.664509
0 0.568896 0.101782 0.141146 0.202113
0 0.0644084 0.613655 0.128092 0.622251
0 0.845961 0.724361 0.104455 0.526356
0 0.946048 0.775697 0.0967282 0.433624
0 0.566488 0.329797 0.154544 0.287735
0 0.56261 0.705198 0.179465 0.503384
0 0.844795 0.72587 0.105186 0.528165
