0 0.344576 0.618409 0.0490276 0.680869
0 0.87044 0.603105 0.0491095 0.652964
0 0.394137 0.616054 0.0498336 0.667196
0 0.296 0.626673 0.0507547 0.689232
0 0.245314 0.617104 0.0510555 0.714317
0 0.489058 0.627864 0.049346 0.661286
0 0.631785 0.614413 0.0487097 0.657921
0 0.441322 0.616737 0.0465151 0.661758
0 0.824045 0.606553 0.0480771 0.653987
0 0.585413 0.611403 0.046671 0.672818
0 0.727442 0.608742 0.0505268 0.67541
0 0.157334 0.536877 0.0687443 0.862519
0 0.537636 0.608722 0.0458454 0.698016
0 0.776444 0.603424 0.0494855 0.666691
0 0.919855 0.588454 0.0539597 0.681682
0 0.0474091 0.525288 0.0646846 0.86287
0 0.679378 0.612446 0.0478746 0.66862
0 0.100761 0.564642 0.0484881 0.81551
0 0.00961855 0.523955 0.0192371 0.884961
0 0.965863 0.668329 0.0379254 0.49217
0 0.344576 0.618409 0.0490276 0.680869
0 0.87044 0.603105 0.0491095 0.652964
0 0.394137 0.616054 0.0498336 0.667196
0 0.296 0.626673 0.0507547 0.689232
0 0.245314 0.617104 0.0510555 0.714317
0 0.489058 0.627864 0.049346 0.661286
0 0.631785 0.614413 0.0487097 0.657921
0 0.441322 0.616737 0.0465151 0.661758
0 0.824045 0.606553 0.0480771 0.653987
0 0.585413 0.611403 0.046671 0.672818
0 0.727442 0.608742 0.0505268 0.67541
0 0.157334 0.536877 0.0687443 0.862519
0 0.537636 0.608722 0.0458454 0.698016
0 0.776444 0.603424 0.0494855 0.666691
0 0.919855 0.588454 0.0539597 0.681682
0 0.0474091 0.525288 0.0646846 0.86287
0 0.679378 0.612446 0.0478746 0.66862
0 0.100761 0.564642 0.0484881 0.81551
0 0.00961855 0.523955 0.0192371 0.884961
0 0.965863 0.668329 0.0379254 0.49217
0 0.344576 0.618409 0.0490276 0.680869
0 0.87044 0.603105 0.0491095 0.652964
0 0.394137 0.616054 0.0498336 0.667196
0 0.296 0.626673 0.0507547 0.689232
0 0.245314 0.617104 0.0510555 0.714317
0 0.489058 0.627864 0.049346 0.661286
0 0.631785 0.614413 0.0487097 0.657921
0 0.441322 0.616737 0.0465151 0.661758
0 0.824045 0.606553 0.0480771 0.653987
0 0.585413 0.611403 0.046671 0.672818
0 0.727442 0.608742 0.0505268 0.67541
0 0.157334 0.536877 0.0687443 0.862519
0 0.537636 0.608722 0.0458454 0.698016
0 0.776444 0.603424 0.0494855 0.666691
0 0.919855 0.588454 0.0539597 0.681682
0 0.0474091 0.525288 0.0646846 0.86287
0 0.679378 0.612446 0.0478746 0.66862
0 0.100761 0.564642 0.0484881 0.81551
0 0.00961855 0.523955 0.0192371 0.884961
0 0.965863 0.668329 0.0379254 0.49217
0 0.441936 0.607293 0.0492544 0.697795
0 0.489383 0.6223 0.0519574 0.689613
0 0.631689 0.612144 0.0503278 0.659032
0 0.0455677 0.55622 0.0595049 0.821885
0 0.157442 0.536234 0.0712978 0.8743
0 0.394477 0.604681 0.0503661 0.702557
0 0.823828 0.602352 0.049416 0.651397
0 0.727177 0.607572 0.0514068 0.674835
0 0.679161 0.61284 0.0502646 0.674351
0 0.775934 0.60222 0.0508517 0.665815
0 0.87053 0.600784 0.0490076 0.649384
0 0.296018 0.6192 0.051503 0.716751
0 0.344554 0.614141 0.0504606 0.70413
0 0.245876 0.619882 0.051422 0.710162
0 0.919197 0.608231 0.0540284 0.642204
0 0.100232 0.573529 0.0530508 0.786225
0 0.00975861 0.553091 0.0195172 0.820969
0 0.584738 0.608603 0.0498225 0.688207
0 0.964869 0.639546 0.0428189 0.572966
0 0.964164 0.663628 0.0417843 0.519014
0 0.441936 0.607293 0.0492544 0.697795
0 0.489383 0.6223 0.0519574 0.689613
0 0.631689 0.612144 0.0503278 0.659032
0 0.0455677 0.55622 0.0595049 0.821885
0 0.157442 0.536234 0.0712978 0.8743
0 0.394477 0.604681 0.0503661 0.702557
0 0.823828 0.602352 0.049416 0.651397
0 0.727177 0.607572 0.0514068 0.674835
0 0.679161 0.61284 0.0502646 0.674351
0 0.775934 0.60222 0.0508517 0.665815
0 0.87053 0.600784 0.0490076 0.649384
0 0.296018 0.6192 0.051503 0.716751
0 0.344554 0.614141 0.0504606 0.70413
0 0.245876 0.619882 0.051422 0.710162
0 0.919197 0.608231 0.0540284 0.642204
0 0.100232 0.573529 0.0530508 0.786225
0 0.00975861 0.553091 0.0195172 0.820969
0 0.584738 0.608603 0.0498225 0.688207
0 0.964869 0.639546 0.0428189 0.572966
0 0.964164 0.663628 0.0417843 0.519014
0 0.537765 0.607629 0.0496792 0.705933
0 0.993666 0.653353 0.0126672 0.488083
0 0.993542 0.664481 0.0129168 0.493768
0 0.441936 0.607293 0.0492544 0.697795
0 0.489383 0.6223 0.0519574 0.689613
0 0.631689 0.612144 0.0503278 0.659032
0 0.0455677 0.55622 0.0595049 0.821885
0 0.157442 0.536234 0.0712978 0.8743
0 0.394477 0.604681 0.0503661 0.702557
0 0.823828 0.602352 0.049416 0.651397
0 0.727177 0.607572 0.0514068 0.674835
0 0.679161 0.61284 0.0502646 0.674351
0 0.775934 0.60222 0.0508517 0.665815
0 0.87053 0.600784 0.0490076 0.649384
0 0.296018 0.6192 0.051503 0.716751
0 0.344554 0.614141 0.0504606 0.70413
0 0.245876 0.619882 0.051422 0.710162
0 0.919197 0.608231 0.0540284 0.642204
0 0.100232 0.573529 0.0530508 0.786225
0 0.00975861 0.553091 0.0195172 0.820969
0 0.584738 0.608603 0.0498225 0.688207
0 0.964869 0.639546 0.0428189 0.572966
0 0.964164 0.663628 0.0417843 0.519014
0 0.441936 0.607293 0.0492544 0.697795
0 0.489383 0.6223 0.0519574 0.689613
0 0.631689 0.612144 0.0503278 0.659032
0 0.0455677 0.55622 0.0595049 0.821885
0 0.157442 0.536234 0.0712978 0.8743
0 0.394477 0.604681 0.0503661 0.702557
0 0.823828 0.602352 0.049416 0.651397
0 0.727177 0.607572 0.0514068 0.674835
0 0.679161 0.61284 0.0502646 0.674351
0 0.775934 0.60222 0.0508517 0.665815
0 0.87053 0.600784 0.0490076 0.649384
0 0.296018 0.6192 0.051503 0.716751
0 0.344554 0.614141 0.0504606 0.70413
0 0.245876 0.619882 0.051422 0.710162
0 0.919197 0.608231 0.0540284 0.642204
0 0.100232 0.573529 0.0530508 0.786225
0 0.00975861 0.553091 0.0195172 0.820969
0 0.584738 0.608603 0.0498225 0.688207
0 0.964869 0.639546 0.0428189 0.572966
0 0.964164 0.663628 0.0417843 0.519014
