0 0.753057 0.466223 0.378163 0.907208
0 0.573565 0.461118 0.36272 0.916562
0 0.888068 0.557142 0.223864 0.715231
0 0.915766 0.552408 0.168468 0.68355
0 0.23047 0.475493 0.46094 0.859705
0 0.753057 0.466223 0.378163 0.907208
0 0.573565 0.461118 0.36272 0.916562
0 0.888068 0.557142 0.223864 0.715231
0 0.915766 0.552408 0.168468 0.68355
0 0.23047 0.475493 0.46094 0.859705
0 0.753057 0.466223 0.378163 0.907208
0 0.573565 0.461118 0.36272 0.916562
0 0.888068 0.557142 0.223864 0.715231
0 0.915766 0.552408 0.168468 0.68355
0 0.23047 0.475493 0.46094 0.859705
0 0.266381 0.495129 0.532762 0.827859
0 0.266381 0.495129 0.532762 0.827859
0 0.355589 0.328572 0.298787 0.441269
0 0.635821 0.134117 0.247056 0.239885
0 0.266381 0.495129 0.532762 0.827859
0 0.266381 0.495129 0.532762 0.827859
