0 0.196401 0.47918 0.261026 0.837503
0 0.904129 0.502523 0.190204 0.824883
0 0.449937 0.477969 0.25558 0.805062
0 0.697129 0.494459 0.270076 0.819209
0 0.0400678 0.477494 0.0800959 0.865484
0 0.196401 0.47918 0.261026 0.837503
0 0.904129 0.502523 0.190204 0.824883
0 0.449937 0.477969 0.25558 0.805062
0 0.697129 0.494459 0.270076 0.819209
0 0.0400678 0.477494 0.0800959 0.865484
0 0.196401 0.47918 0.261026 0.837503
0 0.904129 0.502523 0.190204 0.824883
0 0.449937 0.477969 0.25558 0.805062
0 0.697129 0.494459 0.270076 0.819209
0 0.0400678 0.477494 0.0800959 0.865484
0 0.442882 0.484368 0.263923 0.801708
0 0.195216 0.48953 0.251754 0.820431
0 0.694884 0.493035 0.262704 0.798435
0 0.906753 0.527952 0.185492 0.762373
0 0.442882 0.484368 0.263923 0.801708
0 0.195216 0.48953 0.251754 0.820431
0 0.694884 0.493035 0.262704 0.798435
0 0.906753 0.527952 0.185492 0.762373
0 0.0389486 0.504361 0.0760118 0.797511
0 0.442882 0.484368 0.263923 0.801708
0 0.195216 0.48953 0.251754 0.820431
0 0.694884 0.493035 0.262704 0.798435
0 0.906753 0.527952 0.185492 0.762373
0 0.442882 0.484368 0.263923 0.801708
0 0.195216 0.48953 0.251754 0.820431
0 0.694884 0.493035 0.262704 0.798435
0 0.906753 0.527952 0.185492 0.762373
