0 0.877895 0.500495 0.196138 0.94515
0 0.563779 0.595303 0.122323 0.766299
0 0.114532 0.579221 0.202093 0.839798
0 0.694728 0.59414 0.165008 0.789319
0 0.25378 0.604199 0.121882 0.77124
0 0.406518 0.59878 0.231716 0.769137
0 0.877895 0.500495 0.196138 0.94515
0 0.563779 0.595303 0.122323 0.766299
0 0.114532 0.579221 0.202093 0.839798
0 0.694728 0.59414 0.165008 0.789319
0 0.25378 0.604199 0.121882 0.77124
0 0.406518 0.59878 0.231716 0.769137
0 0.877895 0.500495 0.196138 0.94515
0 0.563779 0.595303 0.122323 0.766299
0 0.114532 0.579221 0.202093 0.839798
0 0.694728 0.59414 0.165008 0.789319
0 0.25378 0.604199 0.121882 0.77124
0 0.406518 0.59878 0.231716 0.769137
0 0.684771 0.593907 0.140407 0.712904
0 0.354156 0.551602 0.121536 0.623661
0 0.878467 0.466434 0.187472 0.873298
0 0.250133 0.563778 0.115244 0.636187
0 0.459223 0.580414 0.112162 0.684286
0 0.56418 0.595606 0.120938 0.717296
0 0.684771 0.593907 0.140407 0.712904
0 0.354156 0.551602 0.121536 0.623661
0 0.878467 0.466434 0.187472 0.873298
0 0.250133 0.563778 0.115244 0.636187
0 0.459223 0.580414 0.112162 0.684286
0 0.56418 0.595606 0.120938 0.717296
0 0.988242 0.497573 0.0235162 0.995146
0 0.0197002 0.528708 0.0394004 0.942584
0 0.684771 0.593907 0.140407 0.712904
0 0.354156 0.551602 0.121536 0.623661
0 0.878467 0.466434 0.187472 0.873298
0 0.250133 0.563778 0.115244 0.636187
0 0.459223 0.580414 0.112162 0.684286
0 0.56418 0.595606 0.120938 0.717296
0 0.684771 0.593907 0.140407 0.712904
0 0.354156 0.551602 0.121536 0.623661
0 0.878467 0.466434 0.187472 0.873298
0 0.250133 0.563778 0.115244 0.636187
0 0.459223 0.580414 0.112162 0.684286
0 0.56418 0.595606 0.120938 0.717296
