0 0.31362 0.511191 0.0655998 0.751782
0 0.610776 0.603903 0.0552565 0.662102
0 0.666848 0.615756 0.0588618 0.662336
0 0.77874 0.645301 0.0575425 0.656622
0 0.723823 0.630378 0.0572088 0.651625
0 0.113887 0.441622 0.0713383 0.779252
0 0.0454828 0.427001 0.072334 0.800629
0 0.183679 0.46402 0.0706888 0.797167
0 0.832924 0.665314 0.0559696 0.655949
0 0.249163 0.49606 0.0670701 0.800012
0 0.499089 0.543745 0.05945 0.716354
0 0.555972 0.571495 0.0580945 0.66982
0 0.379422 0.53214 0.0666251 0.71798
0 0.93888 0.686385 0.0495972 0.62723
0 0.887811 0.680871 0.0533456 0.638259
0 0.440093 0.535098 0.0594813 0.734358
0 0.439898 0.539005 0.0604463 0.730422
0 0.98145 0.675621 0.0369751 0.648759
0 0.00722672 0.427936 0.0143613 0.806174
0 0.888406 0.676456 0.0538198 0.647088
0 0.31362 0.511191 0.0655998 0.751782
0 0.610776 0.603903 0.0552565 0.662102
0 0.666848 0.615756 0.0588618 0.662336
0 0.77874 0.645301 0.0575425 0.656622
0 0.723823 0.630378 0.0572088 0.651625
0 0.113887 0.441622 0.0713383 0.779252
0 0.0454828 0.427001 0.072334 0.800629
0 0.183679 0.46402 0.0706888 0.797167
0 0.832924 0.665314 0.0559696 0.655949
0 0.249163 0.49606 0.0670701 0.800012
0 0.499089 0.543745 0.05945 0.716354
0 0.555972 0.571495 0.0580945 0.66982
0 0.379422 0.53214 0.0666251 0.71798
0 0.93888 0.686385 0.0495972 0.62723
0 0.887811 0.680871 0.0533456 0.638259
0 0.440093 0.535098 0.0594813 0.734358
0 0.439898 0.539005 0.0604463 0.730422
0 0.98145 0.675621 0.0369751 0.648759
0 0.00722672 0.427936 0.0143613 0.806174
0 0.888406 0.676456 0.0538198 0.647088
0 0.31362 0.511191 0.0655998 0.751782
0 0.610776 0.603903 0.0552565 0.662102
0 0.666848 0.615756 0.0588618 0.662336
0 0.77874 0.645301 0.0575425 0.656622
0 0.723823 0.630378 0.0572088 0.651625
0 0.113887 0.441622 0.0713383 0.779252
0 0.0454828 0.427001 0.072334 0.800629
0 0.183679 0.46402 0.0706888 0.797167
0 0.832924 0.665314 0.0559696 0.655949
0 0.249163 0.49606 0.0670701 0.800012
0 0.499089 0.543745 0.05945 0.716354
0 0.555972 0.571495 0.0580945 0.66982
0 0.379422 0.53214 0.0666251 0.71798
0 0.93888 0.686385 0.0495972 0.62723
0 0.887811 0.680871 0.0533456 0.638259
0 0.440093 0.535098 0.0594813 0.734358
0 0.439898 0.539005 0.0604463 0.730422
0 0.98145 0.675621 0.0369751 0.648759
0 0.00722672 0.427936 0.0143613 0.806174
0 0.888406 0.676456 0.0538198 0.647088
0 0.498276 0.548116 0.0612219 0.707598
0 0.938996 0.692634 0.0565869 0.614732
0 0.887095 0.67899 0.0590651 0.64202
0 0.778598 0.650274 0.0600774 0.668982
0 0.379429 0.539818 0.0660145 0.724323
0 0.182964 0.468613 0.0721102 0.790228
0 0.723677 0.634861 0.0592755 0.658618
0 0.313144 0.510598 0.0686699 0.764013
0 0.833643 0.667681 0.0598826 0.664638
0 0.113195 0.447568 0.0730007 0.782345
0 0.666288 0.615206 0.0594808 0.668099
0 0.248587 0.496768 0.0686487 0.796453
0 0.55526 0.583052 0.0594764 0.671451
0 0.981056 0.696736 0.0378858 0.606528
0 0.439434 0.534816 0.0624801 0.745709
0 0.0450318 0.447524 0.0726773 0.843432
0 0.00679372 0.422185 0.0135874 0.803233
0 0.611099 0.593352 0.0587171 0.665028
0 0.439917 0.532541 0.0619408 0.737441
0 0.498276 0.548116 0.0612219 0.707598
0 0.938996 0.692634 0.0565869 0.614732
0 0.887095 0.67899 0.0590651 0.64202
0 0.778598 0.650274 0.0600774 0.668982
0 0.379429 0.539818 0.0660145 0.724323
0 0.182964 0.468613 0.0721102 0.790228
0 0.723677 0.634861 0.0592755 0.658618
0 0.313144 0.510598 0.0686699 0.764013
0 0.833643 0.667681 0.0598826 0.664638
0 0.113195 0.447568 0.0730007 0.782345
0 0.666288 0.615206 0.0594808 0.668099
0 0.248587 0.496768 0.0686487 0.796453
0 0.55526 0.583052 0.0594764 0.671451
0 0.981056 0.696736 0.0378858 0.606528
0 0.439434 0.534816 0.0624801 0.745709
0 0.0450318 0.447524 0.0726773 0.843432
0 0.00679372 0.422185 0.0135874 0.803233
0 0.611099 0.593352 0.0587171 0.665028
0 0.439917 0.532541 0.0619408 0.737441
0 0.00841434 0.429204 0.0168287 0.8172
0 0.498276 0.548116 0.0612219 0.707598
0 0.938996 0.692634 0.0565869 0.614732
0 0.887095 0.67899 0.0590651 0.64202
0 0.778598 0.650274 0.0600774 0.668982
0 0.379429 0.539818 0.0660145 0.724323
0 0.182964 0.468613 0.0721102 0.790228
0 0.723677 0.634861 0.0592755 0.658618
0 0.313144 0.510598 0.0686699 0.764013
0 0.833643 0.667681 0.0598826 0.664638
0 0.113195 0.447568 0.0730007 0.782345
0 0.666288 0.615206 0.0594808 0.668099
0 0.248587 0.496768 0.0686487 0.796453
0 0.55526 0.583052 0.0594764 0.671451
0 0.981056 0.696736 0.0378858 0.606528
0 0.439434 0.534816 0.0624801 0.745709
0 0.0450318 0.447524 0.0726773 0.843432
0 0.00679372 0.422185 0.0135874 0.803233
0 0.611099 0.593352 0.0587171 0.665028
0 0.439917 0.532541 0.0619408 0.737441
