0 0.593334 0.498842 0.0842801 0.729595
0 0.506614 0.509135 0.0844923 0.68086
0 0.420307 0.484157 0.0863601 0.679827
0 0.677591 0.544107 0.0823945 0.682029
0 0.0750499 0.404121 0.0928659 0.697058
0 0.333971 0.439688 0.0881068 0.726026
0 0.24598 0.416299 0.0866935 0.743575
0 0.848425 0.555836 0.084289 0.730636
0 0.987261 0.582822 0.0253261 0.72158
0 0.764043 0.532243 0.0852533 0.725165
0 0.013711 0.385626 0.0272504 0.687769
0 0.164251 0.440389 0.0791653 0.680636
0 0.931314 0.561189 0.0810955 0.750842
0 0.164546 0.437116 0.0804226 0.689508
0 0.593334 0.498842 0.0842801 0.729595
0 0.506614 0.509135 0.0844923 0.68086
0 0.420307 0.484157 0.0863601 0.679827
0 0.677591 0.544107 0.0823945 0.682029
0 0.0750499 0.404121 0.0928659 0.697058
0 0.333971 0.439688 0.0881068 0.726026
0 0.24598 0.416299 0.0866935 0.743575
0 0.848425 0.555836 0.084289 0.730636
0 0.987261 0.582822 0.0253261 0.72158
0 0.764043 0.532243 0.0852533 0.725165
0 0.013711 0.385626 0.0272504 0.687769
0 0.164251 0.440389 0.0791653 0.680636
0 0.931314 0.561189 0.0810955 0.750842
0 0.164546 0.437116 0.0804226 0.689508
0 0.593334 0.498842 0.0842801 0.729595
0 0.506614 0.509135 0.0844923 0.68086
0 0.420307 0.484157 0.0863601 0.679827
0 0.677591 0.544107 0.0823945 0.682029
0 0.0750499 0.404121 0.0928659 0.697058
0 0.333971 0.439688 0.0881068 0.726026
0 0.24598 0.416299 0.0866935 0.743575
0 0.848425 0.555836 0.084289 0.730636
0 0.987261 0.582822 0.0253261 0.72158
0 0.764043 0.532243 0.0852533 0.725165
0 0.013711 0.385626 0.0272504 0.687769
0 0.164251 0.440389 0.0791653 0.680636
0 0.931314 0.561189 0.0810955 0.750842
0 0.164546 0.437116 0.0804226 0.689508
0 0.932391 0.576054 0.0792625 0.753571
0 0.593348 0.497155 0.0817062 0.735493
0 0.333353 0.43475 0.0868644 0.736243
0 0.0746352 0.403551 0.0926072 0.690761
0 0.849243 0.560725 0.0846981 0.736453
0 0.507206 0.50695 0.0838128 0.675505
0 0.677977 0.540999 0.0843579 0.678424
0 0.420389 0.486792 0.0857334 0.671226
0 0.763918 0.537687 0.0845493 0.724623
0 0.163175 0.445892 0.0785304 0.683109
0 0.987114 0.58582 0.0257603 0.718633
0 0.014831 0.396185 0.029662 0.702425
0 0.245113 0.42145 0.085756 0.745424
0 0.932391 0.576054 0.0792625 0.753571
0 0.593348 0.497155 0.0817062 0.735493
0 0.333353 0.43475 0.0868644 0.736243
0 0.0746352 0.403551 0.0926072 0.690761
0 0.849243 0.560725 0.0846981 0.736453
0 0.507206 0.50695 0.0838128 0.675505
0 0.677977 0.540999 0.0843579 0.678424
0 0.420389 0.486792 0.0857334 0.671226
0 0.763918 0.537687 0.0845493 0.724623
0 0.163175 0.445892 0.0785304 0.683109
0 0.987114 0.58582 0.0257603 0.718633
0 0.014831 0.396185 0.029662 0.702425
0 0.245113 0.42145 0.085756 0.745424
0 0.932391 0.576054 0.0792625 0.753571
0 0.593348 0.497155 0.0817062 0.735493
0 0.333353 0.43475 0.0868644 0.736243
0 0.0746352 0.403551 0.0926072 0.690761
0 0.849243 0.560725 0.0846981 0.736453
0 0.507206 0.50695 0.0838128 0.675505
0 0.677977 0.540999 0.0843579 0.678424
0 0.420389 0.486792 0.0857334 0.671226
0 0.763918 0.537687 0.0845493 0.724623
0 0.163175 0.445892 0.0785304 0.683109
0 0.987114 0.58582 0.0257603 0.718633
0 0.014831 0.396185 0.029662 0.702425
0 0.245113 0.42145 0.085756 0.745424
0 0.932391 0.576054 0.0792625 0.753571
0 0.593348 0.497155 0.0817062 0.735493
0 0.333353 0.43475 0.0868644 0.736243
0 0.0746352 0.403551 0.0926072 0.690761
0 0.849243 0.560725 0.0846981 0.736453
0 0.507206 0.50695 0.0838128 0.675505
0 0.677977 0.540999 0.0843579 0.678424
0 0.420389 0.486792 0.0857334 0.671226
0 0.763918 0.537687 0.0845493 0.724623
0 0.163175 0.445892 0.0785304 0.683109
0 0.987114 0.58582 0.0257603 0.718633
0 0.014831 0.396185 0.029662 0.702425
0 0.245113 0.42145 0.085756 0.745424
