0 0.330993 0.584941 0.189631 0.527974
0 0.684444 0.692256 0.193308 0.507694
0 0.887031 0.666924 0.203834 0.666151
0 0.142124 0.55679 0.200522 0.498571
0 0.503574 0.648968 0.178375 0.506219
0 0.143061 0.559782 0.200452 0.478949
0 0.503787 0.651765 0.177715 0.497906
0 0.330993 0.584941 0.189631 0.527974
0 0.684444 0.692256 0.193308 0.507694
0 0.887031 0.666924 0.203834 0.666151
0 0.142124 0.55679 0.200522 0.498571
0 0.503574 0.648968 0.178375 0.506219
0 0.143061 0.559782 0.200452 0.478949
0 0.503787 0.651765 0.177715 0.497906
0 0.330993 0.584941 0.189631 0.527974
0 0.684444 0.692256 0.193308 0.507694
0 0.887031 0.666924 0.203834 0.666151
0 0.142124 0.55679 0.200522 0.498571
0 0.503574 0.648968 0.178375 0.506219
0 0.143061 0.559782 0.200452 0.478949
0 0.503787 0.651765 0.177715 0.497906
0 0.685333 0.716332 0.18976 0.466408
0 0.33148 0.65893 0.179639 0.525151
0 0.143952 0.624778 0.197097 0.515927
0 0.504105 0.693873 0.174327 0.486164
0 0.88625 0.741023 0.195536 0.517954
0 0.504366 0.697413 0.174083 0.483399
0 0.88664 0.679928 0.197759 0.640143
0 0.685333 0.716332 0.18976 0.466408
0 0.33148 0.65893 0.179639 0.525151
0 0.143952 0.624778 0.197097 0.515927
0 0.504105 0.693873 0.174327 0.486164
0 0.88625 0.741023 0.195536 0.517954
0 0.504366 0.697413 0.174083 0.483399
0 0.88664 0.679928 0.197759 0.640143
0 0.690967 0.595259 0.196309 0.713095
0 0.685333 0.716332 0.18976 0.466408
0 0.33148 0.65893 0.179639 0.525151
0 0.143952 0.624778 0.197097 0.515927
0 0.504105 0.693873 0.174327 0.486164
0 0.88625 0.741023 0.195536 0.517954
0 0.504366 0.697413 0.174083 0.483399
0 0.88664 0.679928 0.197759 0.640143
0 0.685333 0.716332 0.18976 0.466408
0 0.33148 0.65893 0.179639 0.525151
0 0.143952 0.624778 0.197097 0.515927
0 0.504105 0.693873 0.174327 0.486164
0 0.88625 0.741023 0.195536 0.517954
0 0.504366 0.697413 0.174083 0.483399
0 0.88664 0.679928 0.197759 0.640143
