0 0.422556 0.738294 0.274238 0.500826
0 0.155693 0.737764 0.275029 0.493289
0 0.698842 0.737534 0.276435 0.486866
0 0.422556 0.738294 0.274238 0.500826
0 0.155693 0.737764 0.275029 0.493289
0 0.698842 0.737534 0.276435 0.486866
0 0.422556 0.738294 0.274238 0.500826
0 0.155693 0.737764 0.275029 0.493289
0 0.698842 0.737534 0.276435 0.486866
0 0.425949 0.738715 0.270758 0.503115
0 0.157575 0.741683 0.269118 0.507192
0 0.756908 0.743443 0.395662 0.502122
0 0.711907 0.740407 0.297699 0.497604
0 0.425949 0.738715 0.270758 0.503115
0 0.157575 0.741683 0.269118 0.507192
0 0.756908 0.743443 0.395662 0.502122
0 0.711907 0.740407 0.297699 0.497604
0 0.425949 0.738715 0.270758 0.503115
0 0.157575 0.741683 0.269118 0.507192
0 0.756908 0.743443 0.395662 0.502122
0 0.711907 0.740407 0.297699 0.497604
0 0.425949 0.738715 0.270758 0.503115
0 0.157575 0.741683 0.269118 0.507192
0 0.756908 0.743443 0.395662 0.502122
0 0.711907 0.740407 0.297699 0.497604
