0 0.337982 0.555061 0.639644 0.501096
0 0.785533 0.528106 0.428934 0.461284
0 0.505843 0.269138 0.988313 0.522097
0 0.337982 0.555061 0.639644 0.501096
0 0.785533 0.528106 0.428934 0.461284
0 0.505843 0.269138 0.988313 0.522097
0 0.337982 0.555061 0.639644 0.501096
0 0.785533 0.528106 0.428934 0.461284
0 0.505843 0.269138 0.988313 0.522097
0 0.389141 0.499489 0.539319 0.929797
0 0.389141 0.499489 0.539319 0.929797
0 0.952668 0.877986 0.0946643 0.242219
0 0.389141 0.499489 0.539319 0.929797
0 0.389141 0.499489 0.539319 0.929797
