0 0.873751 0.54881 0.205595 0.710789
0 0.396416 0.593485 0.117539 0.724968
0 0.665609 0.509748 0.216213 0.820748
0 0.185825 0.462239 0.0998149 0.358767
0 0.505236 0.629394 0.120847 0.661808
0 0.284015 0.588483 0.111086 0.641034
0 0.28558 0.551658 0.109633 0.496856
0 0.132097 0.527336 0.204367 0.592168
0 0.283358 0.596127 0.111039 0.651105
0 0.873751 0.54881 0.205595 0.710789
0 0.396416 0.593485 0.117539 0.724968
0 0.665609 0.509748 0.216213 0.820748
0 0.185825 0.462239 0.0998149 0.358767
0 0.505236 0.629394 0.120847 0.661808
0 0.284015 0.588483 0.111086 0.641034
0 0.28558 0.551658 0.109633 0.496856
0 0.132097 0.527336 0.204367 0.592168
0 0.283358 0.596127 0.111039 0.651105
0 0.873751 0.54881 0.205595 0.710789
0 0.396416 0.593485 0.117539 0.724968
0 0.665609 0.509748 0.216213 0.820748
0 0.185825 0.462239 0.0998149 0.358767
0 0.505236 0.629394 0.120847 0.661808
0 0.284015 0.588483 0.111086 0.641034
0 0.28558 0.551658 0.109633 0.496856
0 0.132097 0.527336 0.204367 0.592168
0 0.283358 0.596127 0.111039 0.651105
0 0.184666 0.552958 0.0938546 0.503628
0 0.0881641 0.543398 0.10212 0.521297
0 0.874236 0.522026 0.199285 0.691746
0 0.660888 0.521532 0.209712 0.774256
0 0.285519 0.62423 0.111838 0.623549
0 0.394374 0.637895 0.108158 0.634024
0 0.019408 0.490359 0.0382873 0.618757
0 0.184666 0.552958 0.0938546 0.503628
0 0.0881641 0.543398 0.10212 0.521297
0 0.874236 0.522026 0.199285 0.691746
0 0.660888 0.521532 0.209712 0.774256
0 0.285519 0.62423 0.111838 0.623549
0 0.394374 0.637895 0.108158 0.634024
0 0.019408 0.490359 0.0382873 0.618757
0 0.396048 0.641045 0.109058 0.627211
0 0.0184597 0.500004 0.0362439 0.606641
0 0.286217 0.612369 0.112221 0.622419
0 0.184666 0.552958 0.0938546 0.503628
0 0.0881641 0.543398 0.10212 0.521297
0 0.874236 0.522026 0.199285 0.691746
0 0.660888 0.521532 0.209712 0.774256
0 0.285519 0.62423 0.111838 0.623549
0 0.394374 0.637895 0.108158 0.634024
0 0.019408 0.490359 0.0382873 0.618757
