0 0.178311 0.482397 0.306971 0.756581
0 0.61448 0.594293 0.337177 0.787717
0 0.35923 0.526512 0.28103 0.791426
0 0.178311 0.482397 0.306971 0.756581
0 0.61448 0.594293 0.337177 0.787717
0 0.35923 0.526512 0.28103 0.791426
0 0.178311 0.482397 0.306971 0.756581
0 0.61448 0.594293 0.337177 0.787717
0 0.35923 0.526512 0.28103 0.791426
0 0.354397 0.490406 0.229613 0.713655
0 0.155616 0.446249 0.21519 0.709152
0 0.604632 0.581829 0.261175 0.795775
0 0.354397 0.490406 0.229613 0.713655
0 0.155616 0.446249 0.21519 0.709152
0 0.604632 0.581829 0.261175 0.795775
0 0.354397 0.490406 0.229613 0.713655
0 0.155616 0.446249 0.21519 0.709152
0 0.604632 0.581829 0.261175 0.795775
0 0.354397 0.490406 0.229613 0.713655
0 0.155616 0.446249 0.21519 0.709152
0 0.604632 0.581829 0.261175 0.795775
