0 0.973716 0.731354 0.052567 0.500638
0 0.0932409 0.581055 0.0593671 0.521719
0 0.364549 0.657099 0.0616776 0.5178
0 0.315481 0.654064 0.0518275 0.50843
0 0.269714 0.632842 0.0520624 0.487832
0 0.417973 0.703046 0.0602123 0.455076
0 0.920636 0.702849 0.061568 0.556748
0 0.146189 0.561797 0.0667314 0.60021
0 0.146648 0.547651 0.0675365 0.623411
0 0.0100133 0.649376 0.0198292 0.433888
0 0.973716 0.731354 0.052567 0.500638
0 0.0932409 0.581055 0.0593671 0.521719
0 0.364549 0.657099 0.0616776 0.5178
0 0.315481 0.654064 0.0518275 0.50843
0 0.269714 0.632842 0.0520624 0.487832
0 0.417973 0.703046 0.0602123 0.455076
0 0.920636 0.702849 0.061568 0.556748
0 0.146189 0.561797 0.0667314 0.60021
0 0.146648 0.547651 0.0675365 0.623411
0 0.0100133 0.649376 0.0198292 0.433888
0 0.973716 0.731354 0.052567 0.500638
0 0.0932409 0.581055 0.0593671 0.521719
0 0.364549 0.657099 0.0616776 0.5178
0 0.315481 0.654064 0.0518275 0.50843
0 0.269714 0.632842 0.0520624 0.487832
0 0.417973 0.703046 0.0602123 0.455076
0 0.920636 0.702849 0.061568 0.556748
0 0.146189 0.561797 0.0667314 0.60021
0 0.146648 0.547651 0.0675365 0.623411
0 0.0100133 0.649376 0.0198292 0.433888
0 0.921146 0.692686 0.0604112 0.58787
0 0.316181 0.657358 0.0449815 0.497661
0 0.975265 0.741645 0.0494704 0.479151
0 0.145873 0.543118 0.0588612 0.630756
0 0.363016 0.65943 0.0543871 0.511959
0 0.65573 0.313869 0.138803 0.374474
0 0.0936885 0.552259 0.0511941 0.578516
0 0.203428 0.594737 0.0563287 0.511622
0 0.498749 0.304278 0.174723 0.3934
0 0.045565 0.574317 0.0488582 0.522891
0 0.272805 0.630389 0.0501085 0.505383
0 0.415156 0.705483 0.0503758 0.436006
0 0.0122805 0.545151 0.024561 0.552583
0 0.921146 0.692686 0.0604112 0.58787
0 0.316181 0.657358 0.0449815 0.497661
0 0.975265 0.741645 0.0494704 0.479151
0 0.145873 0.543118 0.0588612 0.630756
0 0.363016 0.65943 0.0543871 0.511959
0 0.65573 0.313869 0.138803 0.374474
0 0.0936885 0.552259 0.0511941 0.578516
0 0.203428 0.594737 0.0563287 0.511622
0 0.498749 0.304278 0.174723 0.3934
0 0.045565 0.574317 0.0488582 0.522891
0 0.272805 0.630389 0.0501085 0.505383
0 0.415156 0.705483 0.0503758 0.436006
0 0.0122805 0.545151 0.024561 0.552583
0 0.271217 0.630464 0.0474461 0.502034
0 0.803807 0.484147 0.141235 0.390872
0 0.921146 0.692686 0.0604112 0.58787
0 0.316181 0.657358 0.0449815 0.497661
0 0.975265 0.741645 0.0494704 0.479151
0 0.145873 0.543118 0.0588612 0.630756
0 0.363016 0.65943 0.0543871 0.511959
0 0.65573 0.313869 0.138803 0.374474
0 0.0936885 0.552259 0.0511941 0.578516
0 0.203428 0.594737 0.0563287 0.511622
0 0.498749 0.304278 0.174723 0.3934
0 0.045565 0.574317 0.0488582 0.522891
0 0.272805 0.630389 0.0501085 0.505383
0 0.415156 0.705483 0.0503758 0.436006
0 0.0122805 0.545151 0.024561 0.552583
0 0.921146 0.692686 0.0604112 0.58787
0 0.316181 0.657358 0.0449815 0.497661
0 0.975265 0.741645 0.0494704 0.479151
0 0.145873 0.543118 0.0588612 0.630756
0 0.363016 0.65943 0.0543871 0.511959
0 0.65573 0.313869 0.138803 0.374474
0 0.0936885 0.552259 0.0511941 0.578516
0 0.203428 0.594737 0.0563287 0.511622
0 0.498749 0.304278 0.174723 0.3934
0 0.045565 0.574317 0.0488582 0.522891
0 0.272805 0.630389 0.0501085 0.505383
0 0.415156 0.705483 0.0503758 0.436006
0 0.0122805 0.545151 0.024561 0.552583
