0 0.131848 0.739029 0.211262 0.487909
0 0.348097 0.730213 0.210254 0.477598
0 0.614645 0.552219 0.226197 0.809752
0 0.872088 0.747704 0.151749 0.390818
0 0.131848 0.739029 0.211262 0.487909
0 0.348097 0.730213 0.210254 0.477598
0 0.614645 0.552219 0.226197 0.809752
0 0.872088 0.747704 0.151749 0.390818
0 0.131848 0.739029 0.211262 0.487909
0 0.348097 0.730213 0.210254 0.477598
0 0.614645 0.552219 0.226197 0.809752
0 0.872088 0.747704 0.151749 0.390818
0 0.349417 0.589121 0.211948 0.7734
0 0.135917 0.598297 0.215922 0.78011
0 0.839737 0.555871 0.213024 0.78232
0 0.622071 0.558173 0.200236 0.792403
0 0.349417 0.589121 0.211948 0.7734
0 0.135917 0.598297 0.215922 0.78011
0 0.839737 0.555871 0.213024 0.78232
0 0.622071 0.558173 0.200236 0.792403
0 0.349417 0.589121 0.211948 0.7734
0 0.135917 0.598297 0.215922 0.78011
0 0.839737 0.555871 0.213024 0.78232
0 0.622071 0.558173 0.200236 0.792403
