0 0.416463 0.543901 0.100614 0.815818
0 0.219915 0.520013 0.100594 0.826225
0 0.519969 0.554473 0.098884 0.800859
0 0.0352654 0.517871 0.0705309 0.818867
0 0.707415 0.476218 0.0876812 0.952435
0 0.804109 0.478607 0.0963068 0.957214
0 0.901477 0.47943 0.104668 0.958859
0 0.620947 0.476572 0.0867378 0.953145
0 0.119627 0.521367 0.101526 0.836813
0 0.318956 0.53633 0.0990512 0.806015
0 0.971389 0.489698 0.0572225 0.979396
0 0.319371 0.536876 0.101171 0.816906
0 0.119429 0.521234 0.100162 0.822216
0 0.416463 0.543901 0.100614 0.815818
0 0.219915 0.520013 0.100594 0.826225
0 0.519969 0.554473 0.098884 0.800859
0 0.0352654 0.517871 0.0705309 0.818867
0 0.707415 0.476218 0.0876812 0.952435
0 0.804109 0.478607 0.0963068 0.957214
0 0.901477 0.47943 0.104668 0.958859
0 0.620947 0.476572 0.0867378 0.953145
0 0.119627 0.521367 0.101526 0.836813
0 0.318956 0.53633 0.0990512 0.806015
0 0.971389 0.489698 0.0572225 0.979396
0 0.319371 0.536876 0.101171 0.816906
0 0.119429 0.521234 0.100162 0.822216
0 0.416463 0.543901 0.100614 0.815818
0 0.219915 0.520013 0.100594 0.826225
0 0.519969 0.554473 0.098884 0.800859
0 0.0352654 0.517871 0.0705309 0.818867
0 0.707415 0.476218 0.0876812 0.952435
0 0.804109 0.478607 0.0963068 0.957214
0 0.901477 0.47943 0.104668 0.958859
0 0.620947 0.476572 0.0867378 0.953145
0 0.119627 0.521367 0.101526 0.836813
0 0.318956 0.53633 0.0990512 0.806015
0 0.971389 0.489698 0.0572225 0.979396
0 0.319371 0.536876 0.101171 0.816906
0 0.119429 0.521234 0.100162 0.822216
0 0.0356142 0.521495 0.0712285 0.81265
0 0.120021 0.522225 0.101462 0.820318
0 0.416684 0.545795 0.098891 0.797906
0 0.319284 0.533774 0.0993806 0.805971
0 0.22043 0.522978 0.102034 0.826299
0 0.521897 0.556193 0.102638 0.789698
0 0.902638 0.473124 0.101223 0.946247
0 0.973031 0.472869 0.0539382 0.945738
0 0.711657 0.471189 0.0889597 0.942378
0 0.0356142 0.521495 0.0712285 0.81265
0 0.120021 0.522225 0.101462 0.820318
0 0.416684 0.545795 0.098891 0.797906
0 0.319284 0.533774 0.0993806 0.805971
0 0.22043 0.522978 0.102034 0.826299
0 0.521897 0.556193 0.102638 0.789698
0 0.902638 0.473124 0.101223 0.946247
0 0.973031 0.472869 0.0539382 0.945738
0 0.711657 0.471189 0.0889597 0.942378
0 0.80131 0.733557 0.0882355 0.431166
0 0.709053 0.72516 0.086253 0.436571
0 0.616684 0.721818 0.0860552 0.44464
0 0.618733 0.663724 0.0869298 0.562222
0 0.0356142 0.521495 0.0712285 0.81265
0 0.120021 0.522225 0.101462 0.820318
0 0.416684 0.545795 0.098891 0.797906
0 0.319284 0.533774 0.0993806 0.805971
0 0.22043 0.522978 0.102034 0.826299
0 0.521897 0.556193 0.102638 0.789698
0 0.902638 0.473124 0.101223 0.946247
0 0.973031 0.472869 0.0539382 0.945738
0 0.711657 0.471189 0.0889597 0.942378
