0 0.645596 0.611969 0.218175 0.708583
0 0.848171 0.608186 0.21232 0.716673
0 0.36203 0.591436 0.142408 0.652861
0 0.482448 0.595567 0.138771 0.659913
0 0.645596 0.611969 0.218175 0.708583
0 0.848171 0.608186 0.21232 0.716673
0 0.36203 0.591436 0.142408 0.652861
0 0.482448 0.595567 0.138771 0.659913
0 0.645596 0.611969 0.218175 0.708583
0 0.848171 0.608186 0.21232 0.716673
0 0.36203 0.591436 0.142408 0.652861
0 0.482448 0.595567 0.138771 0.659913
0 0.648363 0.494884 0.222972 0.966903
0 0.251883 0.588304 0.129323 0.610393
0 0.484388 0.592084 0.13567 0.627512
0 0.85341 0.488231 0.229272 0.971579
0 0.364874 0.577506 0.131398 0.622436
0 0.138232 0.600081 0.129653 0.611887
0 0.139345 0.6013 0.12929 0.609321
0 0.648363 0.494884 0.222972 0.966903
0 0.251883 0.588304 0.129323 0.610393
0 0.484388 0.592084 0.13567 0.627512
0 0.85341 0.488231 0.229272 0.971579
0 0.364874 0.577506 0.131398 0.622436
0 0.138232 0.600081 0.129653 0.611887
0 0.139345 0.6013 0.12929 0.609321
0 0.363214 0.578443 0.130614 0.623788
0 0.648363 0.494884 0.222972 0.966903
0 0.251883 0.588304 0.129323 0.610393
0 0.484388 0.592084 0.13567 0.627512
0 0.85341 0.488231 0.229272 0.971579
0 0.364874 0.577506 0.131398 0.622436
0 0.138232 0.600081 0.129653 0.611887
0 0.139345 0.6013 0.12929 0.609321
