0 0.600745 0.526892 0.361118 0.361668
0 0.869085 0.57572 0.181153 0.838036
0 0.215433 0.525571 0.346231 0.342391
0 0.600745 0.526892 0.361118 0.361668
0 0.869085 0.57572 0.181153 0.838036
0 0.215433 0.525571 0.346231 0.342391
0 0.600745 0.526892 0.361118 0.361668
0 0.869085 0.57572 0.181153 0.838036
0 0.215433 0.525571 0.346231 0.342391
0 0.871841 0.59173 0.167536 0.783707
0 0.216915 0.517534 0.362837 0.350367
0 0.594693 0.527292 0.354585 0.375227
0 0.597374 0.527125 0.354183 0.375314
0 0.871841 0.59173 0.167536 0.783707
0 0.216915 0.517534 0.362837 0.350367
0 0.594693 0.527292 0.354585 0.375227
0 0.597374 0.527125 0.354183 0.375314
0 0.871841 0.59173 0.167536 0.783707
0 0.216915 0.517534 0.362837 0.350367
0 0.594693 0.527292 0.354585 0.375227
0 0.597374 0.527125 0.354183 0.375314
