0 0.601676 0.508622 0.229901 0.927436
0 0.161413 0.503159 0.233917 0.907559
0 0.383936 0.498502 0.22322 0.934524
0 0.826522 0.509632 0.236547 0.915281
0 0.601676 0.508622 0.229901 0.927436
0 0.161413 0.503159 0.233917 0.907559
0 0.383936 0.498502 0.22322 0.934524
0 0.826522 0.509632 0.236547 0.915281
0 0.601676 0.508622 0.229901 0.927436
0 0.161413 0.503159 0.233917 0.907559
0 0.383936 0.498502 0.22322 0.934524
0 0.826522 0.509632 0.236547 0.915281
0 0.603928 0.510193 0.227837 0.938052
0 0.830706 0.511468 0.234279 0.921675
0 0.163363 0.507879 0.234147 0.9209
0 0.386718 0.520363 0.221257 0.908616
0 0.603928 0.510193 0.227837 0.938052
0 0.830706 0.511468 0.234279 0.921675
0 0.163363 0.507879 0.234147 0.9209
0 0.386718 0.520363 0.221257 0.908616
0 0.603928 0.510193 0.227837 0.938052
0 0.830706 0.511468 0.234279 0.921675
0 0.163363 0.507879 0.234147 0.9209
0 0.386718 0.520363 0.221257 0.908616
0 0.603928 0.510193 0.227837 0.938052
0 0.830706 0.511468 0.234279 0.921675
0 0.163363 0.507879 0.234147 0.9209
0 0.386718 0.520363 0.221257 0.908616
