0 0.173229 0.554228 0.342687 0.785092
0 0.917141 0.747936 0.0992144 0.396569
0 0.453632 0.316949 0.206365 0.271639
0 0.916152 0.745032 0.0993111 0.399844
0 0.173229 0.554228 0.342687 0.785092
0 0.917141 0.747936 0.0992144 0.396569
0 0.453632 0.316949 0.206365 0.271639
0 0.916152 0.745032 0.0993111 0.399844
0 0.173229 0.554228 0.342687 0.785092
0 0.917141 0.747936 0.0992144 0.396569
0 0.453632 0.316949 0.206365 0.271639
0 0.916152 0.745032 0.0993111 0.399844
0 0.489906 0.695465 0.329684 0.54811
0 0.149097 0.68718 0.293158 0.504873
0 0.839809 0.703794 0.28436 0.528874
0 0.475021 0.123738 0.16897 0.192462
0 0.162577 0.315117 0.310383 0.260471
0 0.489906 0.695465 0.329684 0.54811
0 0.149097 0.68718 0.293158 0.504873
0 0.839809 0.703794 0.28436 0.528874
0 0.475021 0.123738 0.16897 0.192462
0 0.162577 0.315117 0.310383 0.260471
0 0.7903 0.117353 0.252725 0.209531
0 0.489906 0.695465 0.329684 0.54811
0 0.149097 0.68718 0.293158 0.504873
0 0.839809 0.703794 0.28436 0.528874
0 0.475021 0.123738 0.16897 0.192462
0 0.162577 0.315117 0.310383 0.260471
0 0.489906 0.695465 0.329684 0.54811
0 0.149097 0.68718 0.293158 0.504873
0 0.839809 0.703794 0.28436 0.528874
0 0.475021 0.123738 0.16897 0.192462
0 0.162577 0.315117 0.310383 0.260471
