0 0.78027 0.50915 0.316762 0.931761
0 0.379236 0.530155 0.238203 0.884203
0 0.568172 0.522134 0.235421 0.922842
0 0.930714 0.475877 0.138572 0.937938
0 0.143098 0.541925 0.272686 0.902144
0 0.78027 0.50915 0.316762 0.931761
0 0.379236 0.530155 0.238203 0.884203
0 0.568172 0.522134 0.235421 0.922842
0 0.930714 0.475877 0.138572 0.937938
0 0.143098 0.541925 0.272686 0.902144
0 0.78027 0.50915 0.316762 0.931761
0 0.379236 0.530155 0.238203 0.884203
0 0.568172 0.522134 0.235421 0.922842
0 0.930714 0.475877 0.138572 0.937938
0 0.143098 0.541925 0.272686 0.902144
0 0.377932 0.531714 0.215018 0.889746
0 0.562687 0.526229 0.193607 0.919157
0 0.143029 0.542386 0.256729 0.890487
0 0.782686 0.506842 0.287645 0.912347
0 0.93596 0.453476 0.12808 0.899734
0 0.937 0.457738 0.124687 0.91247
0 0.377932 0.531714 0.215018 0.889746
0 0.562687 0.526229 0.193607 0.919157
0 0.143029 0.542386 0.256729 0.890487
0 0.782686 0.506842 0.287645 0.912347
0 0.93596 0.453476 0.12808 0.899734
0 0.937 0.457738 0.124687 0.91247
0 0.377932 0.531714 0.215018 0.889746
0 0.562687 0.526229 0.193607 0.919157
0 0.143029 0.542386 0.256729 0.890487
0 0.782686 0.506842 0.287645 0.912347
0 0.93596 0.453476 0.12808 0.899734
0 0.937 0.457738 0.124687 0.91247
