0 0.35703 0.824165 0.569683 0.336308
0 0.790858 0.827717 0.418283 0.338709
0 0.872688 0.427149 0.254625 0.370082
0 0.35703 0.824165 0.569683 0.336308
0 0.790858 0.827717 0.418283 0.338709
0 0.872688 0.427149 0.254625 0.370082
0 0.35703 0.824165 0.569683 0.336308
0 0.790858 0.827717 0.418283 0.338709
0 0.872688 0.427149 0.254625 0.370082
0 0.471462 0.369194 0.578448 0.456689
0 0.349732 0.82448 0.593782 0.334811
0 0.798161 0.823319 0.403678 0.332148
0 0.351239 0.824183 0.591143 0.33642
0 0.914612 0.386688 0.170776 0.405442
0 0.075453 0.467893 0.150906 0.281712
0 0.471462 0.369194 0.578448 0.456689
0 0.349732 0.82448 0.593782 0.334811
0 0.798161 0.823319 0.403678 0.332148
0 0.351239 0.824183 0.591143 0.33642
0 0.914612 0.386688 0.170776 0.405442
0 0.075453 0.467893 0.150906 0.281712
0 0.0343341 0.808545 0.0686681 0.334186
0 0.909312 0.382996 0.181377 0.4256
0 0.471462 0.369194 0.578448 0.456689
0 0.349732 0.82448 0.593782 0.334811
0 0.798161 0.823319 0.403678 0.332148
0 0.351239 0.824183 0.591143 0.33642
0 0.914612 0.386688 0.170776 0.405442
0 0.075453 0.467893 0.150906 0.281712
0 0.471462 0.369194 0.578448 0.456689
0 0.349732 0.82448 0.593782 0.334811
0 0.798161 0.823319 0.403678 0.332148
0 0.351239 0.824183 0.591143 0.33642
0 0.914612 0.386688 0.170776 0.405442
0 0.075453 0.467893 0.150906 0.281712
