0 0.872544 0.596156 0.253725 0.742506
0 0.0325735 0.690911 0.0645505 0.606723
0 0.65648 0.610756 0.260365 0.745754
0 0.117636 0.675702 0.133634 0.56105
0 0.872544 0.596156 0.253725 0.742506
0 0.0325735 0.690911 0.0645505 0.606723
0 0.65648 0.610756 0.260365 0.745754
0 0.117636 0.675702 0.133634 0.56105
0 0.872544 0.596156 0.253725 0.742506
0 0.0325735 0.690911 0.0645505 0.606723
0 0.65648 0.610756 0.260365 0.745754
0 0.117636 0.675702 0.133634 0.56105
0 0.661022 0.609087 0.241745 0.756952
0 0.875933 0.60158 0.248134 0.74927
0 0.348821 0.69205 0.374107 0.598391
0 0.0317708 0.69842 0.0627414 0.60316
0 0.297498 0.697988 0.480431 0.604024
0 0.0321862 0.703897 0.0641711 0.592206
0 0.661022 0.609087 0.241745 0.756952
0 0.875933 0.60158 0.248134 0.74927
0 0.348821 0.69205 0.374107 0.598391
0 0.0317708 0.69842 0.0627414 0.60316
0 0.297498 0.697988 0.480431 0.604024
0 0.0321862 0.703897 0.0641711 0.592206
0 0.284379 0.700016 0.46916 0.597981
0 0.117675 0.684171 0.129487 0.564781
