0 0.689237 0.373163 0.123483 0.279399
0 0.327111 0.736976 0.11834 0.441176
0 0.68614 0.741112 0.119634 0.436132
0 0.566642 0.388703 0.122764 0.269699
0 0.810815 0.57182 0.134912 0.754292
0 0.91659 0.553671 0.122777 0.757652
0 0.105338 0.532698 0.125242 0.782634
0 0.818266 0.369272 0.121443 0.245649
0 0.213321 0.553133 0.122636 0.784864
0 0.926691 0.339012 0.095088 0.272316
0 0.802232 0.719325 0.118108 0.443984
0 0.689237 0.373163 0.123483 0.279399
0 0.327111 0.736976 0.11834 0.441176
0 0.68614 0.741112 0.119634 0.436132
0 0.566642 0.388703 0.122764 0.269699
0 0.810815 0.57182 0.134912 0.754292
0 0.91659 0.553671 0.122777 0.757652
0 0.105338 0.532698 0.125242 0.782634
0 0.818266 0.369272 0.121443 0.245649
0 0.213321 0.553133 0.122636 0.784864
0 0.926691 0.339012 0.095088 0.272316
0 0.802232 0.719325 0.118108 0.443984
0 0.689237 0.373163 0.123483 0.279399
0 0.327111 0.736976 0.11834 0.441176
0 0.68614 0.741112 0.119634 0.436132
0 0.566642 0.388703 0.122764 0.269699
0 0.810815 0.57182 0.134912 0.754292
0 0.91659 0.553671 0.122777 0.757652
0 0.105338 0.532698 0.125242 0.782634
0 0.818266 0.369272 0.121443 0.245649
0 0.213321 0.553133 0.122636 0.784864
0 0.926691 0.339012 0.095088 0.272316
0 0.802232 0.719325 0.118108 0.443984
0 0.3252 0.511892 0.116344 0.891492
0 0.689755 0.503095 0.121857 0.915405
0 0.808773 0.496221 0.124548 0.905673
0 0.446235 0.521775 0.121683 0.883838
0 0.919046 0.490827 0.117894 0.863577
0 0.213136 0.537918 0.120942 0.792222
0 0.104534 0.52252 0.116951 0.789401
0 0.566663 0.512865 0.123635 0.899812
0 0.213719 0.540331 0.121699 0.78692
0 0.566431 0.503681 0.125603 0.913653
0 0.3252 0.511892 0.116344 0.891492
0 0.689755 0.503095 0.121857 0.915405
0 0.808773 0.496221 0.124548 0.905673
0 0.446235 0.521775 0.121683 0.883838
0 0.919046 0.490827 0.117894 0.863577
0 0.213136 0.537918 0.120942 0.792222
0 0.104534 0.52252 0.116951 0.789401
0 0.566663 0.512865 0.123635 0.899812
0 0.213719 0.540331 0.121699 0.78692
0 0.566431 0.503681 0.125603 0.913653
0 0.921231 0.482058 0.119139 0.874466
0 0.808474 0.493805 0.125753 0.911833
0 0.0233096 0.48559 0.046188 0.842575
