0 0.859004 0.470693 0.255915 0.899696
0 0.429645 0.49002 0.289693 0.93855
0 0.859004 0.470693 0.255915 0.899696
0 0.429645 0.49002 0.289693 0.93855
0 0.859004 0.470693 0.255915 0.899696
0 0.429645 0.49002 0.289693 0.93855
0 0.798108 0.478561 0.357138 0.895839
0 0.178671 0.471943 0.250002 0.924159
0 0.435879 0.468297 0.276212 0.918077
0 0.335958 0.471482 0.546647 0.942964
0 0.798108 0.478561 0.357138 0.895839
0 0.178671 0.471943 0.250002 0.924159
0 0.435879 0.468297 0.276212 0.918077
0 0.335958 0.471482 0.546647 0.942964
0 0.798108 0.478561 0.357138 0.895839
0 0.178671 0.471943 0.250002 0.924159
0 0.435879 0.468297 0.276212 0.918077
0 0.335958 0.471482 0.546647 0.942964
0 0.798108 0.478561 0.357138 0.895839
0 0.178671 0.471943 0.250002 0.924159
0 0.435879 0.468297 0.276212 0.918077
0 0.335958 0.471482 0.546647 0.942964
