0 0.382673 0.432239 0.342603 0.599524
0 0.0793985 0.316895 0.158797 0.598825
0 0.658486 0.559303 0.356662 0.59955
0 0.19335 0.347393 0.155768 0.557444
0 0.876304 0.631447 0.245086 0.666776
0 0.382673 0.432239 0.342603 0.599524
0 0.0793985 0.316895 0.158797 0.598825
0 0.658486 0.559303 0.356662 0.59955
0 0.19335 0.347393 0.155768 0.557444
0 0.876304 0.631447 0.245086 0.666776
0 0.382673 0.432239 0.342603 0.599524
0 0.0793985 0.316895 0.158797 0.598825
0 0.658486 0.559303 0.356662 0.59955
0 0.19335 0.347393 0.155768 0.557444
0 0.876304 0.631447 0.245086 0.666776
0 0.361583 0.423451 0.321957 0.594123
0 0.0866491 0.325023 0.171608 0.619501
0 0.638827 0.537481 0.392257 0.640469
0 0.361583 0.423451 0.321957 0.594123
0 0.0866491 0.325023 0.171608 0.619501
0 0.638827 0.537481 0.392257 0.640469
0 0.875788 0.646426 0.241196 0.622831
0 0.361583 0.423451 0.321957 0.594123
0 0.0866491 0.325023 0.171608 0.619501
0 0.638827 0.537481 0.392257 0.640469
