0 0.875231 0.63779 0.197712 0.63998
0 0.121599 0.54532 0.201624 0.677904
0 0.378818 0.577048 0.109354 0.693238
0 0.273765 0.558255 0.105592 0.647781
0 0.274388 0.575647 0.107336 0.700306
0 0.482827 0.577475 0.105452 0.699208
0 0.703201 0.590777 0.135545 0.721378
0 0.875231 0.63779 0.197712 0.63998
0 0.121599 0.54532 0.201624 0.677904
0 0.378818 0.577048 0.109354 0.693238
0 0.273765 0.558255 0.105592 0.647781
0 0.274388 0.575647 0.107336 0.700306
0 0.482827 0.577475 0.105452 0.699208
0 0.703201 0.590777 0.135545 0.721378
0 0.875231 0.63779 0.197712 0.63998
0 0.121599 0.54532 0.201624 0.677904
0 0.378818 0.577048 0.109354 0.693238
0 0.273765 0.558255 0.105592 0.647781
0 0.274388 0.575647 0.107336 0.700306
0 0.482827 0.577475 0.105452 0.699208
0 0.703201 0.590777 0.135545 0.721378
0 0.589784 0.611528 0.104771 0.670532
0 0.487642 0.600235 0.104372 0.67591
0 0.877464 0.499534 0.197943 0.88908
0 0.274864 0.57607 0.103352 0.650272
0 0.381276 0.588437 0.108201 0.66303
0 0.70235 0.616133 0.124479 0.674119
0 0.589784 0.611528 0.104771 0.670532
0 0.487642 0.600235 0.104372 0.67591
0 0.877464 0.499534 0.197943 0.88908
0 0.274864 0.57607 0.103352 0.650272
0 0.381276 0.588437 0.108201 0.66303
0 0.70235 0.616133 0.124479 0.674119
0 0.589784 0.611528 0.104771 0.670532
0 0.487642 0.600235 0.104372 0.67591
0 0.877464 0.499534 0.197943 0.88908
0 0.274864 0.57607 0.103352 0.650272
0 0.381276 0.588437 0.108201 0.66303
0 0.70235 0.616133 0.124479 0.674119
