0 0.660294 0.555374 0.0681593 0.666749
0 0.346018 0.621856 0.0713887 0.672413
0 0.789644 0.529994 0.0684742 0.689296
0 0.724928 0.542288 0.0710445 0.687994
0 0.277685 0.622569 0.0815131 0.670451
0 0.204024 0.494886 0.0869875 0.927461
0 0.853852 0.529208 0.0686593 0.686927
0 0.918874 0.505734 0.0716203 0.715916
0 0.408898 0.593779 0.0655654 0.684231
0 0.47035 0.594946 0.0669226 0.664213
0 0.597466 0.580053 0.0690292 0.634785
0 0.124578 0.51071 0.087915 0.901211
0 0.532419 0.567189 0.0718758 0.692498
0 0.0470631 0.685848 0.0734851 0.574536
0 0.00903723 0.629785 0.0180745 0.716571
0 0.00852867 0.662608 0.0169321 0.642012
0 0.975595 0.485429 0.0488105 0.73762
0 0.408954 0.600897 0.0649406 0.687342
0 0.660294 0.555374 0.0681593 0.666749
0 0.346018 0.621856 0.0713887 0.672413
0 0.789644 0.529994 0.0684742 0.689296
0 0.724928 0.542288 0.0710445 0.687994
0 0.277685 0.622569 0.0815131 0.670451
0 0.204024 0.494886 0.0869875 0.927461
0 0.853852 0.529208 0.0686593 0.686927
0 0.918874 0.505734 0.0716203 0.715916
0 0.408898 0.593779 0.0655654 0.684231
0 0.47035 0.594946 0.0669226 0.664213
0 0.597466 0.580053 0.0690292 0.634785
0 0.124578 0.51071 0.087915 0.901211
0 0.532419 0.567189 0.0718758 0.692498
0 0.0470631 0.685848 0.0734851 0.574536
0 0.00903723 0.629785 0.0180745 0.716571
0 0.00852867 0.662608 0.0169321 0.642012
0 0.975595 0.485429 0.0488105 0.73762
0 0.408954 0.600897 0.0649406 0.687342
0 0.660294 0.555374 0.0681593 0.666749
0 0.346018 0.621856 0.0713887 0.672413
0 0.789644 0.529994 0.0684742 0.689296
0 0.724928 0.542288 0.0710445 0.687994
0 0.277685 0.622569 0.0815131 0.670451
0 0.204024 0.494886 0.0869875 0.927461
0 0.853852 0.529208 0.0686593 0.686927
0 0.918874 0.505734 0.0716203 0.715916
0 0.408898 0.593779 0.0655654 0.684231
0 0.47035 0.594946 0.0669226 0.664213
0 0.597466 0.580053 0.0690292 0.634785
0 0.124578 0.51071 0.087915 0.901211
0 0.532419 0.567189 0.0718758 0.692498
0 0.0470631 0.685848 0.0734851 0.574536
0 0.00903723 0.629785 0.0180745 0.716571
0 0.00852867 0.662608 0.0169321 0.642012
0 0.975595 0.485429 0.0488105 0.73762
0 0.408954 0.600897 0.0649406 0.687342
0 0.725028 0.53417 0.0692462 0.704665
0 0.85382 0.521173 0.0674233 0.695497
0 0.201859 0.503324 0.0833112 0.906853
0 0.470227 0.5954 0.0663481 0.65671
0 0.91853 0.501382 0.0702148 0.722878
0 0.408844 0.596924 0.0635993 0.668446
0 0.597537 0.558167 0.0662478 0.686681
0 0.6608 0.539983 0.0670397 0.704305
0 0.274965 0.635021 0.0738615 0.645165
0 0.345158 0.627421 0.0705945 0.649894
0 0.97596 0.494955 0.0480793 0.712677
0 0.125439 0.510582 0.0839238 0.903663
0 0.0505226 0.526675 0.0801124 0.905011
0 0.0113129 0.552998 0.0226258 0.871502
0 0.532612 0.565188 0.0675573 0.694735
0 0.789174 0.528719 0.0686242 0.692094
0 0.789457 0.525869 0.0684967 0.688149
0 0.725028 0.53417 0.0692462 0.704665
0 0.85382 0.521173 0.0674233 0.695497
0 0.201859 0.503324 0.0833112 0.906853
0 0.470227 0.5954 0.0663481 0.65671
0 0.91853 0.501382 0.0702148 0.722878
0 0.408844 0.596924 0.0635993 0.668446
0 0.597537 0.558167 0.0662478 0.686681
0 0.6608 0.539983 0.0670397 0.704305
0 0.274965 0.635021 0.0738615 0.645165
0 0.345158 0.627421 0.0705945 0.649894
0 0.97596 0.494955 0.0480793 0.712677
0 0.125439 0.510582 0.0839238 0.903663
0 0.0505226 0.526675 0.0801124 0.905011
0 0.0113129 0.552998 0.0226258 0.871502
0 0.532612 0.565188 0.0675573 0.694735
0 0.789174 0.528719 0.0686242 0.692094
0 0.789457 0.525869 0.0684967 0.688149
0 0.532566 0.5713 0.0666081 0.680397
0 0.725028 0.53417 0.0692462 0.704665
0 0.85382 0.521173 0.0674233 0.695497
0 0.201859 0.503324 0.0833112 0.906853
0 0.470227 0.5954 0.0663481 0.65671
0 0.91853 0.501382 0.0702148 0.722878
0 0.408844 0.596924 0.0635993 0.668446
0 0.597537 0.558167 0.0662478 0.686681
0 0.6608 0.539983 0.0670397 0.704305
0 0.274965 0.635021 0.0738615 0.645165
0 0.345158 0.627421 0.0705945 0.649894
0 0.97596 0.494955 0.0480793 0.712677
0 0.125439 0.510582 0.0839238 0.903663
0 0.0505226 0.526675 0.0801124 0.905011
0 0.0113129 0.552998 0.0226258 0.871502
0 0.532612 0.565188 0.0675573 0.694735
0 0.789174 0.528719 0.0686242 0.692094
0 0.789457 0.525869 0.0684967 0.688149
0 0.725028 0.53417 0.0692462 0.704665
0 0.85382 0.521173 0.0674233 0.695497
0 0.201859 0.503324 0.0833112 0.906853
0 0.470227 0.5954 0.0663481 0.65671
0 0.91853 0.501382 0.0702148 0.722878
0 0.408844 0.596924 0.0635993 0.668446
0 0.597537 0.558167 0.0662478 0.686681
0 0.6608 0.539983 0.0670397 0.704305
0 0.274965 0.635021 0.0738615 0.645165
0 0.345158 0.627421 0.0705945 0.649894
0 0.97596 0.494955 0.0480793 0.712677
0 0.125439 0.510582 0.0839238 0.903663
0 0.0505226 0.526675 0.0801124 0.905011
0 0.0113129 0.552998 0.0226258 0.871502
0 0.532612 0.565188 0.0675573 0.694735
0 0.789174 0.528719 0.0686242 0.692094
0 0.789457 0.525869 0.0684967 0.688149
