0 0.319934 0.643958 0.042843 0.663786
0 0.568577 0.763952 0.0425728 0.449841
0 0.363057 0.668236 0.0393285 0.607247
0 0.273907 0.606736 0.0472488 0.742353
0 0.659059 0.773896 0.0339485 0.435117
0 0.61654 0.315236 0.0399924 0.545239
0 0.0504235 0.515897 0.0461411 0.798812
0 0.403896 0.681124 0.0360994 0.581071
0 0.229255 0.569168 0.041157 0.805351
0 0.613544 0.787589 0.0370616 0.421938
0 0.442457 0.685315 0.0394519 0.587602
0 0.485725 0.678136 0.0391266 0.603609
0 0.138985 0.546641 0.0473327 0.827988
0 0.703144 0.733486 0.0498651 0.51575
0 0.188086 0.555656 0.0434109 0.820574
0 0.969777 0.676572 0.0556825 0.646856
0 0.187897 0.551444 0.0437877 0.818405
0 0.911417 0.684321 0.0463006 0.605764
0 0.0945173 0.435643 0.0408231 0.600388
0 0.861066 0.685024 0.0441128 0.578266
0 0.524932 0.678341 0.0380909 0.597697
0 0.810773 0.690806 0.0463778 0.586881
0 0.0137407 0.540584 0.0270761 0.859294
0 0.75704 0.691964 0.0472995 0.601424
0 0.524116 0.67804 0.0375583 0.598109
0 0.0951205 0.526842 0.0418111 0.808933
0 0.704623 0.727269 0.0475803 0.530024
0 0.0143426 0.536067 0.0286411 0.838569
0 0.442098 0.680248 0.0387556 0.588795
0 0.138873 0.54721 0.0469597 0.818578
0 0.861284 0.68323 0.0435796 0.57998
0 0.319934 0.643958 0.042843 0.663786
0 0.568577 0.763952 0.0425728 0.449841
0 0.363057 0.668236 0.0393285 0.607247
0 0.273907 0.606736 0.0472488 0.742353
0 0.659059 0.773896 0.0339485 0.435117
0 0.61654 0.315236 0.0399924 0.545239
0 0.0504235 0.515897 0.0461411 0.798812
0 0.403896 0.681124 0.0360994 0.581071
0 0.229255 0.569168 0.041157 0.805351
0 0.613544 0.787589 0.0370616 0.421938
0 0.442457 0.685315 0.0394519 0.587602
0 0.485725 0.678136 0.0391266 0.603609
0 0.138985 0.546641 0.0473327 0.827988
0 0.703144 0.733486 0.0498651 0.51575
0 0.188086 0.555656 0.0434109 0.820574
0 0.969777 0.676572 0.0556825 0.646856
0 0.187897 0.551444 0.0437877 0.818405
0 0.911417 0.684321 0.0463006 0.605764
0 0.0945173 0.435643 0.0408231 0.600388
0 0.861066 0.685024 0.0441128 0.578266
0 0.524932 0.678341 0.0380909 0.597697
0 0.810773 0.690806 0.0463778 0.586881
0 0.0137407 0.540584 0.0270761 0.859294
0 0.75704 0.691964 0.0472995 0.601424
0 0.524116 0.67804 0.0375583 0.598109
0 0.0951205 0.526842 0.0418111 0.808933
0 0.704623 0.727269 0.0475803 0.530024
0 0.0143426 0.536067 0.0286411 0.838569
0 0.442098 0.680248 0.0387556 0.588795
0 0.138873 0.54721 0.0469597 0.818578
0 0.861284 0.68323 0.0435796 0.57998
0 0.319934 0.643958 0.042843 0.663786
0 0.568577 0.763952 0.0425728 0.449841
0 0.363057 0.668236 0.0393285 0.607247
0 0.273907 0.606736 0.0472488 0.742353
0 0.659059 0.773896 0.0339485 0.435117
0 0.61654 0.315236 0.0399924 0.545239
0 0.0504235 0.515897 0.0461411 0.798812
0 0.403896 0.681124 0.0360994 0.581071
0 0.229255 0.569168 0.041157 0.805351
0 0.613544 0.787589 0.0370616 0.421938
0 0.442457 0.685315 0.0394519 0.587602
0 0.485725 0.678136 0.0391266 0.603609
0 0.138985 0.546641 0.0473327 0.827988
0 0.703144 0.733486 0.0498651 0.51575
0 0.188086 0.555656 0.0434109 0.820574
0 0.969777 0.676572 0.0556825 0.646856
0 0.187897 0.551444 0.0437877 0.818405
0 0.911417 0.684321 0.0463006 0.605764
0 0.0945173 0.435643 0.0408231 0.600388
0 0.861066 0.685024 0.0441128 0.578266
0 0.524932 0.678341 0.0380909 0.597697
0 0.810773 0.690806 0.0463778 0.586881
0 0.0137407 0.540584 0.0270761 0.859294
0 0.75704 0.691964 0.0472995 0.601424
0 0.524116 0.67804 0.0375583 0.598109
0 0.0951205 0.526842 0.0418111 0.808933
0 0.704623 0.727269 0.0475803 0.530024
0 0.0143426 0.536067 0.0286411 0.838569
0 0.442098 0.680248 0.0387556 0.588795
0 0.138873 0.54721 0.0469597 0.818578
0 0.861284 0.68323 0.0435796 0.57998
0 0.228302 0.567614 0.0462285 0.83231
0 0.404446 0.686532 0.0360988 0.592132
0 0.36228 0.681992 0.0442883 0.617794
0 0.485504 0.682275 0.0422441 0.613343
0 0.186789 0.560446 0.0441941 0.834883
0 0.756702 0.696776 0.051364 0.606448
0 0.442947 0.692924 0.0407425 0.592704
0 0.658901 0.773551 0.0365824 0.451922
0 0.613402 0.782283 0.0431301 0.435435
0 0.319423 0.670627 0.0436399 0.652202
0 0.0512619 0.560162 0.0476082 0.8456
0 0.970775 0.677932 0.0583958 0.644136
0 0.273764 0.633021 0.046143 0.714057
0 0.909966 0.69653 0.0495445 0.60694
0 0.704271 0.747452 0.0517999 0.505096
0 0.859386 0.692682 0.045545 0.583736
0 0.13811 0.560411 0.0496327 0.842363
0 0.568929 0.758883 0.0438631 0.467335
0 0.809802 0.705221 0.0500393 0.589558
0 0.0151539 0.557191 0.0303078 0.867824
0 0.526761 0.693164 0.0382748 0.584237
0 0.228302 0.567614 0.0462285 0.83231
0 0.404446 0.686532 0.0360988 0.592132
0 0.36228 0.681992 0.0442883 0.617794
0 0.485504 0.682275 0.0422441 0.613343
0 0.186789 0.560446 0.0441941 0.834883
0 0.756702 0.696776 0.051364 0.606448
0 0.442947 0.692924 0.0407425 0.592704
0 0.658901 0.773551 0.0365824 0.451922
0 0.613402 0.782283 0.0431301 0.435435
0 0.319423 0.670627 0.0436399 0.652202
0 0.0512619 0.560162 0.0476082 0.8456
0 0.970775 0.677932 0.0583958 0.644136
0 0.273764 0.633021 0.046143 0.714057
0 0.909966 0.69653 0.0495445 0.60694
0 0.704271 0.747452 0.0517999 0.505096
0 0.859386 0.692682 0.045545 0.583736
0 0.13811 0.560411 0.0496327 0.842363
0 0.568929 0.758883 0.0438631 0.467335
0 0.809802 0.705221 0.0500393 0.589558
0 0.0151539 0.557191 0.0303078 0.867824
0 0.526761 0.693164 0.0382748 0.584237
0 0.0947465 0.520699 0.0404692 0.770552
0 0.228302 0.567614 0.0462285 0.83231
0 0.404446 0.686532 0.0360988 0.592132
0 0.36228 0.681992 0.0442883 0.617794
0 0.485504 0.682275 0.0422441 0.613343
0 0.186789 0.560446 0.0441941 0.834883
0 0.756702 0.696776 0.051364 0.606448
0 0.442947 0.692924 0.0407425 0.592704
0 0.658901 0.773551 0.0365824 0.451922
0 0.613402 0.782283 0.0431301 0.435435
0 0.319423 0.670627 0.0436399 0.652202
0 0.0512619 0.560162 0.0476082 0.8456
0 0.970775 0.677932 0.0583958 0.644136
0 0.273764 0.633021 0.046143 0.714057
0 0.909966 0.69653 0.0495445 0.60694
0 0.704271 0.747452 0.0517999 0.505096
0 0.859386 0.692682 0.045545 0.583736
0 0.13811 0.560411 0.0496327 0.842363
0 0.568929 0.758883 0.0438631 0.467335
0 0.809802 0.705221 0.0500393 0.589558
0 0.0151539 0.557191 0.0303078 0.867824
0 0.526761 0.693164 0.0382748 0.584237
0 0.228302 0.567614 0.0462285 0.83231
0 0.404446 0.686532 0.0360988 0.592132
0 0.36228 0.681992 0.0442883 0.617794
0 0.485504 0.682275 0.0422441 0.613343
0 0.186789 0.560446 0.0441941 0.834883
0 0.756702 0.696776 0.051364 0.606448
0 0.442947 0.692924 0.0407425 0.592704
0 0.658901 0.773551 0.0365824 0.451922
0 0.613402 0.782283 0.0431301 0.435435
0 0.319423 0.670627 0.0436399 0.652202
0 0.0512619 0.560162 0.0476082 0.8456
0 0.970775 0.677932 0.0583958 0.644136
0 0.273764 0.633021 0.046143 0.714057
0 0.909966 0.69653 0.0495445 0.60694
0 0.704271 0.747452 0.0517999 0.505096
0 0.859386 0.692682 0.045545 0.583736
0 0.13811 0.560411 0.0496327 0.842363
0 0.568929 0.758883 0.0438631 0.467335
0 0.809802 0.705221 0.0500393 0.589558
0 0.0151539 0.557191 0.0303078 0.867824
0 0.526761 0.693164 0.0382748 0.584237
