0 0.38108 0.702836 0.407427 0.557729
0 0.842413 0.558649 0.296704 0.851715
0 0.635166 0.56867 0.266447 0.839195
0 0.12442 0.624044 0.248839 0.751912
0 0.38108 0.702836 0.407427 0.557729
0 0.842413 0.558649 0.296704 0.851715
0 0.635166 0.56867 0.266447 0.839195
0 0.12442 0.624044 0.248839 0.751912
0 0.38108 0.702836 0.407427 0.557729
0 0.842413 0.558649 0.296704 0.851715
0 0.635166 0.56867 0.266447 0.839195
0 0.12442 0.624044 0.248839 0.751912
0 0.387567 0.739365 0.41813 0.521269
0 0.116718 0.636555 0.232551 0.689008
0 0.839424 0.557947 0.275183 0.873338
0 0.630851 0.557707 0.226997 0.828416
0 0.387567 0.739365 0.41813 0.521269
0 0.116718 0.636555 0.232551 0.689008
0 0.839424 0.557947 0.275183 0.873338
0 0.630851 0.557707 0.226997 0.828416
0 0.387567 0.739365 0.41813 0.521269
0 0.116718 0.636555 0.232551 0.689008
0 0.839424 0.557947 0.275183 0.873338
0 0.630851 0.557707 0.226997 0.828416
0 0.387567 0.739365 0.41813 0.521269
0 0.116718 0.636555 0.232551 0.689008
0 0.839424 0.557947 0.275183 0.873338
0 0.630851 0.557707 0.226997 0.828416
