0 0.892028 0.524299 0.0950457 0.938832
0 0.268755 0.531054 0.0978088 0.926401
0 0.61685 0.526328 0.0906842 0.921495
0 0.525228 0.519387 0.0886912 0.944556
0 0.0798247 0.530487 0.0916738 0.920535
0 0.798399 0.527541 0.0952336 0.925124
0 0.705623 0.532541 0.0918433 0.909413
0 0.445143 0.495295 0.078529 0.933778
0 0.968399 0.524595 0.0632012 0.919611
0 0.362618 0.523068 0.0959423 0.942168
0 0.018442 0.532824 0.0365287 0.934352
0 0.171903 0.535053 0.0958873 0.911585
0 0.892028 0.524299 0.0950457 0.938832
0 0.268755 0.531054 0.0978088 0.926401
0 0.61685 0.526328 0.0906842 0.921495
0 0.525228 0.519387 0.0886912 0.944556
0 0.0798247 0.530487 0.0916738 0.920535
0 0.798399 0.527541 0.0952336 0.925124
0 0.705623 0.532541 0.0918433 0.909413
0 0.445143 0.495295 0.078529 0.933778
0 0.968399 0.524595 0.0632012 0.919611
0 0.362618 0.523068 0.0959423 0.942168
0 0.018442 0.532824 0.0365287 0.934352
0 0.171903 0.535053 0.0958873 0.911585
0 0.892028 0.524299 0.0950457 0.938832
0 0.268755 0.531054 0.0978088 0.926401
0 0.61685 0.526328 0.0906842 0.921495
0 0.525228 0.519387 0.0886912 0.944556
0 0.0798247 0.530487 0.0916738 0.920535
0 0.798399 0.527541 0.0952336 0.925124
0 0.705623 0.532541 0.0918433 0.909413
0 0.445143 0.495295 0.078529 0.933778
0 0.968399 0.524595 0.0632012 0.919611
0 0.362618 0.523068 0.0959423 0.942168
0 0.018442 0.532824 0.0365287 0.934352
0 0.171903 0.535053 0.0958873 0.911585
0 0.445767 0.495581 0.0783052 0.932498
0 0.362203 0.523254 0.0985617 0.92294
0 0.892727 0.523755 0.0977744 0.932172
0 0.706688 0.522113 0.0968594 0.924744
0 0.0791679 0.532881 0.0964526 0.920853
0 0.617735 0.527106 0.0936893 0.917758
0 0.799625 0.522249 0.099336 0.925903
0 0.268543 0.531948 0.101184 0.920261
0 0.526009 0.522305 0.0931348 0.928554
0 0.172172 0.535792 0.0998709 0.903925
0 0.968667 0.530284 0.0626654 0.892669
0 0.0180896 0.54509 0.0361791 0.90982
0 0.445767 0.495581 0.0783052 0.932498
0 0.362203 0.523254 0.0985617 0.92294
0 0.892727 0.523755 0.0977744 0.932172
0 0.706688 0.522113 0.0968594 0.924744
0 0.0791679 0.532881 0.0964526 0.920853
0 0.617735 0.527106 0.0936893 0.917758
0 0.799625 0.522249 0.099336 0.925903
0 0.268543 0.531948 0.101184 0.920261
0 0.526009 0.522305 0.0931348 0.928554
0 0.172172 0.535792 0.0998709 0.903925
0 0.968667 0.530284 0.0626654 0.892669
0 0.0180896 0.54509 0.0361791 0.90982
0 0.018514 0.544504 0.037028 0.910991
