0 0.878828 0.547956 0.213247 0.559967
0 0.691443 0.583075 0.177808 0.543228
0 0.340571 0.510738 0.231019 0.70616
0 0.121811 0.578431 0.237664 0.829908
0 0.528567 0.469705 0.171517 0.533255
0 0.878828 0.547956 0.213247 0.559967
0 0.691443 0.583075 0.177808 0.543228
0 0.340571 0.510738 0.231019 0.70616
0 0.121811 0.578431 0.237664 0.829908
0 0.528567 0.469705 0.171517 0.533255
0 0.878828 0.547956 0.213247 0.559967
0 0.691443 0.583075 0.177808 0.543228
0 0.340571 0.510738 0.231019 0.70616
0 0.121811 0.578431 0.237664 0.829908
0 0.528567 0.469705 0.171517 0.533255
0 0.878077 0.547324 0.198002 0.526636
0 0.130507 0.589713 0.210705 0.813013
0 0.694127 0.584548 0.173193 0.551749
0 0.339658 0.557343 0.199187 0.726776
0 0.878077 0.547324 0.198002 0.526636
0 0.130507 0.589713 0.210705 0.813013
0 0.694127 0.584548 0.173193 0.551749
0 0.339658 0.557343 0.199187 0.726776
0 0.529078 0.596651 0.169738 0.757717
0 0.693489 0.512571 0.173547 0.675403
0 0.878077 0.547324 0.198002 0.526636
0 0.130507 0.589713 0.210705 0.813013
0 0.694127 0.584548 0.173193 0.551749
0 0.339658 0.557343 0.199187 0.726776
