0 0.371216 0.474887 0.0797498 0.40156
0 0.850018 0.677937 0.111924 0.5121
0 0.591457 0.542639 0.0986738 0.460385
0 0.094596 0.315242 0.0728912 0.40205
0 0.294364 0.401236 0.0912956 0.455513
0 0.513178 0.519193 0.0973059 0.455988
0 0.222428 0.375094 0.0797931 0.424073
0 0.708504 0.0579549 0.0938079 0.11591
0 0.797472 0.0787812 0.0903619 0.157562
0 0.158056 0.341899 0.0749114 0.394868
0 0.237862 0.869595 0.0634366 0.256913
0 0.941967 0.725524 0.114315 0.524151
0 0.437409 0.501557 0.0814039 0.41576
0 0.0325834 0.28659 0.0651669 0.390974
0 0.179108 0.831162 0.0714334 0.271903
0 0.759987 0.629957 0.107869 0.51602
0 0.0160749 0.779642 0.0319557 0.343539
0 0.296168 0.872142 0.077703 0.255716
0 0.967442 0.107031 0.0651163 0.214062
0 0.674949 0.580842 0.101776 0.465495
0 0.36246 0.904883 0.0700186 0.190234
0 0.760088 0.634905 0.108393 0.512756
0 0.942362 0.728282 0.114222 0.526859
0 0.890209 0.094949 0.0993337 0.189898
0 0.674684 0.578863 0.100517 0.471259
0 0.0581141 0.79578 0.0763816 0.341752
0 0.0579642 0.797593 0.075393 0.341124
0 0.157425 0.341268 0.076721 0.396274
0 0.371216 0.474887 0.0797498 0.40156
0 0.850018 0.677937 0.111924 0.5121
0 0.591457 0.542639 0.0986738 0.460385
0 0.094596 0.315242 0.0728912 0.40205
0 0.294364 0.401236 0.0912956 0.455513
0 0.513178 0.519193 0.0973059 0.455988
0 0.222428 0.375094 0.0797931 0.424073
0 0.708504 0.0579549 0.0938079 0.11591
0 0.797472 0.0787812 0.0903619 0.157562
0 0.158056 0.341899 0.0749114 0.394868
0 0.237862 0.869595 0.0634366 0.256913
0 0.941967 0.725524 0.114315 0.524151
0 0.437409 0.501557 0.0814039 0.41576
0 0.0325834 0.28659 0.0651669 0.390974
0 0.179108 0.831162 0.0714334 0.271903
0 0.759987 0.629957 0.107869 0.51602
0 0.0160749 0.779642 0.0319557 0.343539
0 0.296168 0.872142 0.077703 0.255716
0 0.967442 0.107031 0.0651163 0.214062
0 0.674949 0.580842 0.101776 0.465495
0 0.36246 0.904883 0.0700186 0.190234
0 0.760088 0.634905 0.108393 0.512756
0 0.942362 0.728282 0.114222 0.526859
0 0.890209 0.094949 0.0993337 0.189898
0 0.674684 0.578863 0.100517 0.471259
0 0.0581141 0.79578 0.0763816 0.341752
0 0.0579642 0.797593 0.075393 0.341124
0 0.157425 0.341268 0.076721 0.396274
0 0.371216 0.474887 0.0797498 0.40156
0 0.850018 0.677937 0.111924 0.5121
0 0.591457 0.542639 0.0986738 0.460385
0 0.094596 0.315242 0.0728912 0.40205
0 0.294364 0.401236 0.0912956 0.455513
0 0.513178 0.519193 0.0973059 0.455988
0 0.222428 0.375094 0.0797931 0.424073
0 0.708504 0.0579549 0.0938079 0.11591
0 0.797472 0.0787812 0.0903619 0.157562
0 0.158056 0.341899 0.0749114 0.394868
0 0.237862 0.869595 0.0634366 0.256913
0 0.941967 0.725524 0.114315 0.524151
0 0.437409 0.501557 0.0814039 0.41576
0 0.0325834 0.28659 0.0651669 0.390974
0 0.179108 0.831162 0.0714334 0.271903
0 0.759987 0.629957 0.107869 0.51602
0 0.0160749 0.779642 0.0319557 0.343539
0 0.296168 0.872142 0.077703 0.255716
0 0.967442 0.107031 0.0651163 0.214062
0 0.674949 0.580842 0.101776 0.465495
0 0.36246 0.904883 0.0700186 0.190234
0 0.760088 0.634905 0.108393 0.512756
0 0.942362 0.728282 0.114222 0.526859
0 0.890209 0.094949 0.0993337 0.189898
0 0.674684 0.578863 0.100517 0.471259
0 0.0581141 0.79578 0.0763816 0.341752
0 0.0579642 0.797593 0.075393 0.341124
0 0.157425 0.341268 0.076721 0.396274
0 0.221716 0.3739 0.0810685 0.420851
0 0.511343 0.526055 0.0947686 0.446649
0 0.157099 0.344551 0.076518 0.391761
0 0.941423 0.730367 0.116302 0.513975
0 0.371401 0.476312 0.0775509 0.393429
0 0.294685 0.403548 0.0918216 0.437154
0 0.093809 0.318166 0.0736103 0.386941
0 0.673159 0.585963 0.0998733 0.454769
0 0.758182 0.643642 0.107881 0.492544
0 0.437882 0.501512 0.0806733 0.403556
0 0.0333695 0.287909 0.065644 0.358754
0 0.59084 0.550861 0.0965665 0.445346
0 0.0575827 0.801113 0.0751094 0.345503
0 0.0165368 0.787479 0.0330736 0.367977
0 0.237384 0.868789 0.0650169 0.262423
0 0.799782 0.0790576 0.0897245 0.158115
0 0.177472 0.837684 0.0756644 0.280761
0 0.620919 0.0440627 0.101654 0.0881253
0 0.706433 0.0576551 0.0964162 0.11531
0 0.990626 0.756784 0.0187384 0.486431
0 0.849114 0.681315 0.115054 0.499231
0 0.888677 0.0937576 0.100589 0.187515
0 0.221716 0.3739 0.0810685 0.420851
0 0.511343 0.526055 0.0947686 0.446649
0 0.157099 0.344551 0.076518 0.391761
0 0.941423 0.730367 0.116302 0.513975
0 0.371401 0.476312 0.0775509 0.393429
0 0.294685 0.403548 0.0918216 0.437154
0 0.093809 0.318166 0.0736103 0.386941
0 0.673159 0.585963 0.0998733 0.454769
0 0.758182 0.643642 0.107881 0.492544
0 0.437882 0.501512 0.0806733 0.403556
0 0.0333695 0.287909 0.065644 0.358754
0 0.59084 0.550861 0.0965665 0.445346
0 0.0575827 0.801113 0.0751094 0.345503
0 0.0165368 0.787479 0.0330736 0.367977
0 0.237384 0.868789 0.0650169 0.262423
0 0.799782 0.0790576 0.0897245 0.158115
0 0.177472 0.837684 0.0756644 0.280761
0 0.620919 0.0440627 0.101654 0.0881253
0 0.706433 0.0576551 0.0964162 0.11531
0 0.990626 0.756784 0.0187384 0.486431
0 0.849114 0.681315 0.115054 0.499231
0 0.888677 0.0937576 0.100589 0.187515
0 0.29445 0.869136 0.0806213 0.261729
0 0.221716 0.3739 0.0810685 0.420851
0 0.511343 0.526055 0.0947686 0.446649
0 0.157099 0.344551 0.076518 0.391761
0 0.941423 0.730367 0.116302 0.513975
0 0.371401 0.476312 0.0775509 0.393429
0 0.294685 0.403548 0.0918216 0.437154
0 0.093809 0.318166 0.0736103 0.386941
0 0.673159 0.585963 0.0998733 0.454769
0 0.758182 0.643642 0.107881 0.492544
0 0.437882 0.501512 0.0806733 0.403556
0 0.0333695 0.287909 0.065644 0.358754
0 0.59084 0.550861 0.0965665 0.445346
0 0.0575827 0.801113 0.0751094 0.345503
0 0.0165368 0.787479 0.0330736 0.367977
0 0.237384 0.868789 0.0650169 0.262423
0 0.799782 0.0790576 0.0897245 0.158115
0 0.177472 0.837684 0.0756644 0.280761
0 0.620919 0.0440627 0.101654 0.0881253
0 0.706433 0.0576551 0.0964162 0.11531
0 0.990626 0.756784 0.0187384 0.486431
0 0.849114 0.681315 0.115054 0.499231
0 0.888677 0.0937576 0.100589 0.187515
0 0.221716 0.3739 0.0810685 0.420851
0 0.511343 0.526055 0.0947686 0.446649
0 0.157099 0.344551 0.076518 0.391761
0 0.941423 0.730367 0.116302 0.513975
0 0.371401 0.476312 0.0775509 0.393429
0 0.294685 0.403548 0.0918216 0.437154
0 0.093809 0.318166 0.0736103 0.386941
0 0.673159 0.585963 0.0998733 0.454769
0 0.758182 0.643642 0.107881 0.492544
0 0.437882 0.501512 0.0806733 0.403556
0 0.0333695 0.287909 0.065644 0.358754
0 0.59084 0.550861 0.0965665 0.445346
0 0.0575827 0.801113 0.0751094 0.345503
0 0.0165368 0.787479 0.0330736 0.367977
0 0.237384 0.868789 0.0650169 0.262423
0 0.799782 0.0790576 0.0897245 0.158115
0 0.177472 0.837684 0.0756644 0.280761
0 0.620919 0.0440627 0.101654 0.0881253
0 0.706433 0.0576551 0.0964162 0.11531
0 0.990626 0.756784 0.0187384 0.486431
0 0.849114 0.681315 0.115054 0.499231
0 0.888677 0.0937576 0.100589 0.187515
