0 0.443879 0.663352 0.361302 0.610648
0 0.733382 0.774061 0.31349 0.38512
0 0.443879 0.663352 0.361302 0.610648
0 0.733382 0.774061 0.31349 0.38512
0 0.443879 0.663352 0.361302 0.610648
0 0.733382 0.774061 0.31349 0.38512
0 0.43181 0.580011 0.352538 0.791567
0 0.736188 0.772457 0.30673 0.364947
0 0.972963 0.743032 0.0540739 0.513937
0 0.43181 0.580011 0.352538 0.791567
0 0.736188 0.772457 0.30673 0.364947
0 0.972963 0.743032 0.0540739 0.513937
0 0.876733 0.561003 0.244604 0.786242
0 0.43181 0.580011 0.352538 0.791567
0 0.736188 0.772457 0.30673 0.364947
0 0.972963 0.743032 0.0540739 0.513937
0 0.43181 0.580011 0.352538 0.791567
0 0.736188 0.772457 0.30673 0.364947
0 0.972963 0.743032 0.0540739 0.513937
