0 0.844345 0.415985 0.289222 0.769071
0 0.308892 0.605665 0.319265 0.7738
0 0.05941 0.55152 0.11882 0.89696
0 0.584139 0.623344 0.25574 0.467768
0 0.844345 0.415985 0.289222 0.769071
0 0.308892 0.605665 0.319265 0.7738
0 0.05941 0.55152 0.11882 0.89696
0 0.584139 0.623344 0.25574 0.467768
0 0.844345 0.415985 0.289222 0.769071
0 0.308892 0.605665 0.319265 0.7738
0 0.05941 0.55152 0.11882 0.89696
0 0.584139 0.623344 0.25574 0.467768
0 0.311754 0.597053 0.3217 0.805894
0 0.58933 0.510732 0.258754 0.777274
0 0.0616077 0.551456 0.12306 0.885691
0 0.311754 0.597053 0.3217 0.805894
0 0.58933 0.510732 0.258754 0.777274
0 0.0616077 0.551456 0.12306 0.885691
0 0.311754 0.597053 0.3217 0.805894
0 0.58933 0.510732 0.258754 0.777274
0 0.0616077 0.551456 0.12306 0.885691
0 0.311754 0.597053 0.3217 0.805894
0 0.58933 0.510732 0.258754 0.777274
0 0.0616077 0.551456 0.12306 0.885691
