0 0.87823 0.472631 0.20284 0.874158
0 0.596094 0.488353 0.396897 0.928276
0 0.222999 0.450457 0.380544 0.890111
0 0.87823 0.472631 0.20284 0.874158
0 0.596094 0.488353 0.396897 0.928276
0 0.222999 0.450457 0.380544 0.890111
0 0.87823 0.472631 0.20284 0.874158
0 0.596094 0.488353 0.396897 0.928276
0 0.222999 0.450457 0.380544 0.890111
0 0.876508 0.484742 0.179147 0.825567
0 0.588702 0.653997 0.367325 0.588965
0 0.224841 0.644211 0.363681 0.595785
0 0.876508 0.484742 0.179147 0.825567
0 0.588702 0.653997 0.367325 0.588965
0 0.224841 0.644211 0.363681 0.595785
0 0.988731 0.54832 0.0224942 0.722628
0 0.876508 0.484742 0.179147 0.825567
0 0.588702 0.653997 0.367325 0.588965
0 0.224841 0.644211 0.363681 0.595785
0 0.876508 0.484742 0.179147 0.825567
0 0.588702 0.653997 0.367325 0.588965
0 0.224841 0.644211 0.363681 0.595785
