0 0.650411 0.47767 0.268289 0.858539
0 0.396343 0.497895 0.238044 0.851534
0 0.887106 0.477419 0.223973 0.845599
0 0.126193 0.660411 0.23545 0.554937
0 0.0588934 0.190649 0.104506 0.381297
0 0.650411 0.47767 0.268289 0.858539
0 0.396343 0.497895 0.238044 0.851534
0 0.887106 0.477419 0.223973 0.845599
0 0.126193 0.660411 0.23545 0.554937
0 0.0588934 0.190649 0.104506 0.381297
0 0.650411 0.47767 0.268289 0.858539
0 0.396343 0.497895 0.238044 0.851534
0 0.887106 0.477419 0.223973 0.845599
0 0.126193 0.660411 0.23545 0.554937
0 0.0588934 0.190649 0.104506 0.381297
0 0.647205 0.474954 0.279339 0.879156
0 0.386534 0.492044 0.253436 0.870799
0 0.88866 0.479507 0.221722 0.870874
0 0.137608 0.653708 0.253421 0.550808
0 0.647205 0.474954 0.279339 0.879156
0 0.386534 0.492044 0.253436 0.870799
0 0.88866 0.479507 0.221722 0.870874
0 0.137608 0.653708 0.253421 0.550808
0 0.647205 0.474954 0.279339 0.879156
0 0.386534 0.492044 0.253436 0.870799
0 0.88866 0.479507 0.221722 0.870874
0 0.137608 0.653708 0.253421 0.550808
