0 0.599239 0.508516 0.240721 0.869544
0 0.348653 0.561292 0.254886 0.801348
0 0.850567 0.500607 0.266649 0.869244
0 0.117837 0.566228 0.22514 0.806402
0 0.0351341 0.621814 0.0702682 0.689405
0 0.599239 0.508516 0.240721 0.869544
0 0.348653 0.561292 0.254886 0.801348
0 0.850567 0.500607 0.266649 0.869244
0 0.117837 0.566228 0.22514 0.806402
0 0.0351341 0.621814 0.0702682 0.689405
0 0.601149 0.525438 0.240439 0.860406
0 0.854001 0.511533 0.269883 0.878353
0 0.351245 0.558431 0.25811 0.844992
0 0.116393 0.58753 0.232786 0.817561
0 0.601149 0.525438 0.240439 0.860406
0 0.854001 0.511533 0.269883 0.878353
0 0.351245 0.558431 0.25811 0.844992
0 0.116393 0.58753 0.232786 0.817561
0 0.601149 0.525438 0.240439 0.860406
0 0.854001 0.511533 0.269883 0.878353
0 0.351245 0.558431 0.25811 0.844992
0 0.116393 0.58753 0.232786 0.817561
0 0.601149 0.525438 0.240439 0.860406
0 0.854001 0.511533 0.269883 0.878353
0 0.351245 0.558431 0.25811 0.844992
0 0.116393 0.58753 0.232786 0.817561
