0 0.245729 0.544372 0.080353 0.83808
0 0.842849 0.495651 0.0795492 0.81673
0 0.91854 0.486011 0.0796327 0.804352
0 0.32004 0.529425 0.0803036 0.853089
0 0.692422 0.512613 0.0760662 0.810591
0 0.469757 0.5187 0.0775015 0.845256
0 0.395471 0.525845 0.0773388 0.840798
0 0.543971 0.514549 0.0750258 0.850285
0 0.765675 0.507249 0.0758876 0.813198
0 0.61797 0.511611 0.0767587 0.826983
0 0.0264656 0.574011 0.0522471 0.799254
0 0.0880267 0.556694 0.0865405 0.847528
0 0.977929 0.474116 0.0441066 0.785334
0 0.167915 0.550574 0.0846661 0.840746
0 0.167565 0.550855 0.0840714 0.824661
0 0.245729 0.544372 0.080353 0.83808
0 0.842849 0.495651 0.0795492 0.81673
0 0.91854 0.486011 0.0796327 0.804352
0 0.32004 0.529425 0.0803036 0.853089
0 0.692422 0.512613 0.0760662 0.810591
0 0.469757 0.5187 0.0775015 0.845256
0 0.395471 0.525845 0.0773388 0.840798
0 0.543971 0.514549 0.0750258 0.850285
0 0.765675 0.507249 0.0758876 0.813198
0 0.61797 0.511611 0.0767587 0.826983
0 0.0264656 0.574011 0.0522471 0.799254
0 0.0880267 0.556694 0.0865405 0.847528
0 0.977929 0.474116 0.0441066 0.785334
0 0.167915 0.550574 0.0846661 0.840746
0 0.167565 0.550855 0.0840714 0.824661
0 0.245729 0.544372 0.080353 0.83808
0 0.842849 0.495651 0.0795492 0.81673
0 0.91854 0.486011 0.0796327 0.804352
0 0.32004 0.529425 0.0803036 0.853089
0 0.692422 0.512613 0.0760662 0.810591
0 0.469757 0.5187 0.0775015 0.845256
0 0.395471 0.525845 0.0773388 0.840798
0 0.543971 0.514549 0.0750258 0.850285
0 0.765675 0.507249 0.0758876 0.813198
0 0.61797 0.511611 0.0767587 0.826983
0 0.0264656 0.574011 0.0522471 0.799254
0 0.0880267 0.556694 0.0865405 0.847528
0 0.977929 0.474116 0.0441066 0.785334
0 0.167915 0.550574 0.0846661 0.840746
0 0.167565 0.550855 0.0840714 0.824661
0 0.691959 0.515849 0.0784865 0.805833
0 0.244627 0.550314 0.0813023 0.826233
0 0.617698 0.520347 0.0796406 0.813314
0 0.544368 0.519807 0.0789079 0.836565
0 0.765446 0.514394 0.0787939 0.798866
0 0.320335 0.544925 0.0815732 0.824027
0 0.841883 0.494358 0.0807449 0.824648
0 0.469949 0.528169 0.0804124 0.82987
0 0.917613 0.480797 0.082139 0.822438
0 0.395411 0.536226 0.0798398 0.822578
0 0.166803 0.54768 0.0838108 0.826519
0 0.0865606 0.553115 0.0850587 0.817415
0 0.0264953 0.568127 0.051156 0.788697
0 0.977496 0.466089 0.045008 0.786055
0 0.691959 0.515849 0.0784865 0.805833
0 0.244627 0.550314 0.0813023 0.826233
0 0.617698 0.520347 0.0796406 0.813314
0 0.544368 0.519807 0.0789079 0.836565
0 0.765446 0.514394 0.0787939 0.798866
0 0.320335 0.544925 0.0815732 0.824027
0 0.841883 0.494358 0.0807449 0.824648
0 0.469949 0.528169 0.0804124 0.82987
0 0.917613 0.480797 0.082139 0.822438
0 0.395411 0.536226 0.0798398 0.822578
0 0.166803 0.54768 0.0838108 0.826519
0 0.0865606 0.553115 0.0850587 0.817415
0 0.0264953 0.568127 0.051156 0.788697
0 0.977496 0.466089 0.045008 0.786055
0 0.691959 0.515849 0.0784865 0.805833
0 0.244627 0.550314 0.0813023 0.826233
0 0.617698 0.520347 0.0796406 0.813314
0 0.544368 0.519807 0.0789079 0.836565
0 0.765446 0.514394 0.0787939 0.798866
0 0.320335 0.544925 0.0815732 0.824027
0 0.841883 0.494358 0.0807449 0.824648
0 0.469949 0.528169 0.0804124 0.82987
0 0.917613 0.480797 0.082139 0.822438
0 0.395411 0.536226 0.0798398 0.822578
0 0.166803 0.54768 0.0838108 0.826519
0 0.0865606 0.553115 0.0850587 0.817415
0 0.0264953 0.568127 0.051156 0.788697
0 0.977496 0.466089 0.045008 0.786055
0 0.691959 0.515849 0.0784865 0.805833
0 0.244627 0.550314 0.0813023 0.826233
0 0.617698 0.520347 0.0796406 0.813314
0 0.544368 0.519807 0.0789079 0.836565
0 0.765446 0.514394 0.0787939 0.798866
0 0.320335 0.544925 0.0815732 0.824027
0 0.841883 0.494358 0.0807449 0.824648
0 0.469949 0.528169 0.0804124 0.82987
0 0.917613 0.480797 0.082139 0.822438
0 0.395411 0.536226 0.0798398 0.822578
0 0.166803 0.54768 0.0838108 0.826519
0 0.0865606 0.553115 0.0850587 0.817415
0 0.0264953 0.568127 0.051156 0.788697
0 0.977496 0.466089 0.045008 0.786055
