0 0.308537 0.569298 0.142221 0.379481
0 0.787343 0.582727 0.134838 0.38355
0 0.48417 0.57772 0.144554 0.387999
0 0.648385 0.604497 0.14166 0.430507
0 0.647787 0.677352 0.144861 0.596726
0 0.122054 0.569039 0.149193 0.409887
0 0.489956 0.681672 0.151822 0.612028
0 0.308537 0.569298 0.142221 0.379481
0 0.787343 0.582727 0.134838 0.38355
0 0.48417 0.57772 0.144554 0.387999
0 0.648385 0.604497 0.14166 0.430507
0 0.647787 0.677352 0.144861 0.596726
0 0.122054 0.569039 0.149193 0.409887
0 0.489956 0.681672 0.151822 0.612028
0 0.308537 0.569298 0.142221 0.379481
0 0.787343 0.582727 0.134838 0.38355
0 0.48417 0.57772 0.144554 0.387999
0 0.648385 0.604497 0.14166 0.430507
0 0.647787 0.677352 0.144861 0.596726
0 0.122054 0.569039 0.149193 0.409887
0 0.489956 0.681672 0.151822 0.612028
0 0.786216 0.580771 0.13613 0.359032
0 0.309579 0.567236 0.1525 0.377461
0 0.645689 0.585247 0.142792 0.38678
0 0.484865 0.58801 0.145466 0.404901
0 0.927416 0.58968 0.12965 0.349335
0 0.225243 0.879506 0.257151 0.209493
0 0.124236 0.565873 0.147958 0.403301
0 0.122819 0.567676 0.147978 0.402207
0 0.457001 0.345351 0.710226 0.673224
0 0.786216 0.580771 0.13613 0.359032
0 0.309579 0.567236 0.1525 0.377461
0 0.645689 0.585247 0.142792 0.38678
0 0.484865 0.58801 0.145466 0.404901
0 0.927416 0.58968 0.12965 0.349335
0 0.225243 0.879506 0.257151 0.209493
0 0.124236 0.565873 0.147958 0.403301
0 0.122819 0.567676 0.147978 0.402207
0 0.457001 0.345351 0.710226 0.673224
0 0.864866 0.668534 0.260356 0.593588
0 0.876372 0.857443 0.201717 0.187561
0 0.786216 0.580771 0.13613 0.359032
0 0.309579 0.567236 0.1525 0.377461
0 0.645689 0.585247 0.142792 0.38678
0 0.484865 0.58801 0.145466 0.404901
0 0.927416 0.58968 0.12965 0.349335
0 0.225243 0.879506 0.257151 0.209493
0 0.124236 0.565873 0.147958 0.403301
0 0.122819 0.567676 0.147978 0.402207
0 0.457001 0.345351 0.710226 0.673224
