0 0.579964 0.38941 0.121194 0.527653
0 0.346507 0.491459 0.126892 0.695843
0 0.801496 0.456247 0.116831 0.704879
0 0.0975701 0.53052 0.135674 0.777914
0 0.695628 0.372441 0.115153 0.532027
0 0.906039 0.447108 0.125766 0.7241
0 0.220606 0.493177 0.131605 0.749132
0 0.0974154 0.682735 0.121383 0.412664
0 0.461726 0.404362 0.118806 0.534028
0 0.579964 0.38941 0.121194 0.527653
0 0.346507 0.491459 0.126892 0.695843
0 0.801496 0.456247 0.116831 0.704879
0 0.0975701 0.53052 0.135674 0.777914
0 0.695628 0.372441 0.115153 0.532027
0 0.906039 0.447108 0.125766 0.7241
0 0.220606 0.493177 0.131605 0.749132
0 0.0974154 0.682735 0.121383 0.412664
0 0.461726 0.404362 0.118806 0.534028
0 0.579964 0.38941 0.121194 0.527653
0 0.346507 0.491459 0.126892 0.695843
0 0.801496 0.456247 0.116831 0.704879
0 0.0975701 0.53052 0.135674 0.777914
0 0.695628 0.372441 0.115153 0.532027
0 0.906039 0.447108 0.125766 0.7241
0 0.220606 0.493177 0.131605 0.749132
0 0.0974154 0.682735 0.121383 0.412664
0 0.461726 0.404362 0.118806 0.534028
0 0.579623 0.395585 0.118491 0.506571
0 0.802842 0.462255 0.113324 0.688214
0 0.461937 0.410098 0.118978 0.513075
0 0.909905 0.444872 0.124164 0.691125
0 0.222932 0.434226 0.121729 0.529602
0 0.0999365 0.535976 0.12991 0.728938
0 0.695599 0.385423 0.117968 0.510096
0 0.346334 0.414297 0.120139 0.509085
0 0.695935 0.456717 0.120765 0.649095
0 0.100209 0.540002 0.127871 0.731607
0 0.579623 0.395585 0.118491 0.506571
0 0.802842 0.462255 0.113324 0.688214
0 0.461937 0.410098 0.118978 0.513075
0 0.909905 0.444872 0.124164 0.691125
0 0.222932 0.434226 0.121729 0.529602
0 0.0999365 0.535976 0.12991 0.728938
0 0.695599 0.385423 0.117968 0.510096
0 0.346334 0.414297 0.120139 0.509085
0 0.695935 0.456717 0.120765 0.649095
0 0.100209 0.540002 0.127871 0.731607
0 0.34768 0.500521 0.124586 0.681687
0 0.224141 0.50608 0.128238 0.676827
0 0.579623 0.395585 0.118491 0.506571
0 0.802842 0.462255 0.113324 0.688214
0 0.461937 0.410098 0.118978 0.513075
0 0.909905 0.444872 0.124164 0.691125
0 0.222932 0.434226 0.121729 0.529602
0 0.0999365 0.535976 0.12991 0.728938
0 0.695599 0.385423 0.117968 0.510096
0 0.346334 0.414297 0.120139 0.509085
0 0.695935 0.456717 0.120765 0.649095
0 0.100209 0.540002 0.127871 0.731607
0 0.579623 0.395585 0.118491 0.506571
0 0.802842 0.462255 0.113324 0.688214
0 0.461937 0.410098 0.118978 0.513075
0 0.909905 0.444872 0.124164 0.691125
0 0.222932 0.434226 0.121729 0.529602
0 0.0999365 0.535976 0.12991 0.728938
0 0.695599 0.385423 0.117968 0.510096
0 0.346334 0.414297 0.120139 0.509085
0 0.695935 0.456717 0.120765 0.649095
0 0.100209 0.540002 0.127871 0.731607
