0 0.5869 0.653297 0.171587 0.618941
0 0.422688 0.646489 0.165558 0.634639
0 0.260084 0.746329 0.172097 0.471439
0 0.0474517 0.740719 0.0702203 0.468019
0 0.307 0.119468 0.136341 0.15438
0 0.913032 0.628341 0.168205 0.624368
0 0.751185 0.630167 0.16358 0.625861
0 0.427541 0.257455 0.147625 0.188163
0 0.586659 0.307423 0.138292 0.145322
0 0.5869 0.653297 0.171587 0.618941
0 0.422688 0.646489 0.165558 0.634639
0 0.260084 0.746329 0.172097 0.471439
0 0.0474517 0.740719 0.0702203 0.468019
0 0.307 0.119468 0.136341 0.15438
0 0.913032 0.628341 0.168205 0.624368
0 0.751185 0.630167 0.16358 0.625861
0 0.427541 0.257455 0.147625 0.188163
0 0.586659 0.307423 0.138292 0.145322
0 0.5869 0.653297 0.171587 0.618941
0 0.422688 0.646489 0.165558 0.634639
0 0.260084 0.746329 0.172097 0.471439
0 0.0474517 0.740719 0.0702203 0.468019
0 0.307 0.119468 0.136341 0.15438
0 0.913032 0.628341 0.168205 0.624368
0 0.751185 0.630167 0.16358 0.625861
0 0.427541 0.257455 0.147625 0.188163
0 0.586659 0.307423 0.138292 0.145322
0 0.422126 0.660276 0.164888 0.621838
0 0.751998 0.635419 0.163191 0.603262
0 0.260329 0.74571 0.161089 0.458079
0 0.586056 0.30346 0.133589 0.153608
0 0.587287 0.663456 0.168327 0.598955
0 0.425199 0.253284 0.14989 0.182941
0 0.736296 0.249909 0.145077 0.186561
0 0.587269 0.662916 0.16869 0.598193
0 0.720354 0.0842214 0.13904 0.168443
0 0.911754 0.632623 0.174513 0.606174
0 0.0514112 0.757962 0.0639943 0.442593
0 0.422126 0.660276 0.164888 0.621838
0 0.751998 0.635419 0.163191 0.603262
0 0.260329 0.74571 0.161089 0.458079
0 0.586056 0.30346 0.133589 0.153608
0 0.587287 0.663456 0.168327 0.598955
0 0.425199 0.253284 0.14989 0.182941
0 0.736296 0.249909 0.145077 0.186561
0 0.587269 0.662916 0.16869 0.598193
0 0.720354 0.0842214 0.13904 0.168443
0 0.911754 0.632623 0.174513 0.606174
0 0.0514112 0.757962 0.0639943 0.442593
0 0.303052 0.113899 0.124433 0.144538
0 0.422126 0.660276 0.164888 0.621838
0 0.751998 0.635419 0.163191 0.603262
0 0.260329 0.74571 0.161089 0.458079
0 0.586056 0.30346 0.133589 0.153608
0 0.587287 0.663456 0.168327 0.598955
0 0.425199 0.253284 0.14989 0.182941
0 0.736296 0.249909 0.145077 0.186561
0 0.587269 0.662916 0.16869 0.598193
0 0.720354 0.0842214 0.13904 0.168443
0 0.911754 0.632623 0.174513 0.606174
0 0.0514112 0.757962 0.0639943 0.442593
0 0.422126 0.660276 0.164888 0.621838
0 0.751998 0.635419 0.163191 0.603262
0 0.260329 0.74571 0.161089 0.458079
0 0.586056 0.30346 0.133589 0.153608
0 0.587287 0.663456 0.168327 0.598955
0 0.425199 0.253284 0.14989 0.182941
0 0.736296 0.249909 0.145077 0.186561
0 0.587269 0.662916 0.16869 0.598193
0 0.720354 0.0842214 0.13904 0.168443
0 0.911754 0.632623 0.174513 0.606174
0 0.0514112 0.757962 0.0639943 0.442593
