0 0.380179 0.472667 0.520129 0.818208
0 0.812387 0.569019 0.363786 0.852512
0 0.380179 0.472667 0.520129 0.818208
0 0.812387 0.569019 0.363786 0.852512
0 0.380179 0.472667 0.520129 0.818208
0 0.812387 0.569019 0.363786 0.852512
0 0.415799 0.495472 0.558013 0.828527
0 0.805403 0.595262 0.350409 0.78369
0 0.415799 0.495472 0.558013 0.828527
0 0.805403 0.595262 0.350409 0.78369
0 0.088649 0.409552 0.169315 0.709442
0 0.415799 0.495472 0.558013 0.828527
0 0.805403 0.595262 0.350409 0.78369
0 0.415799 0.495472 0.558013 0.828527
0 0.805403 0.595262 0.350409 0.78369
