0 0.201717 0.695768 0.289383 0.505817
0 0.940679 0.619052 0.118632 0.646495
0 0.546082 0.677376 0.253139 0.362976
0 0.201717 0.695768 0.289383 0.505817
0 0.940679 0.619052 0.118632 0.646495
0 0.546082 0.677376 0.253139 0.362976
0 0.201717 0.695768 0.289383 0.505817
0 0.940679 0.619052 0.118632 0.646495
0 0.546082 0.677376 0.253139 0.362976
0 0.204375 0.68161 0.269989 0.497354
0 0.53834 0.647994 0.242964 0.357242
0 0.778664 0.583912 0.206196 0.607166
0 0.204375 0.68161 0.269989 0.497354
0 0.53834 0.647994 0.242964 0.357242
0 0.778664 0.583912 0.206196 0.607166
0 0.204375 0.68161 0.269989 0.497354
0 0.53834 0.647994 0.242964 0.357242
0 0.778664 0.583912 0.206196 0.607166
