0 0.538781 0.586553 0.500924 0.623592
0 0.164038 0.538629 0.328077 0.63911
0 0.538781 0.586553 0.500924 0.623592
0 0.164038 0.538629 0.328077 0.63911
0 0.538781 0.586553 0.500924 0.623592
0 0.164038 0.538629 0.328077 0.63911
0 0.159237 0.556272 0.311407 0.55657
0 0.855373 0.6045 0.245741 0.655478
0 0.533271 0.59126 0.439594 0.628177
0 0.534591 0.590032 0.447463 0.626549
0 0.159237 0.556272 0.311407 0.55657
0 0.855373 0.6045 0.245741 0.655478
0 0.533271 0.59126 0.439594 0.628177
0 0.534591 0.590032 0.447463 0.626549
0 0.972765 0.571449 0.0544695 0.62273
0 0.159237 0.556272 0.311407 0.55657
0 0.855373 0.6045 0.245741 0.655478
0 0.533271 0.59126 0.439594 0.628177
0 0.534591 0.590032 0.447463 0.626549
