0 0.776597 0.608902 0.255246 0.502152
0 0.202424 0.694754 0.223005 0.532181
0 0.484915 0.646123 0.244423 0.477911
0 0.776597 0.608902 0.255246 0.502152
0 0.202424 0.694754 0.223005 0.532181
0 0.484915 0.646123 0.244423 0.477911
0 0.776597 0.608902 0.255246 0.502152
0 0.202424 0.694754 0.223005 0.532181
0 0.484915 0.646123 0.244423 0.477911
0 0.207097 0.68572 0.217246 0.54129
0 0.485345 0.645969 0.240196 0.45987
0 0.782932 0.602223 0.24927 0.471852
0 0.207097 0.68572 0.217246 0.54129
0 0.485345 0.645969 0.240196 0.45987
0 0.782932 0.602223 0.24927 0.471852
0 0.976117 0.478417 0.0477668 0.444863
0 0.207097 0.68572 0.217246 0.54129
0 0.485345 0.645969 0.240196 0.45987
0 0.782932 0.602223 0.24927 0.471852
0 0.207097 0.68572 0.217246 0.54129
0 0.485345 0.645969 0.240196 0.45987
0 0.782932 0.602223 0.24927 0.471852
