0 0.966504 0.672114 0.0669678 0.357522
0 0.0974599 0.629267 0.0839323 0.341283
0 0.701594 0.636993 0.0847047 0.356564
0 0.528297 0.630354 0.0882656 0.348838
0 0.780679 0.641414 0.0775438 0.371117
0 0.356194 0.645787 0.0846416 0.339969
0 0.441442 0.636263 0.083199 0.315802
0 0.182788 0.603327 0.0827397 0.285591
0 0.268582 0.610764 0.0814267 0.284568
0 0.0283555 0.605053 0.0563753 0.314785
0 0.876235 0.661487 0.108969 0.371435
0 0.615182 0.652916 0.0877147 0.375459
0 0.615507 0.650125 0.0901883 0.377695
0 0.966504 0.672114 0.0669678 0.357522
0 0.0974599 0.629267 0.0839323 0.341283
0 0.701594 0.636993 0.0847047 0.356564
0 0.528297 0.630354 0.0882656 0.348838
0 0.780679 0.641414 0.0775438 0.371117
0 0.356194 0.645787 0.0846416 0.339969
0 0.441442 0.636263 0.083199 0.315802
0 0.182788 0.603327 0.0827397 0.285591
0 0.268582 0.610764 0.0814267 0.284568
0 0.0283555 0.605053 0.0563753 0.314785
0 0.876235 0.661487 0.108969 0.371435
0 0.615182 0.652916 0.0877147 0.375459
0 0.615507 0.650125 0.0901883 0.377695
0 0.966504 0.672114 0.0669678 0.357522
0 0.0974599 0.629267 0.0839323 0.341283
0 0.701594 0.636993 0.0847047 0.356564
0 0.528297 0.630354 0.0882656 0.348838
0 0.780679 0.641414 0.0775438 0.371117
0 0.356194 0.645787 0.0846416 0.339969
0 0.441442 0.636263 0.083199 0.315802
0 0.182788 0.603327 0.0827397 0.285591
0 0.268582 0.610764 0.0814267 0.284568
0 0.0283555 0.605053 0.0563753 0.314785
0 0.876235 0.661487 0.108969 0.371435
0 0.615182 0.652916 0.0877147 0.375459
0 0.615507 0.650125 0.0901883 0.377695
0 0.876043 0.662193 0.110919 0.361594
0 0.967002 0.713619 0.0659964 0.438974
0 0.52726 0.629102 0.0879524 0.335075
0 0.702049 0.640537 0.0813294 0.345373
0 0.440601 0.651367 0.083965 0.338877
0 0.184164 0.598885 0.0826417 0.273988
0 0.779557 0.653724 0.0771194 0.384322
0 0.355146 0.653023 0.0845865 0.354657
0 0.0977054 0.629079 0.0848516 0.334148
0 0.0274537 0.612604 0.0549074 0.300442
0 0.876043 0.662193 0.110919 0.361594
0 0.967002 0.713619 0.0659964 0.438974
0 0.52726 0.629102 0.0879524 0.335075
0 0.702049 0.640537 0.0813294 0.345373
0 0.440601 0.651367 0.083965 0.338877
0 0.184164 0.598885 0.0826417 0.273988
0 0.779557 0.653724 0.0771194 0.384322
0 0.355146 0.653023 0.0845865 0.354657
0 0.0977054 0.629079 0.0848516 0.334148
0 0.0274537 0.612604 0.0549074 0.300442
0 0.266401 0.611901 0.0811527 0.292254
0 0.0279731 0.718044 0.055118 0.529593
0 0.739296 0.728408 0.16264 0.543185
0 0.615763 0.647066 0.0899529 0.352751
0 0.615772 0.648398 0.0896304 0.358154
0 0.876043 0.662193 0.110919 0.361594
0 0.967002 0.713619 0.0659964 0.438974
0 0.52726 0.629102 0.0879524 0.335075
0 0.702049 0.640537 0.0813294 0.345373
0 0.440601 0.651367 0.083965 0.338877
0 0.184164 0.598885 0.0826417 0.273988
0 0.779557 0.653724 0.0771194 0.384322
0 0.355146 0.653023 0.0845865 0.354657
0 0.0977054 0.629079 0.0848516 0.334148
0 0.0274537 0.612604 0.0549074 0.300442
