0 0.159603 0.585001 0.23256 0.744525
0 0.900693 0.330785 0.157893 0.661569
0 0.354069 0.409331 0.18638 0.601929
0 0.761006 0.368181 0.159886 0.697302
0 0.616083 0.428698 0.16954 0.739236
0 0.481887 0.364849 0.140703 0.606182
0 0.0352098 0.624735 0.0700696 0.740025
0 0.159603 0.585001 0.23256 0.744525
0 0.900693 0.330785 0.157893 0.661569
0 0.354069 0.409331 0.18638 0.601929
0 0.761006 0.368181 0.159886 0.697302
0 0.616083 0.428698 0.16954 0.739236
0 0.481887 0.364849 0.140703 0.606182
0 0.0352098 0.624735 0.0700696 0.740025
0 0.159603 0.585001 0.23256 0.744525
0 0.900693 0.330785 0.157893 0.661569
0 0.354069 0.409331 0.18638 0.601929
0 0.761006 0.368181 0.159886 0.697302
0 0.616083 0.428698 0.16954 0.739236
0 0.481887 0.364849 0.140703 0.606182
0 0.0352098 0.624735 0.0700696 0.740025
0 0.357827 0.423396 0.173794 0.579994
0 0.614103 0.437819 0.160026 0.697577
0 0.903662 0.333899 0.156747 0.654717
0 0.161407 0.592506 0.229675 0.724233
0 0.48652 0.376603 0.137159 0.577064
0 0.76076 0.370646 0.152737 0.686935
0 0.0355753 0.65148 0.0699041 0.690681
0 0.357827 0.423396 0.173794 0.579994
0 0.614103 0.437819 0.160026 0.697577
0 0.903662 0.333899 0.156747 0.654717
0 0.161407 0.592506 0.229675 0.724233
0 0.48652 0.376603 0.137159 0.577064
0 0.76076 0.370646 0.152737 0.686935
0 0.0355753 0.65148 0.0699041 0.690681
0 0.760227 0.373398 0.15649 0.69611
0 0.357827 0.423396 0.173794 0.579994
0 0.614103 0.437819 0.160026 0.697577
0 0.903662 0.333899 0.156747 0.654717
0 0.161407 0.592506 0.229675 0.724233
0 0.48652 0.376603 0.137159 0.577064
0 0.76076 0.370646 0.152737 0.686935
0 0.0355753 0.65148 0.0699041 0.690681
0 0.357827 0.423396 0.173794 0.579994
0 0.614103 0.437819 0.160026 0.697577
0 0.903662 0.333899 0.156747 0.654717
0 0.161407 0.592506 0.229675 0.724233
0 0.48652 0.376603 0.137159 0.577064
0 0.76076 0.370646 0.152737 0.686935
0 0.0355753 0.65148 0.0699041 0.690681
