0 0.602782 0.671045 0.208333 0.444781
0 0.177395 0.717361 0.262852 0.445684
0 0.775704 0.438784 0.189978 0.349879
0 0.410883 0.698507 0.219198 0.423351
0 0.955214 0.515631 0.0888695 0.308485
0 0.953559 0.514001 0.0905728 0.31692
0 0.836519 0.662108 0.182677 0.25751
0 0.841482 0.664261 0.177245 0.258307
0 0.602782 0.671045 0.208333 0.444781
0 0.177395 0.717361 0.262852 0.445684
0 0.775704 0.438784 0.189978 0.349879
0 0.410883 0.698507 0.219198 0.423351
0 0.955214 0.515631 0.0888695 0.308485
0 0.953559 0.514001 0.0905728 0.31692
0 0.836519 0.662108 0.182677 0.25751
0 0.841482 0.664261 0.177245 0.258307
0 0.602782 0.671045 0.208333 0.444781
0 0.177395 0.717361 0.262852 0.445684
0 0.775704 0.438784 0.189978 0.349879
0 0.410883 0.698507 0.219198 0.423351
0 0.955214 0.515631 0.0888695 0.308485
0 0.953559 0.514001 0.0905728 0.31692
0 0.836519 0.662108 0.182677 0.25751
0 0.841482 0.664261 0.177245 0.258307
0 0.186708 0.738368 0.249133 0.40098
0 0.412594 0.736381 0.213723 0.347934
0 0.604603 0.670517 0.214037 0.451368
0 0.841865 0.665257 0.192169 0.266322
0 0.412924 0.735813 0.214371 0.344929
0 0.772766 0.440893 0.195562 0.336583
0 0.186708 0.738368 0.249133 0.40098
0 0.412594 0.736381 0.213723 0.347934
0 0.604603 0.670517 0.214037 0.451368
0 0.841865 0.665257 0.192169 0.266322
0 0.412924 0.735813 0.214371 0.344929
0 0.772766 0.440893 0.195562 0.336583
0 0.773744 0.466484 0.184651 0.295273
0 0.186708 0.738368 0.249133 0.40098
0 0.412594 0.736381 0.213723 0.347934
0 0.604603 0.670517 0.214037 0.451368
0 0.841865 0.665257 0.192169 0.266322
0 0.412924 0.735813 0.214371 0.344929
0 0.772766 0.440893 0.195562 0.336583
0 0.186708 0.738368 0.249133 0.40098
0 0.412594 0.736381 0.213723 0.347934
0 0.604603 0.670517 0.214037 0.451368
0 0.841865 0.665257 0.192169 0.266322
0 0.412924 0.735813 0.214371 0.344929
0 0.772766 0.440893 0.195562 0.336583
