0 0.142935 0.551924 0.207996 0.76298
0 0.3398 0.562396 0.208781 0.756711
0 0.749385 0.580084 0.231299 0.776457
0 0.539363 0.558315 0.218079 0.802571
0 0.142935 0.551924 0.207996 0.76298
0 0.3398 0.562396 0.208781 0.756711
0 0.749385 0.580084 0.231299 0.776457
0 0.539363 0.558315 0.218079 0.802571
0 0.142935 0.551924 0.207996 0.76298
0 0.3398 0.562396 0.208781 0.756711
0 0.749385 0.580084 0.231299 0.776457
0 0.539363 0.558315 0.218079 0.802571
0 0.541374 0.574889 0.210113 0.773001
0 0.145614 0.559274 0.205761 0.755673
0 0.340733 0.569555 0.202836 0.750273
0 0.752273 0.596185 0.231412 0.777962
0 0.541374 0.574889 0.210113 0.773001
0 0.145614 0.559274 0.205761 0.755673
0 0.340733 0.569555 0.202836 0.750273
0 0.752273 0.596185 0.231412 0.777962
0 0.541374 0.574889 0.210113 0.773001
0 0.145614 0.559274 0.205761 0.755673
0 0.340733 0.569555 0.202836 0.750273
0 0.752273 0.596185 0.231412 0.777962
0 0.541374 0.574889 0.210113 0.773001
0 0.145614 0.559274 0.205761 0.755673
0 0.340733 0.569555 0.202836 0.750273
0 0.752273 0.596185 0.231412 0.777962
