0 0.733901 0.675232 0.208959 0.437598
0 0.44415 0.504862 0.164343 0.396817
0 0.901145 0.185268 0.194125 0.370535
0 0.577213 0.575942 0.171775 0.434509
0 0.0944502 0.344383 0.150819 0.489654
0 0.213599 0.348405 0.143013 0.410276
0 0.325185 0.42205 0.145854 0.413128
0 0.733901 0.675232 0.208959 0.437598
0 0.44415 0.504862 0.164343 0.396817
0 0.901145 0.185268 0.194125 0.370535
0 0.577213 0.575942 0.171775 0.434509
0 0.0944502 0.344383 0.150819 0.489654
0 0.213599 0.348405 0.143013 0.410276
0 0.325185 0.42205 0.145854 0.413128
0 0.733901 0.675232 0.208959 0.437598
0 0.44415 0.504862 0.164343 0.396817
0 0.901145 0.185268 0.194125 0.370535
0 0.577213 0.575942 0.171775 0.434509
0 0.0944502 0.344383 0.150819 0.489654
0 0.213599 0.348405 0.143013 0.410276
0 0.325185 0.42205 0.145854 0.413128
0 0.44512 0.500153 0.15801 0.381979
0 0.735388 0.660556 0.205951 0.430817
0 0.579288 0.576666 0.170686 0.410482
0 0.33047 0.420693 0.15968 0.374618
0 0.103321 0.289938 0.152666 0.344705
0 0.221924 0.353411 0.157273 0.357592
0 0.44512 0.500153 0.15801 0.381979
0 0.735388 0.660556 0.205951 0.430817
0 0.579288 0.576666 0.170686 0.410482
0 0.33047 0.420693 0.15968 0.374618
0 0.103321 0.289938 0.152666 0.344705
0 0.221924 0.353411 0.157273 0.357592
0 0.44512 0.500153 0.15801 0.381979
0 0.735388 0.660556 0.205951 0.430817
0 0.579288 0.576666 0.170686 0.410482
0 0.33047 0.420693 0.15968 0.374618
0 0.103321 0.289938 0.152666 0.344705
0 0.221924 0.353411 0.157273 0.357592
0 0.44512 0.500153 0.15801 0.381979
0 0.735388 0.660556 0.205951 0.430817
0 0.579288 0.576666 0.170686 0.410482
0 0.33047 0.420693 0.15968 0.374618
0 0.103321 0.289938 0.152666 0.344705
0 0.221924 0.353411 0.157273 0.357592
