0 0.216636 0.524953 0.426838 0.829911
0 0.707865 0.480187 0.478964 0.745071
0 0.216636 0.524953 0.426838 0.829911
0 0.707865 0.480187 0.478964 0.745071
0 0.216636 0.524953 0.426838 0.829911
0 0.707865 0.480187 0.478964 0.745071
0 0.721817 0.527624 0.541009 0.851746
0 0.232722 0.53817 0.446867 0.834748
0 0.721817 0.527624 0.541009 0.851746
0 0.232722 0.53817 0.446867 0.834748
0 0.721817 0.527624 0.541009 0.851746
0 0.232722 0.53817 0.446867 0.834748
0 0.721817 0.527624 0.541009 0.851746
0 0.232722 0.53817 0.446867 0.834748
