0 0.249257 0.573746 0.498515 0.758848
0 0.580337 0.661124 0.36122 0.610597
0 0.811637 0.674985 0.376725 0.609912
0 0.602822 0.554139 0.537301 0.876414
0 0.249257 0.573746 0.498515 0.758848
0 0.580337 0.661124 0.36122 0.610597
0 0.811637 0.674985 0.376725 0.609912
0 0.602822 0.554139 0.537301 0.876414
0 0.249257 0.573746 0.498515 0.758848
0 0.580337 0.661124 0.36122 0.610597
0 0.811637 0.674985 0.376725 0.609912
0 0.602822 0.554139 0.537301 0.876414
0 0.22883 0.572182 0.457661 0.729892
0 0.571197 0.647688 0.314575 0.593054
0 0.822088 0.681039 0.334748 0.606537
0 0.098347 0.10656 0.196694 0.207772
0 0.95852 0.680341 0.0829596 0.601765
0 0.22883 0.572182 0.457661 0.729892
0 0.571197 0.647688 0.314575 0.593054
0 0.822088 0.681039 0.334748 0.606537
0 0.098347 0.10656 0.196694 0.207772
0 0.95852 0.680341 0.0829596 0.601765
0 0.22883 0.572182 0.457661 0.729892
0 0.571197 0.647688 0.314575 0.593054
0 0.822088 0.681039 0.334748 0.606537
0 0.098347 0.10656 0.196694 0.207772
0 0.95852 0.680341 0.0829596 0.601765
0 0.22883 0.572182 0.457661 0.729892
0 0.571197 0.647688 0.314575 0.593054
0 0.822088 0.681039 0.334748 0.606537
0 0.098347 0.10656 0.196694 0.207772
0 0.95852 0.680341 0.0829596 0.601765
