0 0.0642139 0.331243 0.115437 0.514718
0 0.604919 0.689831 0.105628 0.531948
0 0.177009 0.673611 0.0790728 0.587949
0 0.816474 0.69435 0.101071 0.516876
0 0.498687 0.496212 0.104679 0.900347
0 0.355768 0.535803 0.109918 0.655875
0 0.989075 0.664192 0.0218509 0.458586
0 0.930408 0.714563 0.104647 0.553893
0 0.0778778 0.767958 0.112379 0.365595
0 0.0642139 0.331243 0.115437 0.514718
0 0.604919 0.689831 0.105628 0.531948
0 0.177009 0.673611 0.0790728 0.587949
0 0.816474 0.69435 0.101071 0.516876
0 0.498687 0.496212 0.104679 0.900347
0 0.355768 0.535803 0.109918 0.655875
0 0.989075 0.664192 0.0218509 0.458586
0 0.930408 0.714563 0.104647 0.553893
0 0.0778778 0.767958 0.112379 0.365595
0 0.0642139 0.331243 0.115437 0.514718
0 0.604919 0.689831 0.105628 0.531948
0 0.177009 0.673611 0.0790728 0.587949
0 0.816474 0.69435 0.101071 0.516876
0 0.498687 0.496212 0.104679 0.900347
0 0.355768 0.535803 0.109918 0.655875
0 0.989075 0.664192 0.0218509 0.458586
0 0.930408 0.714563 0.104647 0.553893
0 0.0778778 0.767958 0.112379 0.365595
0 0.60463 0.697581 0.103891 0.529639
0 0.711539 0.683292 0.105843 0.534808
0 0.0635739 0.331843 0.11362 0.508896
0 0.499659 0.509473 0.102058 0.935581
0 0.175722 0.673614 0.074032 0.589853
0 0.816544 0.715539 0.0989412 0.550311
0 0.0826425 0.773609 0.109591 0.368695
0 0.500476 0.708799 0.0957639 0.516528
0 0.081075 0.775234 0.113128 0.365347
0 0.257057 0.670729 0.0752583 0.564782
0 0.60463 0.697581 0.103891 0.529639
0 0.711539 0.683292 0.105843 0.534808
0 0.0635739 0.331843 0.11362 0.508896
0 0.499659 0.509473 0.102058 0.935581
0 0.175722 0.673614 0.074032 0.589853
0 0.816544 0.715539 0.0989412 0.550311
0 0.0826425 0.773609 0.109591 0.368695
0 0.500476 0.708799 0.0957639 0.516528
0 0.081075 0.775234 0.113128 0.365347
0 0.257057 0.670729 0.0752583 0.564782
0 0.357923 0.514001 0.104755 0.589332
0 0.500363 0.656023 0.0985052 0.628041
0 0.355334 0.574886 0.108528 0.684999
0 0.60463 0.697581 0.103891 0.529639
0 0.711539 0.683292 0.105843 0.534808
0 0.0635739 0.331843 0.11362 0.508896
0 0.499659 0.509473 0.102058 0.935581
0 0.175722 0.673614 0.074032 0.589853
0 0.816544 0.715539 0.0989412 0.550311
0 0.0826425 0.773609 0.109591 0.368695
0 0.500476 0.708799 0.0957639 0.516528
0 0.081075 0.775234 0.113128 0.365347
0 0.257057 0.670729 0.0752583 0.564782
0 0.60463 0.697581 0.103891 0.529639
0 0.711539 0.683292 0.105843 0.534808
0 0.0635739 0.331843 0.11362 0.508896
0 0.499659 0.509473 0.102058 0.935581
0 0.175722 0.673614 0.074032 0.589853
0 0.816544 0.715539 0.0989412 0.550311
0 0.0826425 0.773609 0.109591 0.368695
0 0.500476 0.708799 0.0957639 0.516528
0 0.081075 0.775234 0.113128 0.365347
0 0.257057 0.670729 0.0752583 0.564782
