0 0.786449 0.640298 0.064862 0.671212
0 0.410973 0.59311 0.0655334 0.719176
0 0.846991 0.63366 0.0663636 0.687893
0 0.0407271 0.565368 0.0676671 0.736404
0 0.724789 0.628626 0.069149 0.691228
0 0.291834 0.589149 0.0611093 0.704866
0 0.595917 0.606916 0.0666799 0.725527
0 0.166048 0.584599 0.0653087 0.68815
0 0.658839 0.613895 0.0672424 0.715086
0 0.473325 0.599791 0.0651373 0.731528
0 0.966358 0.642967 0.0669178 0.668307
0 0.229741 0.59004 0.0632702 0.711118
0 0.904251 0.647065 0.0635997 0.6705
0 0.534573 0.604918 0.0635823 0.716507
0 0.104172 0.570251 0.0646077 0.722179
0 0.350517 0.588883 0.062635 0.735967
0 0.104549 0.573999 0.0635264 0.729567
0 0.786449 0.640298 0.064862 0.671212
0 0.410973 0.59311 0.0655334 0.719176
0 0.846991 0.63366 0.0663636 0.687893
0 0.0407271 0.565368 0.0676671 0.736404
0 0.724789 0.628626 0.069149 0.691228
0 0.291834 0.589149 0.0611093 0.704866
0 0.595917 0.606916 0.0666799 0.725527
0 0.166048 0.584599 0.0653087 0.68815
0 0.658839 0.613895 0.0672424 0.715086
0 0.473325 0.599791 0.0651373 0.731528
0 0.966358 0.642967 0.0669178 0.668307
0 0.229741 0.59004 0.0632702 0.711118
0 0.904251 0.647065 0.0635997 0.6705
0 0.534573 0.604918 0.0635823 0.716507
0 0.104172 0.570251 0.0646077 0.722179
0 0.350517 0.588883 0.062635 0.735967
0 0.104549 0.573999 0.0635264 0.729567
0 0.786449 0.640298 0.064862 0.671212
0 0.410973 0.59311 0.0655334 0.719176
0 0.846991 0.63366 0.0663636 0.687893
0 0.0407271 0.565368 0.0676671 0.736404
0 0.724789 0.628626 0.069149 0.691228
0 0.291834 0.589149 0.0611093 0.704866
0 0.595917 0.606916 0.0666799 0.725527
0 0.166048 0.584599 0.0653087 0.68815
0 0.658839 0.613895 0.0672424 0.715086
0 0.473325 0.599791 0.0651373 0.731528
0 0.966358 0.642967 0.0669178 0.668307
0 0.229741 0.59004 0.0632702 0.711118
0 0.904251 0.647065 0.0635997 0.6705
0 0.534573 0.604918 0.0635823 0.716507
0 0.104172 0.570251 0.0646077 0.722179
0 0.350517 0.588883 0.062635 0.735967
0 0.104549 0.573999 0.0635264 0.729567
0 0.596295 0.59966 0.063445 0.731597
0 0.473306 0.598643 0.0634424 0.717782
0 0.410761 0.593395 0.0654382 0.722765
0 0.350511 0.594233 0.0607859 0.719827
0 0.905691 0.599575 0.0618605 0.751782
0 0.658239 0.609552 0.0656681 0.707563
0 0.533977 0.602425 0.0644505 0.706934
0 0.724883 0.624939 0.0654041 0.695068
0 0.785722 0.631541 0.0635798 0.700327
0 0.84632 0.627425 0.0630309 0.69314
0 0.290912 0.590499 0.0603059 0.709293
0 0.103919 0.571058 0.0632984 0.721303
0 0.0403406 0.56369 0.0658029 0.741387
0 0.229081 0.585435 0.0615632 0.708984
0 0.967926 0.592402 0.0640619 0.745375
0 0.165444 0.579129 0.0637946 0.711219
0 0.229033 0.584647 0.0620998 0.70318
0 0.596295 0.59966 0.063445 0.731597
0 0.473306 0.598643 0.0634424 0.717782
0 0.410761 0.593395 0.0654382 0.722765
0 0.350511 0.594233 0.0607859 0.719827
0 0.905691 0.599575 0.0618605 0.751782
0 0.658239 0.609552 0.0656681 0.707563
0 0.533977 0.602425 0.0644505 0.706934
0 0.724883 0.624939 0.0654041 0.695068
0 0.785722 0.631541 0.0635798 0.700327
0 0.84632 0.627425 0.0630309 0.69314
0 0.290912 0.590499 0.0603059 0.709293
0 0.103919 0.571058 0.0632984 0.721303
0 0.0403406 0.56369 0.0658029 0.741387
0 0.229081 0.585435 0.0615632 0.708984
0 0.967926 0.592402 0.0640619 0.745375
0 0.165444 0.579129 0.0637946 0.711219
0 0.229033 0.584647 0.0620998 0.70318
0 0.00529386 0.578471 0.0105877 0.713213
0 0.16539 0.581714 0.0634264 0.707467
0 0.596295 0.59966 0.063445 0.731597
0 0.473306 0.598643 0.0634424 0.717782
0 0.410761 0.593395 0.0654382 0.722765
0 0.350511 0.594233 0.0607859 0.719827
0 0.905691 0.599575 0.0618605 0.751782
0 0.658239 0.609552 0.0656681 0.707563
0 0.533977 0.602425 0.0644505 0.706934
0 0.724883 0.624939 0.0654041 0.695068
0 0.785722 0.631541 0.0635798 0.700327
0 0.84632 0.627425 0.0630309 0.69314
0 0.290912 0.590499 0.0603059 0.709293
0 0.103919 0.571058 0.0632984 0.721303
0 0.0403406 0.56369 0.0658029 0.741387
0 0.229081 0.585435 0.0615632 0.708984
0 0.967926 0.592402 0.0640619 0.745375
0 0.165444 0.579129 0.0637946 0.711219
0 0.229033 0.584647 0.0620998 0.70318
0 0.596295 0.59966 0.063445 0.731597
0 0.473306 0.598643 0.0634424 0.717782
0 0.410761 0.593395 0.0654382 0.722765
0 0.350511 0.594233 0.0607859 0.719827
0 0.905691 0.599575 0.0618605 0.751782
0 0.658239 0.609552 0.0656681 0.707563
0 0.533977 0.602425 0.0644505 0.706934
0 0.724883 0.624939 0.0654041 0.695068
0 0.785722 0.631541 0.0635798 0.700327
0 0.84632 0.627425 0.0630309 0.69314
0 0.290912 0.590499 0.0603059 0.709293
0 0.103919 0.571058 0.0632984 0.721303
0 0.0403406 0.56369 0.0658029 0.741387
0 0.229081 0.585435 0.0615632 0.708984
0 0.967926 0.592402 0.0640619 0.745375
0 0.165444 0.579129 0.0637946 0.711219
0 0.229033 0.584647 0.0620998 0.70318
