0 0.0953647 0.376481 0.190729 0.743266
0 0.848542 0.476183 0.299707 0.91559
0 0.552221 0.452011 0.312156 0.861518
0 0.287421 0.420597 0.269416 0.755117
0 0.551822 0.449577 0.318453 0.855807
0 0.0953647 0.376481 0.190729 0.743266
0 0.848542 0.476183 0.299707 0.91559
0 0.552221 0.452011 0.312156 0.861518
0 0.287421 0.420597 0.269416 0.755117
0 0.551822 0.449577 0.318453 0.855807
0 0.0953647 0.376481 0.190729 0.743266
0 0.848542 0.476183 0.299707 0.91559
0 0.552221 0.452011 0.312156 0.861518
0 0.287421 0.420597 0.269416 0.755117
0 0.551822 0.449577 0.318453 0.855807
0 0.0887817 0.376862 0.176545 0.731074
0 0.849689 0.470757 0.299074 0.923571
0 0.291537 0.437511 0.254898 0.733492
0 0.629495 0.454824 0.156637 0.801783
0 0.549557 0.466609 0.323366 0.853872
0 0.490609 0.448994 0.180307 0.841469
0 0.0887817 0.376862 0.176545 0.731074
0 0.849689 0.470757 0.299074 0.923571
0 0.291537 0.437511 0.254898 0.733492
0 0.629495 0.454824 0.156637 0.801783
0 0.549557 0.466609 0.323366 0.853872
0 0.490609 0.448994 0.180307 0.841469
0 0.0887817 0.376862 0.176545 0.731074
0 0.849689 0.470757 0.299074 0.923571
0 0.291537 0.437511 0.254898 0.733492
0 0.629495 0.454824 0.156637 0.801783
0 0.549557 0.466609 0.323366 0.853872
0 0.490609 0.448994 0.180307 0.841469
0 0.0887817 0.376862 0.176545 0.731074
0 0.849689 0.470757 0.299074 0.923571
0 0.291537 0.437511 0.254898 0.733492
0 0.629495 0.454824 0.156637 0.801783
0 0.549557 0.466609 0.323366 0.853872
0 0.490609 0.448994 0.180307 0.841469
