0 0.397071 0.545631 0.225035 0.814347
0 0.150204 0.607828 0.23909 0.738789
0 0.643828 0.538246 0.211458 0.687577
0 0.879519 0.616808 0.162818 0.712579
0 0.397071 0.545631 0.225035 0.814347
0 0.150204 0.607828 0.23909 0.738789
0 0.643828 0.538246 0.211458 0.687577
0 0.879519 0.616808 0.162818 0.712579
0 0.397071 0.545631 0.225035 0.814347
0 0.150204 0.607828 0.23909 0.738789
0 0.643828 0.538246 0.211458 0.687577
0 0.879519 0.616808 0.162818 0.712579
0 0.150393 0.603743 0.232799 0.749482
0 0.397174 0.54946 0.215141 0.814196
0 0.650575 0.529667 0.198542 0.655719
0 0.886659 0.601367 0.165863 0.692279
0 0.910061 0.129912 0.177611 0.259824
0 0.150393 0.603743 0.232799 0.749482
0 0.397174 0.54946 0.215141 0.814196
0 0.650575 0.529667 0.198542 0.655719
0 0.886659 0.601367 0.165863 0.692279
0 0.910061 0.129912 0.177611 0.259824
0 0.887513 0.61015 0.167792 0.710953
0 0.150393 0.603743 0.232799 0.749482
0 0.397174 0.54946 0.215141 0.814196
0 0.650575 0.529667 0.198542 0.655719
0 0.886659 0.601367 0.165863 0.692279
0 0.910061 0.129912 0.177611 0.259824
0 0.150393 0.603743 0.232799 0.749482
0 0.397174 0.54946 0.215141 0.814196
0 0.650575 0.529667 0.198542 0.655719
0 0.886659 0.601367 0.165863 0.692279
0 0.910061 0.129912 0.177611 0.259824
