0 0.254802 0.582764 0.413878 0.791217
0 0.537461 0.630305 0.440601 0.689168
0 0.810676 0.62337 0.378648 0.721659
0 0.254802 0.582764 0.413878 0.791217
0 0.537461 0.630305 0.440601 0.689168
0 0.810676 0.62337 0.378648 0.721659
0 0.254802 0.582764 0.413878 0.791217
0 0.537461 0.630305 0.440601 0.689168
0 0.810676 0.62337 0.378648 0.721659
0 0.825175 0.639613 0.349651 0.687683
0 0.5367 0.631215 0.389035 0.687695
0 0.252469 0.588718 0.347596 0.775952
0 0.825175 0.639613 0.349651 0.687683
0 0.5367 0.631215 0.389035 0.687695
0 0.252469 0.588718 0.347596 0.775952
0 0.825175 0.639613 0.349651 0.687683
0 0.5367 0.631215 0.389035 0.687695
0 0.252469 0.588718 0.347596 0.775952
