0 0.231468 0.477816 0.135471 0.885686
0 0.520713 0.490673 0.15018 0.896177
0 0.359917 0.471925 0.138822 0.877841
0 0.673313 0.471721 0.155821 0.89493
0 0.815343 0.453063 0.143447 0.874277
0 0.941138 0.452791 0.117725 0.824595
0 0.0884411 0.486464 0.162075 0.891016
0 0.0886818 0.494821 0.160099 0.904352
0 0.355983 0.611913 0.129075 0.565582
0 0.231468 0.477816 0.135471 0.885686
0 0.520713 0.490673 0.15018 0.896177
0 0.359917 0.471925 0.138822 0.877841
0 0.673313 0.471721 0.155821 0.89493
0 0.815343 0.453063 0.143447 0.874277
0 0.941138 0.452791 0.117725 0.824595
0 0.0884411 0.486464 0.162075 0.891016
0 0.0886818 0.494821 0.160099 0.904352
0 0.355983 0.611913 0.129075 0.565582
0 0.231468 0.477816 0.135471 0.885686
0 0.520713 0.490673 0.15018 0.896177
0 0.359917 0.471925 0.138822 0.877841
0 0.673313 0.471721 0.155821 0.89493
0 0.815343 0.453063 0.143447 0.874277
0 0.941138 0.452791 0.117725 0.824595
0 0.0884411 0.486464 0.162075 0.891016
0 0.0886818 0.494821 0.160099 0.904352
0 0.355983 0.611913 0.129075 0.565582
0 0.522181 0.486564 0.152351 0.886355
0 0.231861 0.463524 0.139684 0.850103
0 0.362168 0.468974 0.138478 0.85582
0 0.0890077 0.467613 0.161214 0.857034
0 0.675476 0.467911 0.152725 0.896302
0 0.942077 0.435844 0.115846 0.842798
0 0.814751 0.449567 0.143514 0.869385
0 0.522181 0.486564 0.152351 0.886355
0 0.231861 0.463524 0.139684 0.850103
0 0.362168 0.468974 0.138478 0.85582
0 0.0890077 0.467613 0.161214 0.857034
0 0.675476 0.467911 0.152725 0.896302
0 0.942077 0.435844 0.115846 0.842798
0 0.814751 0.449567 0.143514 0.869385
0 0.522181 0.486564 0.152351 0.886355
0 0.231861 0.463524 0.139684 0.850103
0 0.362168 0.468974 0.138478 0.85582
0 0.0890077 0.467613 0.161214 0.857034
0 0.675476 0.467911 0.152725 0.896302
0 0.942077 0.435844 0.115846 0.842798
0 0.814751 0.449567 0.143514 0.869385
0 0.522181 0.486564 0.152351 0.886355
0 0.231861 0.463524 0.139684 0.850103
0 0.362168 0.468974 0.138478 0.85582
0 0.0890077 0.467613 0.161214 0.857034
0 0.675476 0.467911 0.152725 0.896302
0 0.942077 0.435844 0.115846 0.842798
0 0.814751 0.449567 0.143514 0.869385
