0 0.553763 0.4552 0.402372 0.834529
0 0.115005 0.704918 0.23001 0.590165
0 0.553763 0.4552 0.402372 0.834529
0 0.115005 0.704918 0.23001 0.590165
0 0.553763 0.4552 0.402372 0.834529
0 0.115005 0.704918 0.23001 0.590165
0 0.552061 0.463741 0.387852 0.835238
0 0.884457 0.398789 0.10168 0.729451
0 0.964945 0.37263 0.0701108 0.686931
0 0.785212 0.427067 0.128892 0.724708
0 0.785768 0.437838 0.123337 0.708246
0 0.889034 0.395148 0.110593 0.744275
0 0.196237 0.626714 0.392473 0.719311
0 0.552061 0.463741 0.387852 0.835238
0 0.884457 0.398789 0.10168 0.729451
0 0.964945 0.37263 0.0701108 0.686931
0 0.785212 0.427067 0.128892 0.724708
0 0.785768 0.437838 0.123337 0.708246
0 0.889034 0.395148 0.110593 0.744275
0 0.196237 0.626714 0.392473 0.719311
0 0.689435 0.468672 0.0937893 0.72589
0 0.243621 0.605778 0.272967 0.689265
0 0.552061 0.463741 0.387852 0.835238
0 0.884457 0.398789 0.10168 0.729451
0 0.964945 0.37263 0.0701108 0.686931
0 0.785212 0.427067 0.128892 0.724708
0 0.785768 0.437838 0.123337 0.708246
0 0.889034 0.395148 0.110593 0.744275
0 0.196237 0.626714 0.392473 0.719311
