0 0.761934 0.760082 0.153353 0.46424
0 0.620144 0.744701 0.156786 0.467731
0 0.902719 0.762894 0.153359 0.458587
0 0.908049 0.352448 0.136715 0.426358
0 0.324515 0.737126 0.137705 0.467665
0 0.468466 0.739705 0.167732 0.476161
0 0.320373 0.734738 0.145578 0.46362
0 0.468103 0.73788 0.167475 0.479223
0 0.218638 0.737128 0.353812 0.491522
0 0.216017 0.735162 0.353791 0.483315
0 0.761934 0.760082 0.153353 0.46424
0 0.620144 0.744701 0.156786 0.467731
0 0.902719 0.762894 0.153359 0.458587
0 0.908049 0.352448 0.136715 0.426358
0 0.324515 0.737126 0.137705 0.467665
0 0.468466 0.739705 0.167732 0.476161
0 0.320373 0.734738 0.145578 0.46362
0 0.468103 0.73788 0.167475 0.479223
0 0.218638 0.737128 0.353812 0.491522
0 0.216017 0.735162 0.353791 0.483315
0 0.761934 0.760082 0.153353 0.46424
0 0.620144 0.744701 0.156786 0.467731
0 0.902719 0.762894 0.153359 0.458587
0 0.908049 0.352448 0.136715 0.426358
0 0.324515 0.737126 0.137705 0.467665
0 0.468466 0.739705 0.167732 0.476161
0 0.320373 0.734738 0.145578 0.46362
0 0.468103 0.73788 0.167475 0.479223
0 0.218638 0.737128 0.353812 0.491522
0 0.216017 0.735162 0.353791 0.483315
0 0.469584 0.734803 0.166791 0.472407
0 0.76317 0.765409 0.151134 0.450681
0 0.76289 0.348962 0.139303 0.420634
0 0.904135 0.762824 0.144724 0.43558
0 0.909215 0.358677 0.136344 0.405792
0 0.325742 0.73195 0.140517 0.469666
0 0.621394 0.746329 0.158093 0.454817
0 0.159431 0.728678 0.23025 0.481876
0 0.0203258 0.512377 0.040582 0.863664
0 0.469584 0.734803 0.166791 0.472407
0 0.76317 0.765409 0.151134 0.450681
0 0.76289 0.348962 0.139303 0.420634
0 0.904135 0.762824 0.144724 0.43558
0 0.909215 0.358677 0.136344 0.405792
0 0.325742 0.73195 0.140517 0.469666
0 0.621394 0.746329 0.158093 0.454817
0 0.159431 0.728678 0.23025 0.481876
0 0.0203258 0.512377 0.040582 0.863664
0 0.159549 0.730805 0.23054 0.480718
0 0.144646 0.264658 0.170611 0.508585
0 0.907448 0.559688 0.165683 0.847261
0 0.62152 0.745297 0.157723 0.455445
0 0.150802 0.343572 0.156221 0.333732
0 0.308198 0.379987 0.166264 0.291766
0 0.469584 0.734803 0.166791 0.472407
0 0.76317 0.765409 0.151134 0.450681
0 0.76289 0.348962 0.139303 0.420634
0 0.904135 0.762824 0.144724 0.43558
0 0.909215 0.358677 0.136344 0.405792
0 0.325742 0.73195 0.140517 0.469666
0 0.621394 0.746329 0.158093 0.454817
0 0.159431 0.728678 0.23025 0.481876
0 0.0203258 0.512377 0.040582 0.863664
