0 0.654267 0.573728 0.123995 0.607231
0 0.906155 0.635079 0.127401 0.646563
0 0.776823 0.601815 0.122686 0.609003
0 0.300291 0.521097 0.118199 0.574087
0 0.530127 0.539905 0.116655 0.628002
0 0.412516 0.541451 0.117368 0.599601
0 0.188417 0.581464 0.106273 0.402919
0 0.777071 0.669341 0.116095 0.460026
0 0.412606 0.61742 0.110786 0.412333
0 0.654267 0.573728 0.123995 0.607231
0 0.906155 0.635079 0.127401 0.646563
0 0.776823 0.601815 0.122686 0.609003
0 0.300291 0.521097 0.118199 0.574087
0 0.530127 0.539905 0.116655 0.628002
0 0.412516 0.541451 0.117368 0.599601
0 0.188417 0.581464 0.106273 0.402919
0 0.777071 0.669341 0.116095 0.460026
0 0.412606 0.61742 0.110786 0.412333
0 0.654267 0.573728 0.123995 0.607231
0 0.906155 0.635079 0.127401 0.646563
0 0.776823 0.601815 0.122686 0.609003
0 0.300291 0.521097 0.118199 0.574087
0 0.530127 0.539905 0.116655 0.628002
0 0.412516 0.541451 0.117368 0.599601
0 0.188417 0.581464 0.106273 0.402919
0 0.777071 0.669341 0.116095 0.460026
0 0.412606 0.61742 0.110786 0.412333
0 0.779452 0.609157 0.125358 0.584433
0 0.908533 0.647124 0.128786 0.638821
0 0.413366 0.48094 0.116247 0.432097
0 0.53125 0.498094 0.116553 0.44472
0 0.299679 0.458285 0.11155 0.429106
0 0.0821239 0.431162 0.104752 0.443704
0 0.654697 0.58696 0.121871 0.573086
0 0.654343 0.524595 0.118938 0.452045
0 0.779452 0.609157 0.125358 0.584433
0 0.908533 0.647124 0.128786 0.638821
0 0.413366 0.48094 0.116247 0.432097
0 0.53125 0.498094 0.116553 0.44472
0 0.299679 0.458285 0.11155 0.429106
0 0.0821239 0.431162 0.104752 0.443704
0 0.654697 0.58696 0.121871 0.573086
0 0.654343 0.524595 0.118938 0.452045
0 0.104123 0.876771 0.193053 0.246458
0 0.187099 0.442559 0.112225 0.434722
0 0.779452 0.609157 0.125358 0.584433
0 0.908533 0.647124 0.128786 0.638821
0 0.413366 0.48094 0.116247 0.432097
0 0.53125 0.498094 0.116553 0.44472
0 0.299679 0.458285 0.11155 0.429106
0 0.0821239 0.431162 0.104752 0.443704
0 0.654697 0.58696 0.121871 0.573086
0 0.654343 0.524595 0.118938 0.452045
0 0.779452 0.609157 0.125358 0.584433
0 0.908533 0.647124 0.128786 0.638821
0 0.413366 0.48094 0.116247 0.432097
0 0.53125 0.498094 0.116553 0.44472
0 0.299679 0.458285 0.11155 0.429106
0 0.0821239 0.431162 0.104752 0.443704
0 0.654697 0.58696 0.121871 0.573086
0 0.654343 0.524595 0.118938 0.452045
