0 0.883714 0.682157 0.23229 0.438852
0 0.883714 0.682157 0.23229 0.438852
0 0.883714 0.682157 0.23229 0.438852
0 0.577724 0.725712 0.36377 0.408194
0 0.889404 0.685702 0.219999 0.424777
0 0.205159 0.746321 0.387994 0.449232
0 0.577724 0.725712 0.36377 0.408194
0 0.889404 0.685702 0.219999 0.424777
0 0.205159 0.746321 0.387994 0.449232
0 0.577724 0.725712 0.36377 0.408194
0 0.889404 0.685702 0.219999 0.424777
0 0.205159 0.746321 0.387994 0.449232
0 0.577724 0.725712 0.36377 0.408194
0 0.889404 0.685702 0.219999 0.424777
0 0.205159 0.746321 0.387994 0.449232
