0 0.745487 0.621166 0.307381 0.651951
0 0.277374 0.981418 0.0305301 0.0321317
0 0.308374 0.981848 0.0268993 0.0329373
0 0.590939 0.981683 0.0305635 0.0338049
0 0.175704 0.980748 0.03188 0.0340069
0 0.339731 0.980517 0.0297384 0.0348338
0 0.531152 0.97886 0.0335572 0.0373017
0 0.142453 0.982147 0.0311157 0.0321388
0 0.624056 0.981513 0.0312245 0.0326024
0 0.758264 0.983128 0.0288686 0.032112
0 0.745487 0.621166 0.307381 0.651951
0 0.277374 0.981418 0.0305301 0.0321317
0 0.308374 0.981848 0.0268993 0.0329373
0 0.590939 0.981683 0.0305635 0.0338049
0 0.175704 0.980748 0.03188 0.0340069
0 0.339731 0.980517 0.0297384 0.0348338
0 0.531152 0.97886 0.0335572 0.0373017
0 0.142453 0.982147 0.0311157 0.0321388
0 0.624056 0.981513 0.0312245 0.0326024
0 0.758264 0.983128 0.0288686 0.032112
0 0.745487 0.621166 0.307381 0.651951
0 0.277374 0.981418 0.0305301 0.0321317
0 0.308374 0.981848 0.0268993 0.0329373
0 0.590939 0.981683 0.0305635 0.0338049
0 0.175704 0.980748 0.03188 0.0340069
0 0.339731 0.980517 0.0297384 0.0348338
0 0.531152 0.97886 0.0335572 0.0373017
0 0.142453 0.982147 0.0311157 0.0321388
0 0.624056 0.981513 0.0312245 0.0326024
0 0.758264 0.983128 0.0288686 0.032112
0 0.794631 0.644465 0.174974 0.5837
0 0.793474 0.642214 0.174587 0.582091
0 0.938238 0.636862 0.108891 0.593221
