0 0.134248 0.426341 0.204953 0.718065
0 0.849919 0.56038 0.232311 0.826384
0 0.610537 0.560624 0.151819 0.73384
0 0.278032 0.464322 0.11203 0.70736
0 0.380853 0.496064 0.115197 0.718168
0 0.486237 0.520385 0.12012 0.719556
0 0.380844 0.493658 0.11715 0.718206
0 0.490361 0.531204 0.120882 0.728154
0 0.134248 0.426341 0.204953 0.718065
0 0.849919 0.56038 0.232311 0.826384
0 0.610537 0.560624 0.151819 0.73384
0 0.278032 0.464322 0.11203 0.70736
0 0.380853 0.496064 0.115197 0.718168
0 0.486237 0.520385 0.12012 0.719556
0 0.380844 0.493658 0.11715 0.718206
0 0.490361 0.531204 0.120882 0.728154
0 0.134248 0.426341 0.204953 0.718065
0 0.849919 0.56038 0.232311 0.826384
0 0.610537 0.560624 0.151819 0.73384
0 0.278032 0.464322 0.11203 0.70736
0 0.380853 0.496064 0.115197 0.718168
0 0.486237 0.520385 0.12012 0.719556
0 0.380844 0.493658 0.11715 0.718206
0 0.490361 0.531204 0.120882 0.728154
0 0.491251 0.52535 0.112949 0.690403
0 0.852546 0.565127 0.215681 0.830503
0 0.280316 0.473416 0.104756 0.667432
0 0.381885 0.497577 0.110998 0.681054
0 0.601781 0.554253 0.123383 0.68836
0 0.183343 0.429989 0.103339 0.654477
0 0.0908301 0.401034 0.106067 0.644758
0 0.0181839 0.356231 0.0359055 0.637497
0 0.491251 0.52535 0.112949 0.690403
0 0.852546 0.565127 0.215681 0.830503
0 0.280316 0.473416 0.104756 0.667432
0 0.381885 0.497577 0.110998 0.681054
0 0.601781 0.554253 0.123383 0.68836
0 0.183343 0.429989 0.103339 0.654477
0 0.0908301 0.401034 0.106067 0.644758
0 0.0181839 0.356231 0.0359055 0.637497
0 0.601676 0.552901 0.122499 0.6887
0 0.491251 0.52535 0.112949 0.690403
0 0.852546 0.565127 0.215681 0.830503
0 0.280316 0.473416 0.104756 0.667432
0 0.381885 0.497577 0.110998 0.681054
0 0.601781 0.554253 0.123383 0.68836
0 0.183343 0.429989 0.103339 0.654477
0 0.0908301 0.401034 0.106067 0.644758
0 0.0181839 0.356231 0.0359055 0.637497
