0 0.201042 0.596425 0.400213 0.700372
0 0.579077 0.5027 0.384686 0.645417
0 0.879751 0.408762 0.239111 0.6171
0 0.201042 0.596425 0.400213 0.700372
0 0.579077 0.5027 0.384686 0.645417
0 0.879751 0.408762 0.239111 0.6171
0 0.201042 0.596425 0.400213 0.700372
0 0.579077 0.5027 0.384686 0.645417
0 0.879751 0.408762 0.239111 0.6171
0 0.202047 0.604315 0.403343 0.715931
0 0.584599 0.50708 0.391493 0.64075
0 0.202047 0.604315 0.403343 0.715931
0 0.584599 0.50708 0.391493 0.64075
0 0.880373 0.405031 0.234747 0.61917
0 0.202047 0.604315 0.403343 0.715931
0 0.584599 0.50708 0.391493 0.64075
0 0.202047 0.604315 0.403343 0.715931
0 0.584599 0.50708 0.391493 0.64075
