0 0.138327 0.617325 0.233306 0.743484
0 0.372997 0.616974 0.232676 0.665569
0 0.628536 0.584158 0.220599 0.576457
0 0.845882 0.420012 0.226023 0.678383
0 0.0196707 0.49828 0.0393414 0.996561
0 0.0197221 0.5 0.0394443 1
0 0.138327 0.617325 0.233306 0.743484
0 0.372997 0.616974 0.232676 0.665569
0 0.628536 0.584158 0.220599 0.576457
0 0.845882 0.420012 0.226023 0.678383
0 0.0196707 0.49828 0.0393414 0.996561
0 0.0197221 0.5 0.0394443 1
0 0.138327 0.617325 0.233306 0.743484
0 0.372997 0.616974 0.232676 0.665569
0 0.628536 0.584158 0.220599 0.576457
0 0.845882 0.420012 0.226023 0.678383
0 0.0196707 0.49828 0.0393414 0.996561
0 0.0197221 0.5 0.0394443 1
0 0.376838 0.61703 0.223691 0.674819
0 0.138264 0.551568 0.230838 0.895884
0 0.635658 0.613861 0.223293 0.512314
0 0.0221729 0.541167 0.0443459 0.917666
0 0.85979 0.570206 0.227442 0.527185
0 0.376838 0.61703 0.223691 0.674819
0 0.138264 0.551568 0.230838 0.895884
0 0.635658 0.613861 0.223293 0.512314
0 0.0221729 0.541167 0.0443459 0.917666
0 0.85979 0.570206 0.227442 0.527185
0 0.847792 0.458607 0.2354 0.765537
0 0.376838 0.61703 0.223691 0.674819
0 0.138264 0.551568 0.230838 0.895884
0 0.635658 0.613861 0.223293 0.512314
0 0.0221729 0.541167 0.0443459 0.917666
0 0.85979 0.570206 0.227442 0.527185
0 0.376838 0.61703 0.223691 0.674819
0 0.138264 0.551568 0.230838 0.895884
0 0.635658 0.613861 0.223293 0.512314
0 0.0221729 0.541167 0.0443459 0.917666
0 0.85979 0.570206 0.227442 0.527185
