0 0.296288 0.694774 0.249787 0.431896
0 0.653855 0.471942 0.222983 0.362132
0 0.296288 0.694774 0.249787 0.431896
0 0.653855 0.471942 0.222983 0.362132
0 0.296288 0.694774 0.249787 0.431896
0 0.653855 0.471942 0.222983 0.362132
0 0.295386 0.696172 0.258249 0.475419
0 0.65737 0.484489 0.234881 0.433336
0 0.295386 0.696172 0.258249 0.475419
0 0.65737 0.484489 0.234881 0.433336
0 0.0216304 0.618071 0.0432607 0.558157
0 0.295386 0.696172 0.258249 0.475419
0 0.65737 0.484489 0.234881 0.433336
0 0.295386 0.696172 0.258249 0.475419
0 0.65737 0.484489 0.234881 0.433336
