0 0.143697 0.448251 0.287395 0.740845
0 0.729432 0.554174 0.340981 0.784048
0 0.38043 0.667777 0.388951 0.38887
0 0.143697 0.448251 0.287395 0.740845
0 0.729432 0.554174 0.340981 0.784048
0 0.38043 0.667777 0.388951 0.38887
0 0.143697 0.448251 0.287395 0.740845
0 0.729432 0.554174 0.340981 0.784048
0 0.38043 0.667777 0.388951 0.38887
0 0.148589 0.424098 0.296487 0.766247
0 0.390202 0.657119 0.39666 0.42569
0 0.148589 0.424098 0.296487 0.766247
0 0.390202 0.657119 0.39666 0.42569
0 0.148589 0.424098 0.296487 0.766247
0 0.390202 0.657119 0.39666 0.42569
0 0.148589 0.424098 0.296487 0.766247
0 0.390202 0.657119 0.39666 0.42569
