0 0.313261 0.553799 0.189517 0.736248
0 0.624077 0.516118 0.176655 0.687062
0 0.798314 0.435573 0.226639 0.619683
0 0.526006 0.46893 0.06804 0.555402
0 0.449312 0.419813 0.0925944 0.604315
0 0.313261 0.553799 0.189517 0.736248
0 0.624077 0.516118 0.176655 0.687062
0 0.798314 0.435573 0.226639 0.619683
0 0.526006 0.46893 0.06804 0.555402
0 0.449312 0.419813 0.0925944 0.604315
0 0.313261 0.553799 0.189517 0.736248
0 0.624077 0.516118 0.176655 0.687062
0 0.798314 0.435573 0.226639 0.619683
0 0.526006 0.46893 0.06804 0.555402
0 0.449312 0.419813 0.0925944 0.604315
0 0.625048 0.523365 0.169009 0.682183
0 0.313767 0.578139 0.188677 0.702995
0 0.114293 0.47334 0.184695 0.496332
0 0.799639 0.417451 0.200546 0.466144
0 0.943558 0.368547 0.0979927 0.558796
0 0.453113 0.443632 0.098416 0.525641
0 0.625048 0.523365 0.169009 0.682183
0 0.313767 0.578139 0.188677 0.702995
0 0.114293 0.47334 0.184695 0.496332
0 0.799639 0.417451 0.200546 0.466144
0 0.943558 0.368547 0.0979927 0.558796
0 0.453113 0.443632 0.098416 0.525641
0 0.625048 0.523365 0.169009 0.682183
0 0.313767 0.578139 0.188677 0.702995
0 0.114293 0.47334 0.184695 0.496332
0 0.799639 0.417451 0.200546 0.466144
0 0.943558 0.368547 0.0979927 0.558796
0 0.453113 0.443632 0.098416 0.525641
