0 0.165019 0.609533 0.104975 0.705939
0 0.380608 0.603049 0.113684 0.700313
0 0.270463 0.600793 0.10788 0.708215
0 0.947687 0.596623 0.101372 0.715993
0 0.606309 0.599165 0.113707 0.71005
0 0.0568167 0.606183 0.110166 0.732675
0 0.495452 0.596796 0.119976 0.721267
0 0.833384 0.588355 0.115881 0.727585
0 0.7236 0.594775 0.126226 0.717228
0 0.724255 0.597165 0.12422 0.715977
0 0.165019 0.609533 0.104975 0.705939
0 0.380608 0.603049 0.113684 0.700313
0 0.270463 0.600793 0.10788 0.708215
0 0.947687 0.596623 0.101372 0.715993
0 0.606309 0.599165 0.113707 0.71005
0 0.0568167 0.606183 0.110166 0.732675
0 0.495452 0.596796 0.119976 0.721267
0 0.833384 0.588355 0.115881 0.727585
0 0.7236 0.594775 0.126226 0.717228
0 0.724255 0.597165 0.12422 0.715977
0 0.165019 0.609533 0.104975 0.705939
0 0.380608 0.603049 0.113684 0.700313
0 0.270463 0.600793 0.10788 0.708215
0 0.947687 0.596623 0.101372 0.715993
0 0.606309 0.599165 0.113707 0.71005
0 0.0568167 0.606183 0.110166 0.732675
0 0.495452 0.596796 0.119976 0.721267
0 0.833384 0.588355 0.115881 0.727585
0 0.7236 0.594775 0.126226 0.717228
0 0.724255 0.597165 0.12422 0.715977
0 0.606658 0.605479 0.113149 0.695062
0 0.495873 0.602061 0.122653 0.710059
0 0.833842 0.592658 0.116321 0.709291
0 0.163974 0.618982 0.109041 0.697388
0 0.722408 0.604848 0.124861 0.70179
0 0.379552 0.603692 0.114675 0.698683
0 0.0580631 0.614439 0.110648 0.712685
0 0.271041 0.604119 0.110491 0.696315
0 0.948693 0.600624 0.0998642 0.700354
0 0.606658 0.605479 0.113149 0.695062
0 0.495873 0.602061 0.122653 0.710059
0 0.833842 0.592658 0.116321 0.709291
0 0.163974 0.618982 0.109041 0.697388
0 0.722408 0.604848 0.124861 0.70179
0 0.379552 0.603692 0.114675 0.698683
0 0.0580631 0.614439 0.110648 0.712685
0 0.271041 0.604119 0.110491 0.696315
0 0.948693 0.600624 0.0998642 0.700354
0 0.949065 0.602928 0.099944 0.69164
0 0.606658 0.605479 0.113149 0.695062
0 0.495873 0.602061 0.122653 0.710059
0 0.833842 0.592658 0.116321 0.709291
0 0.163974 0.618982 0.109041 0.697388
0 0.722408 0.604848 0.124861 0.70179
0 0.379552 0.603692 0.114675 0.698683
0 0.0580631 0.614439 0.110648 0.712685
0 0.271041 0.604119 0.110491 0.696315
0 0.948693 0.600624 0.0998642 0.700354
0 0.606658 0.605479 0.113149 0.695062
0 0.495873 0.602061 0.122653 0.710059
0 0.833842 0.592658 0.116321 0.709291
0 0.163974 0.618982 0.109041 0.697388
0 0.722408 0.604848 0.124861 0.70179
0 0.379552 0.603692 0.114675 0.698683
0 0.0580631 0.614439 0.110648 0.712685
0 0.271041 0.604119 0.110491 0.696315
0 0.948693 0.600624 0.0998642 0.700354
