0 0.938876 0.486731 0.121717 0.821839
0 0.846043 0.484393 0.135568 0.81925
0 0.0217152 0.364789 0.0432369 0.48581
0 0.0220653 0.774484 0.0441307 0.360085
0 0.938876 0.486731 0.121717 0.821839
0 0.846043 0.484393 0.135568 0.81925
0 0.0217152 0.364789 0.0432369 0.48581
0 0.0220653 0.774484 0.0441307 0.360085
0 0.938876 0.486731 0.121717 0.821839
0 0.846043 0.484393 0.135568 0.81925
0 0.0217152 0.364789 0.0432369 0.48581
0 0.0220653 0.774484 0.0441307 0.360085
0 0.186722 0.371217 0.321156 0.522456
0 0.836871 0.490171 0.124566 0.815353
0 0.936547 0.457944 0.126906 0.886737
0 0.184865 0.773039 0.302022 0.375329
0 0.485937 0.38105 0.298073 0.510857
0 0.0220543 0.773868 0.0441087 0.373017
0 0.0230696 0.374245 0.0461391 0.488819
0 0.731558 0.499956 0.129087 0.802841
0 0.489045 0.778629 0.290661 0.369054
0 0.186722 0.371217 0.321156 0.522456
0 0.836871 0.490171 0.124566 0.815353
0 0.936547 0.457944 0.126906 0.886737
0 0.184865 0.773039 0.302022 0.375329
0 0.485937 0.38105 0.298073 0.510857
0 0.0220543 0.773868 0.0441087 0.373017
0 0.0230696 0.374245 0.0461391 0.488819
0 0.731558 0.499956 0.129087 0.802841
0 0.489045 0.778629 0.290661 0.369054
0 0.186722 0.371217 0.321156 0.522456
0 0.836871 0.490171 0.124566 0.815353
0 0.936547 0.457944 0.126906 0.886737
0 0.184865 0.773039 0.302022 0.375329
0 0.485937 0.38105 0.298073 0.510857
0 0.0220543 0.773868 0.0441087 0.373017
0 0.0230696 0.374245 0.0461391 0.488819
0 0.731558 0.499956 0.129087 0.802841
0 0.489045 0.778629 0.290661 0.369054
