0 0.713772 0.733906 0.071107 0.447046
0 0.415238 0.645039 0.0657859 0.62159
0 0.553005 0.648833 0.0788951 0.615053
0 0.205025 0.460139 0.0728215 0.599203
0 0.63396 0.730883 0.0765705 0.470146
0 0.481385 0.649782 0.067197 0.621488
0 0.884431 0.746723 0.0820282 0.44211
0 0.348033 0.536582 0.0699556 0.755403
0 0.799965 0.739245 0.0762498 0.430346
0 0.797652 0.347499 0.0469474 0.32897
0 0.0621559 0.427374 0.0699361 0.510604
0 0.882387 0.266133 0.0784421 0.473435
0 0.277007 0.530767 0.0762985 0.750719
0 0.13381 0.436365 0.0709284 0.540394
0 0.961755 0.263984 0.0761002 0.473782
0 0.96516 0.745502 0.0696793 0.436114
0 0.835747 0.301493 0.0256057 0.404342
0 0.012415 0.430011 0.0241871 0.528112
0 0.713772 0.733906 0.071107 0.447046
0 0.415238 0.645039 0.0657859 0.62159
0 0.553005 0.648833 0.0788951 0.615053
0 0.205025 0.460139 0.0728215 0.599203
0 0.63396 0.730883 0.0765705 0.470146
0 0.481385 0.649782 0.067197 0.621488
0 0.884431 0.746723 0.0820282 0.44211
0 0.348033 0.536582 0.0699556 0.755403
0 0.799965 0.739245 0.0762498 0.430346
0 0.797652 0.347499 0.0469474 0.32897
0 0.0621559 0.427374 0.0699361 0.510604
0 0.882387 0.266133 0.0784421 0.473435
0 0.277007 0.530767 0.0762985 0.750719
0 0.13381 0.436365 0.0709284 0.540394
0 0.961755 0.263984 0.0761002 0.473782
0 0.96516 0.745502 0.0696793 0.436114
0 0.835747 0.301493 0.0256057 0.404342
0 0.012415 0.430011 0.0241871 0.528112
0 0.713772 0.733906 0.071107 0.447046
0 0.415238 0.645039 0.0657859 0.62159
0 0.553005 0.648833 0.0788951 0.615053
0 0.205025 0.460139 0.0728215 0.599203
0 0.63396 0.730883 0.0765705 0.470146
0 0.481385 0.649782 0.067197 0.621488
0 0.884431 0.746723 0.0820282 0.44211
0 0.348033 0.536582 0.0699556 0.755403
0 0.799965 0.739245 0.0762498 0.430346
0 0.797652 0.347499 0.0469474 0.32897
0 0.0621559 0.427374 0.0699361 0.510604
0 0.882387 0.266133 0.0784421 0.473435
0 0.277007 0.530767 0.0762985 0.750719
0 0.13381 0.436365 0.0709284 0.540394
0 0.961755 0.263984 0.0761002 0.473782
0 0.96516 0.745502 0.0696793 0.436114
0 0.835747 0.301493 0.0256057 0.404342
0 0.012415 0.430011 0.0241871 0.528112
0 0.55363 0.648792 0.0776254 0.609698
0 0.6346 0.731789 0.0784461 0.45779
0 0.716102 0.730805 0.0767676 0.452608
0 0.481726 0.648803 0.0689597 0.615281
0 0.966669 0.745035 0.0666181 0.427228
0 0.133351 0.432227 0.0714129 0.527572
0 0.961664 0.264114 0.0766719 0.478577
0 0.205152 0.454209 0.0731957 0.576721
0 0.878749 0.266332 0.0861234 0.472066
0 0.349577 0.512889 0.0687647 0.688361
0 0.0140332 0.392507 0.0277859 0.426149
0 0.278636 0.479486 0.0754043 0.6279
0 0.0626564 0.416429 0.0689551 0.466991
0 0.793011 0.35667 0.0540331 0.306259
0 0.805192 0.750188 0.0750608 0.419675
0 0.414885 0.6462 0.0669582 0.618641
0 0.415379 0.645995 0.067105 0.611482
0 0.55363 0.648792 0.0776254 0.609698
0 0.6346 0.731789 0.0784461 0.45779
0 0.716102 0.730805 0.0767676 0.452608
0 0.481726 0.648803 0.0689597 0.615281
0 0.966669 0.745035 0.0666181 0.427228
0 0.133351 0.432227 0.0714129 0.527572
0 0.961664 0.264114 0.0766719 0.478577
0 0.205152 0.454209 0.0731957 0.576721
0 0.878749 0.266332 0.0861234 0.472066
0 0.349577 0.512889 0.0687647 0.688361
0 0.0140332 0.392507 0.0277859 0.426149
0 0.278636 0.479486 0.0754043 0.6279
0 0.0626564 0.416429 0.0689551 0.466991
0 0.793011 0.35667 0.0540331 0.306259
0 0.805192 0.750188 0.0750608 0.419675
0 0.414885 0.6462 0.0669582 0.618641
0 0.415379 0.645995 0.067105 0.611482
0 0.88649 0.758588 0.0857523 0.419088
0 0.886758 0.758582 0.0847714 0.402815
0 0.00986181 0.870247 0.0197236 0.250561
0 0.0354749 0.874006 0.0516683 0.251988
0 0.794805 0.344643 0.0393627 0.303045
0 0.55363 0.648792 0.0776254 0.609698
0 0.6346 0.731789 0.0784461 0.45779
0 0.716102 0.730805 0.0767676 0.452608
0 0.481726 0.648803 0.0689597 0.615281
0 0.966669 0.745035 0.0666181 0.427228
0 0.133351 0.432227 0.0714129 0.527572
0 0.961664 0.264114 0.0766719 0.478577
0 0.205152 0.454209 0.0731957 0.576721
0 0.878749 0.266332 0.0861234 0.472066
0 0.349577 0.512889 0.0687647 0.688361
0 0.0140332 0.392507 0.0277859 0.426149
0 0.278636 0.479486 0.0754043 0.6279
0 0.0626564 0.416429 0.0689551 0.466991
0 0.793011 0.35667 0.0540331 0.306259
0 0.805192 0.750188 0.0750608 0.419675
0 0.414885 0.6462 0.0669582 0.618641
0 0.415379 0.645995 0.067105 0.611482
