0 0.644402 0.501095 0.0462316 0.585566
0 0.975597 0.63209 0.0488063 0.703165
0 0.926247 0.61581 0.0620315 0.69739
0 0.820205 0.589264 0.0573781 0.652381
0 0.871592 0.605237 0.0617864 0.675237
0 0.685016 0.516395 0.0479526 0.616449
0 0.508731 0.45602 0.0422591 0.52702
0 0.401884 0.407744 0.0618437 0.502757
0 0.542549 0.464543 0.0397947 0.549843
0 0.608938 0.494488 0.0410553 0.557463
0 0.772413 0.561409 0.054081 0.643067
0 0.33445 0.38626 0.0358089 0.467205
0 0.305746 0.378526 0.0367105 0.451847
0 0.172004 0.326244 0.0520551 0.41138
0 0.445553 0.428071 0.0399906 0.493035
0 0.086291 0.291227 0.0656539 0.409213
0 0.033862 0.262821 0.0446983 0.379293
0 0.218166 0.349722 0.050064 0.399742
0 0.26193 0.369224 0.0418433 0.407986
0 0.359193 0.393803 0.0348162 0.474843
0 0.72758 0.531084 0.0514683 0.637162
0 0.57516 0.480451 0.0375607 0.550731
0 0.100676 0.299051 0.0936976 0.423463
0 0.644402 0.501095 0.0462316 0.585566
0 0.975597 0.63209 0.0488063 0.703165
0 0.926247 0.61581 0.0620315 0.69739
0 0.820205 0.589264 0.0573781 0.652381
0 0.871592 0.605237 0.0617864 0.675237
0 0.685016 0.516395 0.0479526 0.616449
0 0.508731 0.45602 0.0422591 0.52702
0 0.401884 0.407744 0.0618437 0.502757
0 0.542549 0.464543 0.0397947 0.549843
0 0.608938 0.494488 0.0410553 0.557463
0 0.772413 0.561409 0.054081 0.643067
0 0.33445 0.38626 0.0358089 0.467205
0 0.305746 0.378526 0.0367105 0.451847
0 0.172004 0.326244 0.0520551 0.41138
0 0.445553 0.428071 0.0399906 0.493035
0 0.086291 0.291227 0.0656539 0.409213
0 0.033862 0.262821 0.0446983 0.379293
0 0.218166 0.349722 0.050064 0.399742
0 0.26193 0.369224 0.0418433 0.407986
0 0.359193 0.393803 0.0348162 0.474843
0 0.72758 0.531084 0.0514683 0.637162
0 0.57516 0.480451 0.0375607 0.550731
0 0.100676 0.299051 0.0936976 0.423463
0 0.644402 0.501095 0.0462316 0.585566
0 0.975597 0.63209 0.0488063 0.703165
0 0.926247 0.61581 0.0620315 0.69739
0 0.820205 0.589264 0.0573781 0.652381
0 0.871592 0.605237 0.0617864 0.675237
0 0.685016 0.516395 0.0479526 0.616449
0 0.508731 0.45602 0.0422591 0.52702
0 0.401884 0.407744 0.0618437 0.502757
0 0.542549 0.464543 0.0397947 0.549843
0 0.608938 0.494488 0.0410553 0.557463
0 0.772413 0.561409 0.054081 0.643067
0 0.33445 0.38626 0.0358089 0.467205
0 0.305746 0.378526 0.0367105 0.451847
0 0.172004 0.326244 0.0520551 0.41138
0 0.445553 0.428071 0.0399906 0.493035
0 0.086291 0.291227 0.0656539 0.409213
0 0.033862 0.262821 0.0446983 0.379293
0 0.218166 0.349722 0.050064 0.399742
0 0.26193 0.369224 0.0418433 0.407986
0 0.359193 0.393803 0.0348162 0.474843
0 0.72758 0.531084 0.0514683 0.637162
0 0.57516 0.480451 0.0375607 0.550731
0 0.100676 0.299051 0.0936976 0.423463
0 0.727776 0.541291 0.0539811 0.621463
0 0.925603 0.617259 0.0649714 0.692757
0 0.871655 0.604928 0.064018 0.675006
0 0.256319 0.366095 0.0387179 0.413147
0 0.685463 0.521254 0.0525279 0.601417
0 0.97387 0.62521 0.05226 0.692654
0 0.542142 0.470809 0.0441054 0.542615
0 0.475643 0.441568 0.0409602 0.517883
0 0.644466 0.507632 0.048711 0.567178
0 0.820298 0.592506 0.0594023 0.647431
0 0.772801 0.571274 0.0581038 0.63624
0 0.172861 0.338435 0.0516832 0.389843
0 0.509188 0.462773 0.0439311 0.527889
0 0.0829076 0.288063 0.0601114 0.401342
0 0.444644 0.43051 0.0382291 0.497168
0 0.574203 0.497223 0.0411321 0.525959
0 0.608329 0.509043 0.0450266 0.527305
0 0.3056 0.378234 0.0378541 0.434389
0 0.130833 0.318545 0.0440733 0.399309
0 0.332268 0.38855 0.0374098 0.437074
0 0.218304 0.352096 0.0530314 0.391584
0 0.0358762 0.270469 0.0463032 0.361394
0 0.279658 0.371681 0.0344937 0.41556
0 0.279656 0.343601 0.0315751 0.415842
0 0.727776 0.541291 0.0539811 0.621463
0 0.925603 0.617259 0.0649714 0.692757
0 0.871655 0.604928 0.064018 0.675006
0 0.256319 0.366095 0.0387179 0.413147
0 0.685463 0.521254 0.0525279 0.601417
0 0.97387 0.62521 0.05226 0.692654
0 0.542142 0.470809 0.0441054 0.542615
0 0.475643 0.441568 0.0409602 0.517883
0 0.644466 0.507632 0.048711 0.567178
0 0.820298 0.592506 0.0594023 0.647431
0 0.772801 0.571274 0.0581038 0.63624
0 0.172861 0.338435 0.0516832 0.389843
0 0.509188 0.462773 0.0439311 0.527889
0 0.0829076 0.288063 0.0601114 0.401342
0 0.444644 0.43051 0.0382291 0.497168
0 0.574203 0.497223 0.0411321 0.525959
0 0.608329 0.509043 0.0450266 0.527305
0 0.3056 0.378234 0.0378541 0.434389
0 0.130833 0.318545 0.0440733 0.399309
0 0.332268 0.38855 0.0374098 0.437074
0 0.218304 0.352096 0.0530314 0.391584
0 0.0358762 0.270469 0.0463032 0.361394
0 0.279658 0.371681 0.0344937 0.41556
0 0.279656 0.343601 0.0315751 0.415842
0 0.0394632 0.2603 0.0300479 0.336294
0 0.402103 0.419479 0.0612426 0.488692
0 0.00574412 0.257227 0.0110155 0.375459
0 0.0297271 0.258232 0.0379143 0.343079
0 0.359709 0.394376 0.0389669 0.448523
0 0.0147212 0.253336 0.0230755 0.367172
0 0.278197 0.353073 0.0296194 0.407827
0 0.00948359 0.263115 0.0189672 0.357774
0 0.727776 0.541291 0.0539811 0.621463
0 0.925603 0.617259 0.0649714 0.692757
0 0.871655 0.604928 0.064018 0.675006
0 0.256319 0.366095 0.0387179 0.413147
0 0.685463 0.521254 0.0525279 0.601417
0 0.97387 0.62521 0.05226 0.692654
0 0.542142 0.470809 0.0441054 0.542615
0 0.475643 0.441568 0.0409602 0.517883
0 0.644466 0.507632 0.048711 0.567178
0 0.820298 0.592506 0.0594023 0.647431
0 0.772801 0.571274 0.0581038 0.63624
0 0.172861 0.338435 0.0516832 0.389843
0 0.509188 0.462773 0.0439311 0.527889
0 0.0829076 0.288063 0.0601114 0.401342
0 0.444644 0.43051 0.0382291 0.497168
0 0.574203 0.497223 0.0411321 0.525959
0 0.608329 0.509043 0.0450266 0.527305
0 0.3056 0.378234 0.0378541 0.434389
0 0.130833 0.318545 0.0440733 0.399309
0 0.332268 0.38855 0.0374098 0.437074
0 0.218304 0.352096 0.0530314 0.391584
0 0.0358762 0.270469 0.0463032 0.361394
0 0.279658 0.371681 0.0344937 0.41556
0 0.279656 0.343601 0.0315751 0.415842
