0 0.295825 0.191914 0.156388 0.218528
0 0.637929 0.11219 0.120764 0.193718
0 0.470712 0.172114 0.19084 0.23052
0 0.281933 0.599191 0.189225 0.62041
0 0.129899 0.217512 0.164447 0.240785
0 0.471414 0.165148 0.191393 0.242838
0 0.0997565 0.635751 0.199513 0.68305
0 0.295825 0.191914 0.156388 0.218528
0 0.637929 0.11219 0.120764 0.193718
0 0.470712 0.172114 0.19084 0.23052
0 0.281933 0.599191 0.189225 0.62041
0 0.129899 0.217512 0.164447 0.240785
0 0.471414 0.165148 0.191393 0.242838
0 0.0997565 0.635751 0.199513 0.68305
0 0.295825 0.191914 0.156388 0.218528
0 0.637929 0.11219 0.120764 0.193718
0 0.470712 0.172114 0.19084 0.23052
0 0.281933 0.599191 0.189225 0.62041
0 0.129899 0.217512 0.164447 0.240785
0 0.471414 0.165148 0.191393 0.242838
0 0.0997565 0.635751 0.199513 0.68305
0 0.475277 0.176802 0.195964 0.242605
0 0.636963 0.113375 0.125997 0.20831
0 0.282132 0.593737 0.192039 0.674238
0 0.296411 0.18917 0.155572 0.227413
0 0.481475 0.562949 0.242367 0.636465
0 0.12783 0.227258 0.171347 0.252634
0 0.0369146 0.142472 0.0738292 0.284945
0 0.83441 0.472751 0.138222 0.241656
0 0.475277 0.176802 0.195964 0.242605
0 0.636963 0.113375 0.125997 0.20831
0 0.282132 0.593737 0.192039 0.674238
0 0.296411 0.18917 0.155572 0.227413
0 0.481475 0.562949 0.242367 0.636465
0 0.12783 0.227258 0.171347 0.252634
0 0.0369146 0.142472 0.0738292 0.284945
0 0.83441 0.472751 0.138222 0.241656
0 0.861654 0.12233 0.0789544 0.24466
0 0.692858 0.460328 0.181081 0.54432
0 0.103373 0.646411 0.204244 0.707179
0 0.877437 0.413083 0.229717 0.403035
0 0.035417 0.190741 0.0698391 0.215992
