0 0.854245 0.579286 0.199648 0.771042
0 0.203011 0.465248 0.144318 0.646976
0 0.564099 0.554229 0.141274 0.687048
0 0.32023 0.503502 0.140229 0.686285
0 0.441759 0.533489 0.141354 0.700768
0 0.69046 0.690959 0.141945 0.471602
0 0.854245 0.579286 0.199648 0.771042
0 0.203011 0.465248 0.144318 0.646976
0 0.564099 0.554229 0.141274 0.687048
0 0.32023 0.503502 0.140229 0.686285
0 0.441759 0.533489 0.141354 0.700768
0 0.69046 0.690959 0.141945 0.471602
0 0.854245 0.579286 0.199648 0.771042
0 0.203011 0.465248 0.144318 0.646976
0 0.564099 0.554229 0.141274 0.687048
0 0.32023 0.503502 0.140229 0.686285
0 0.441759 0.533489 0.141354 0.700768
0 0.69046 0.690959 0.141945 0.471602
0 0.565758 0.575403 0.137821 0.651863
0 0.319797 0.510994 0.138571 0.662311
0 0.859932 0.571099 0.189665 0.773032
0 0.691158 0.592731 0.144996 0.668224
0 0.443223 0.54969 0.139699 0.64659
0 0.206664 0.473344 0.13587 0.652171
0 0.0878599 0.432195 0.140362 0.632271
0 0.0869636 0.436071 0.133887 0.629365
0 0.565758 0.575403 0.137821 0.651863
0 0.319797 0.510994 0.138571 0.662311
0 0.859932 0.571099 0.189665 0.773032
0 0.691158 0.592731 0.144996 0.668224
0 0.443223 0.54969 0.139699 0.64659
0 0.206664 0.473344 0.13587 0.652171
0 0.0878599 0.432195 0.140362 0.632271
0 0.0869636 0.436071 0.133887 0.629365
0 0.968879 0.592396 0.0622421 0.782449
0 0.973512 0.593904 0.052977 0.789195
0 0.565758 0.575403 0.137821 0.651863
0 0.319797 0.510994 0.138571 0.662311
0 0.859932 0.571099 0.189665 0.773032
0 0.691158 0.592731 0.144996 0.668224
0 0.443223 0.54969 0.139699 0.64659
0 0.206664 0.473344 0.13587 0.652171
0 0.0878599 0.432195 0.140362 0.632271
0 0.0869636 0.436071 0.133887 0.629365
