0 0.199247 0.56425 0.396915 0.794612
0 0.711178 0.502324 0.526831 0.909601
0 0.199247 0.56425 0.396915 0.794612
0 0.711178 0.502324 0.526831 0.909601
0 0.199247 0.56425 0.396915 0.794612
0 0.711178 0.502324 0.526831 0.909601
0 0.679366 0.706596 0.458293 0.50661
0 0.216622 0.551175 0.402196 0.807391
0 0.735093 0.275012 0.519873 0.49706
0 0.727309 0.465805 0.535319 0.882747
0 0.215366 0.560273 0.412333 0.804468
0 0.679366 0.706596 0.458293 0.50661
0 0.216622 0.551175 0.402196 0.807391
0 0.735093 0.275012 0.519873 0.49706
0 0.727309 0.465805 0.535319 0.882747
0 0.215366 0.560273 0.412333 0.804468
0 0.203184 0.746269 0.392386 0.425351
0 0.718088 0.500946 0.543839 0.971392
0 0.679366 0.706596 0.458293 0.50661
0 0.216622 0.551175 0.402196 0.807391
0 0.735093 0.275012 0.519873 0.49706
0 0.727309 0.465805 0.535319 0.882747
0 0.215366 0.560273 0.412333 0.804468
0 0.679366 0.706596 0.458293 0.50661
0 0.216622 0.551175 0.402196 0.807391
0 0.735093 0.275012 0.519873 0.49706
0 0.727309 0.465805 0.535319 0.882747
0 0.215366 0.560273 0.412333 0.804468
