0 0.638508 0.547484 0.182995 0.88861
0 0.462896 0.551832 0.191537 0.879393
0 0.110116 0.553819 0.17975 0.885753
0 0.82725 0.54603 0.207165 0.880938
0 0.286556 0.555401 0.181716 0.881692
0 0.638508 0.547484 0.182995 0.88861
0 0.462896 0.551832 0.191537 0.879393
0 0.110116 0.553819 0.17975 0.885753
0 0.82725 0.54603 0.207165 0.880938
0 0.286556 0.555401 0.181716 0.881692
0 0.638508 0.547484 0.182995 0.88861
0 0.462896 0.551832 0.191537 0.879393
0 0.110116 0.553819 0.17975 0.885753
0 0.82725 0.54603 0.207165 0.880938
0 0.286556 0.555401 0.181716 0.881692
0 0.287828 0.565069 0.173173 0.86913
0 0.465108 0.555613 0.178688 0.875895
0 0.639819 0.555681 0.176062 0.882099
0 0.111501 0.562729 0.174954 0.874541
0 0.825461 0.555963 0.185343 0.888075
0 0.287828 0.565069 0.173173 0.86913
0 0.465108 0.555613 0.178688 0.875895
0 0.639819 0.555681 0.176062 0.882099
0 0.111501 0.562729 0.174954 0.874541
0 0.825461 0.555963 0.185343 0.888075
0 0.287828 0.565069 0.173173 0.86913
0 0.465108 0.555613 0.178688 0.875895
0 0.639819 0.555681 0.176062 0.882099
0 0.111501 0.562729 0.174954 0.874541
0 0.825461 0.555963 0.185343 0.888075
0 0.287828 0.565069 0.173173 0.86913
0 0.465108 0.555613 0.178688 0.875895
0 0.639819 0.555681 0.176062 0.882099
0 0.111501 0.562729 0.174954 0.874541
0 0.825461 0.555963 0.185343 0.888075
