0 0.822561 0.510424 0.304846 0.516947
0 0.500142 0.511449 0.313121 0.526113
0 0.187353 0.531325 0.313765 0.497616
0 0.186557 0.530839 0.314005 0.491478
0 0.822561 0.510424 0.304846 0.516947
0 0.500142 0.511449 0.313121 0.526113
0 0.187353 0.531325 0.313765 0.497616
0 0.186557 0.530839 0.314005 0.491478
0 0.822561 0.510424 0.304846 0.516947
0 0.500142 0.511449 0.313121 0.526113
0 0.187353 0.531325 0.313765 0.497616
0 0.186557 0.530839 0.314005 0.491478
0 0.187859 0.541484 0.316218 0.492617
0 0.824492 0.525511 0.31031 0.506044
0 0.501209 0.520439 0.311923 0.520996
0 0.501049 0.517792 0.313016 0.520755
0 0.187859 0.541484 0.316218 0.492617
0 0.824492 0.525511 0.31031 0.506044
0 0.501209 0.520439 0.311923 0.520996
0 0.501049 0.517792 0.313016 0.520755
0 0.187859 0.541484 0.316218 0.492617
0 0.824492 0.525511 0.31031 0.506044
0 0.501209 0.520439 0.311923 0.520996
0 0.501049 0.517792 0.313016 0.520755
