0 0.802114 0.746614 0.299832 0.421071
0 0.580505 0.76725 0.184116 0.367863
0 0.186228 0.808988 0.233727 0.263131
0 0.395256 0.734923 0.233048 0.428064
0 0.0453729 0.821042 0.0907458 0.244643
0 0.802114 0.746614 0.299832 0.421071
0 0.580505 0.76725 0.184116 0.367863
0 0.186228 0.808988 0.233727 0.263131
0 0.395256 0.734923 0.233048 0.428064
0 0.0453729 0.821042 0.0907458 0.244643
0 0.802114 0.746614 0.299832 0.421071
0 0.580505 0.76725 0.184116 0.367863
0 0.186228 0.808988 0.233727 0.263131
0 0.395256 0.734923 0.233048 0.428064
0 0.0453729 0.821042 0.0907458 0.244643
0 0.185668 0.812424 0.233053 0.267412
0 0.797938 0.74035 0.283601 0.425055
0 0.046648 0.819797 0.0932959 0.247831
0 0.185668 0.812424 0.233053 0.267412
0 0.797938 0.74035 0.283601 0.425055
0 0.046648 0.819797 0.0932959 0.247831
0 0.396667 0.760492 0.22181 0.38048
0 0.185668 0.812424 0.233053 0.267412
0 0.797938 0.74035 0.283601 0.425055
0 0.046648 0.819797 0.0932959 0.247831
0 0.185668 0.812424 0.233053 0.267412
0 0.797938 0.74035 0.283601 0.425055
0 0.046648 0.819797 0.0932959 0.247831
