0 0.0912913 0.731573 0.0563166 0.397388
0 0.494752 0.742604 0.0621862 0.422798
0 0.745289 0.75015 0.0662125 0.444743
0 0.810319 0.743239 0.0664881 0.473829
0 0.145705 0.72826 0.0576248 0.409804
0 0.0371625 0.730971 0.0524928 0.401194
0 0.204163 0.729536 0.062944 0.408308
0 0.877236 0.738315 0.0686831 0.475621
0 0.434586 0.741401 0.0605223 0.425208
0 0.556107 0.740953 0.0625848 0.429887
0 0.680503 0.746024 0.0641624 0.440008
0 0.321393 0.726162 0.0592557 0.409112
0 0.618042 0.73889 0.0620238 0.448768
0 0.32143 0.724839 0.0591862 0.41374
0 0.377948 0.726651 0.0556111 0.41933
0 0.00750495 0.732666 0.0144014 0.394146
0 0.264644 0.729615 0.0595309 0.406852
0 0.990151 0.760853 0.0196975 0.382921
0 0.946688 0.747497 0.0707129 0.481391
0 0.0912913 0.731573 0.0563166 0.397388
0 0.494752 0.742604 0.0621862 0.422798
0 0.745289 0.75015 0.0662125 0.444743
0 0.810319 0.743239 0.0664881 0.473829
0 0.145705 0.72826 0.0576248 0.409804
0 0.0371625 0.730971 0.0524928 0.401194
0 0.204163 0.729536 0.062944 0.408308
0 0.877236 0.738315 0.0686831 0.475621
0 0.434586 0.741401 0.0605223 0.425208
0 0.556107 0.740953 0.0625848 0.429887
0 0.680503 0.746024 0.0641624 0.440008
0 0.321393 0.726162 0.0592557 0.409112
0 0.618042 0.73889 0.0620238 0.448768
0 0.32143 0.724839 0.0591862 0.41374
0 0.377948 0.726651 0.0556111 0.41933
0 0.00750495 0.732666 0.0144014 0.394146
0 0.264644 0.729615 0.0595309 0.406852
0 0.990151 0.760853 0.0196975 0.382921
0 0.946688 0.747497 0.0707129 0.481391
0 0.0912913 0.731573 0.0563166 0.397388
0 0.494752 0.742604 0.0621862 0.422798
0 0.745289 0.75015 0.0662125 0.444743
0 0.810319 0.743239 0.0664881 0.473829
0 0.145705 0.72826 0.0576248 0.409804
0 0.0371625 0.730971 0.0524928 0.401194
0 0.204163 0.729536 0.062944 0.408308
0 0.877236 0.738315 0.0686831 0.475621
0 0.434586 0.741401 0.0605223 0.425208
0 0.556107 0.740953 0.0625848 0.429887
0 0.680503 0.746024 0.0641624 0.440008
0 0.321393 0.726162 0.0592557 0.409112
0 0.618042 0.73889 0.0620238 0.448768
0 0.32143 0.724839 0.0591862 0.41374
0 0.377948 0.726651 0.0556111 0.41933
0 0.00750495 0.732666 0.0144014 0.394146
0 0.264644 0.729615 0.0595309 0.406852
0 0.990151 0.760853 0.0196975 0.382921
0 0.946688 0.747497 0.0707129 0.481391
0 0.434571 0.743726 0.0628954 0.429668
0 0.745226 0.752573 0.0667504 0.440906
0 0.0370905 0.734467 0.0558149 0.400525
0 0.494985 0.744609 0.0618982 0.419322
0 0.321663 0.733337 0.0580618 0.412764
0 0.377433 0.734454 0.0572235 0.421988
0 0.203715 0.739414 0.0629535 0.4024
0 0.617979 0.738856 0.0643748 0.448881
0 0.80989 0.745979 0.0673963 0.465364
0 0.146622 0.73607 0.0571262 0.39815
0 0.680153 0.749427 0.0639892 0.444938
0 0.555427 0.743898 0.0637181 0.439001
0 0.877096 0.746886 0.0694292 0.471184
0 0.945442 0.753517 0.0724646 0.470231
0 0.0914694 0.732196 0.0575271 0.39787
0 0.263972 0.740726 0.0605308 0.413374
0 0.00741397 0.739457 0.0141055 0.381426
0 0.990345 0.779282 0.01917 0.410017
0 0.434571 0.743726 0.0628954 0.429668
0 0.745226 0.752573 0.0667504 0.440906
0 0.0370905 0.734467 0.0558149 0.400525
0 0.494985 0.744609 0.0618982 0.419322
0 0.321663 0.733337 0.0580618 0.412764
0 0.377433 0.734454 0.0572235 0.421988
0 0.203715 0.739414 0.0629535 0.4024
0 0.617979 0.738856 0.0643748 0.448881
0 0.80989 0.745979 0.0673963 0.465364
0 0.146622 0.73607 0.0571262 0.39815
0 0.680153 0.749427 0.0639892 0.444938
0 0.555427 0.743898 0.0637181 0.439001
0 0.877096 0.746886 0.0694292 0.471184
0 0.945442 0.753517 0.0724646 0.470231
0 0.0914694 0.732196 0.0575271 0.39787
0 0.263972 0.740726 0.0605308 0.413374
0 0.00741397 0.739457 0.0141055 0.381426
0 0.990345 0.779282 0.01917 0.410017
0 0.989836 0.754932 0.0200772 0.468846
0 0.434571 0.743726 0.0628954 0.429668
0 0.745226 0.752573 0.0667504 0.440906
0 0.0370905 0.734467 0.0558149 0.400525
0 0.494985 0.744609 0.0618982 0.419322
0 0.321663 0.733337 0.0580618 0.412764
0 0.377433 0.734454 0.0572235 0.421988
0 0.203715 0.739414 0.0629535 0.4024
0 0.617979 0.738856 0.0643748 0.448881
0 0.80989 0.745979 0.0673963 0.465364
0 0.146622 0.73607 0.0571262 0.39815
0 0.680153 0.749427 0.0639892 0.444938
0 0.555427 0.743898 0.0637181 0.439001
0 0.877096 0.746886 0.0694292 0.471184
0 0.945442 0.753517 0.0724646 0.470231
0 0.0914694 0.732196 0.0575271 0.39787
0 0.263972 0.740726 0.0605308 0.413374
0 0.00741397 0.739457 0.0141055 0.381426
0 0.990345 0.779282 0.01917 0.410017
