0 0.385789 0.673464 0.133842 0.412479
0 0.230182 0.466716 0.183314 0.766004
0 0.560917 0.696842 0.218007 0.476203
0 0.977078 0.630389 0.0458431 0.739222
0 0.385789 0.673464 0.133842 0.412479
0 0.230182 0.466716 0.183314 0.766004
0 0.560917 0.696842 0.218007 0.476203
0 0.977078 0.630389 0.0458431 0.739222
0 0.385789 0.673464 0.133842 0.412479
0 0.230182 0.466716 0.183314 0.766004
0 0.560917 0.696842 0.218007 0.476203
0 0.977078 0.630389 0.0458431 0.739222
0 0.386288 0.671907 0.129725 0.403624
0 0.561293 0.705707 0.21275 0.453953
0 0.734358 0.627247 0.145685 0.624878
0 0.0894859 0.310852 0.0798472 0.613352
0 0.786213 0.595737 0.246482 0.644323
0 0.228683 0.519732 0.172431 0.612688
0 0.957914 0.607069 0.0841719 0.759139
0 0.386288 0.671907 0.129725 0.403624
0 0.561293 0.705707 0.21275 0.453953
0 0.734358 0.627247 0.145685 0.624878
0 0.0894859 0.310852 0.0798472 0.613352
0 0.786213 0.595737 0.246482 0.644323
0 0.228683 0.519732 0.172431 0.612688
0 0.957914 0.607069 0.0841719 0.759139
0 0.55738 0.302635 0.209952 0.414479
0 0.386288 0.671907 0.129725 0.403624
0 0.561293 0.705707 0.21275 0.453953
0 0.734358 0.627247 0.145685 0.624878
0 0.0894859 0.310852 0.0798472 0.613352
0 0.786213 0.595737 0.246482 0.644323
0 0.228683 0.519732 0.172431 0.612688
0 0.957914 0.607069 0.0841719 0.759139
