0 0.214515 0.607655 0.114385 0.61616
0 0.447503 0.553262 0.121762 0.719973
0 0.553024 0.506725 0.111677 0.685753
0 0.323184 0.601917 0.115563 0.685335
0 0.748329 0.435388 0.101626 0.633455
0 0.105284 0.618164 0.116295 0.635294
0 0.65072 0.45119 0.100137 0.61876
0 0.106889 0.620499 0.117323 0.617119
0 0.870068 0.400353 0.15365 0.688975
0 0.654548 0.456423 0.111901 0.641776
0 0.749708 0.432343 0.107913 0.649852
0 0.550734 0.371296 0.102412 0.415618
0 0.214515 0.607655 0.114385 0.61616
0 0.447503 0.553262 0.121762 0.719973
0 0.553024 0.506725 0.111677 0.685753
0 0.323184 0.601917 0.115563 0.685335
0 0.748329 0.435388 0.101626 0.633455
0 0.105284 0.618164 0.116295 0.635294
0 0.65072 0.45119 0.100137 0.61876
0 0.106889 0.620499 0.117323 0.617119
0 0.870068 0.400353 0.15365 0.688975
0 0.654548 0.456423 0.111901 0.641776
0 0.749708 0.432343 0.107913 0.649852
0 0.550734 0.371296 0.102412 0.415618
0 0.214515 0.607655 0.114385 0.61616
0 0.447503 0.553262 0.121762 0.719973
0 0.553024 0.506725 0.111677 0.685753
0 0.323184 0.601917 0.115563 0.685335
0 0.748329 0.435388 0.101626 0.633455
0 0.105284 0.618164 0.116295 0.635294
0 0.65072 0.45119 0.100137 0.61876
0 0.106889 0.620499 0.117323 0.617119
0 0.870068 0.400353 0.15365 0.688975
0 0.654548 0.456423 0.111901 0.641776
0 0.749708 0.432343 0.107913 0.649852
0 0.550734 0.371296 0.102412 0.415618
0 0.324548 0.577129 0.120745 0.733114
0 0.650271 0.463682 0.100819 0.630244
0 0.106385 0.625394 0.1142 0.616282
0 0.448868 0.556047 0.121367 0.728362
0 0.215288 0.597388 0.117166 0.658416
0 0.746993 0.436431 0.102342 0.638014
0 0.551159 0.498128 0.106655 0.66866
0 0.859913 0.369745 0.138787 0.711619
0 0.324548 0.577129 0.120745 0.733114
0 0.650271 0.463682 0.100819 0.630244
0 0.106385 0.625394 0.1142 0.616282
0 0.448868 0.556047 0.121367 0.728362
0 0.215288 0.597388 0.117166 0.658416
0 0.746993 0.436431 0.102342 0.638014
0 0.551159 0.498128 0.106655 0.66866
0 0.859913 0.369745 0.138787 0.711619
0 0.214524 0.585821 0.117034 0.703694
0 0.554292 0.522056 0.113502 0.699633
0 0.554295 0.514154 0.11311 0.693453
0 0.324548 0.577129 0.120745 0.733114
0 0.650271 0.463682 0.100819 0.630244
0 0.106385 0.625394 0.1142 0.616282
0 0.448868 0.556047 0.121367 0.728362
0 0.215288 0.597388 0.117166 0.658416
0 0.746993 0.436431 0.102342 0.638014
0 0.551159 0.498128 0.106655 0.66866
0 0.859913 0.369745 0.138787 0.711619
