0 0.201613 0.588477 0.313422 0.769176
0 0.482019 0.591563 0.284591 0.71857
0 0.715282 0.590865 0.22808 0.657358
0 0.901288 0.601374 0.193333 0.587208
0 0.201613 0.588477 0.313422 0.769176
0 0.482019 0.591563 0.284591 0.71857
0 0.715282 0.590865 0.22808 0.657358
0 0.901288 0.601374 0.193333 0.587208
0 0.201613 0.588477 0.313422 0.769176
0 0.482019 0.591563 0.284591 0.71857
0 0.715282 0.590865 0.22808 0.657358
0 0.901288 0.601374 0.193333 0.587208
0 0.717427 0.595506 0.228588 0.65637
0 0.200596 0.591833 0.313498 0.764053
0 0.486966 0.594683 0.287014 0.704886
0 0.90153 0.611808 0.195248 0.577333
0 0.717427 0.595506 0.228588 0.65637
0 0.200596 0.591833 0.313498 0.764053
0 0.486966 0.594683 0.287014 0.704886
0 0.90153 0.611808 0.195248 0.577333
0 0.717427 0.595506 0.228588 0.65637
0 0.200596 0.591833 0.313498 0.764053
0 0.486966 0.594683 0.287014 0.704886
0 0.90153 0.611808 0.195248 0.577333
0 0.717427 0.595506 0.228588 0.65637
0 0.200596 0.591833 0.313498 0.764053
0 0.486966 0.594683 0.287014 0.704886
0 0.90153 0.611808 0.195248 0.577333
