0 0.759354 0.525999 0.358092 0.784397
0 0.474961 0.526643 0.412636 0.918262
0 0.195749 0.500834 0.378315 0.896397
0 0.759354 0.525999 0.358092 0.784397
0 0.474961 0.526643 0.412636 0.918262
0 0.195749 0.500834 0.378315 0.896397
0 0.759354 0.525999 0.358092 0.784397
0 0.474961 0.526643 0.412636 0.918262
0 0.195749 0.500834 0.378315 0.896397
0 0.470456 0.459724 0.333432 0.773007
0 0.177734 0.418109 0.323133 0.688676
0 0.759208 0.517573 0.317943 0.875114
0 0.470456 0.459724 0.333432 0.773007
0 0.177734 0.418109 0.323133 0.688676
0 0.759208 0.517573 0.317943 0.875114
0 0.16587 0.67599 0.327981 0.64802
0 0.470456 0.459724 0.333432 0.773007
0 0.177734 0.418109 0.323133 0.688676
0 0.759208 0.517573 0.317943 0.875114
0 0.470456 0.459724 0.333432 0.773007
0 0.177734 0.418109 0.323133 0.688676
0 0.759208 0.517573 0.317943 0.875114
