0 0.364926 0.577873 0.167023 0.344133
0 0.519448 0.556656 0.15625 0.344407
0 0.193113 0.602336 0.175249 0.36084
0 0.686047 0.596679 0.192925 0.471207
0 0.671503 0.563005 0.162401 0.395928
0 0.364926 0.577873 0.167023 0.344133
0 0.519448 0.556656 0.15625 0.344407
0 0.193113 0.602336 0.175249 0.36084
0 0.686047 0.596679 0.192925 0.471207
0 0.671503 0.563005 0.162401 0.395928
0 0.364926 0.577873 0.167023 0.344133
0 0.519448 0.556656 0.15625 0.344407
0 0.193113 0.602336 0.175249 0.36084
0 0.686047 0.596679 0.192925 0.471207
0 0.671503 0.563005 0.162401 0.395928
0 0.193059 0.592391 0.170075 0.330764
0 0.516152 0.631138 0.164337 0.480088
0 0.359958 0.614463 0.174005 0.40463
0 0.69763 0.606938 0.214029 0.476843
0 0.193059 0.592391 0.170075 0.330764
0 0.516152 0.631138 0.164337 0.480088
0 0.359958 0.614463 0.174005 0.40463
0 0.69763 0.606938 0.214029 0.476843
0 0.887264 0.405163 0.225472 0.802038
0 0.669544 0.608804 0.162942 0.475748
0 0.193059 0.592391 0.170075 0.330764
0 0.516152 0.631138 0.164337 0.480088
0 0.359958 0.614463 0.174005 0.40463
0 0.69763 0.606938 0.214029 0.476843
