0 0.299212 0.577949 0.120977 0.833862
0 0.184035 0.575189 0.113858 0.82835
0 0.0722551 0.5741 0.120886 0.828191
0 0.638489 0.594648 0.171262 0.761822
0 0.878657 0.564223 0.191087 0.790729
0 0.465491 0.585167 0.18665 0.781752
0 0.465061 0.589646 0.186118 0.781108
0 0.299212 0.577949 0.120977 0.833862
0 0.184035 0.575189 0.113858 0.82835
0 0.0722551 0.5741 0.120886 0.828191
0 0.638489 0.594648 0.171262 0.761822
0 0.878657 0.564223 0.191087 0.790729
0 0.465491 0.585167 0.18665 0.781752
0 0.465061 0.589646 0.186118 0.781108
0 0.299212 0.577949 0.120977 0.833862
0 0.184035 0.575189 0.113858 0.82835
0 0.0722551 0.5741 0.120886 0.828191
0 0.638489 0.594648 0.171262 0.761822
0 0.878657 0.564223 0.191087 0.790729
0 0.465491 0.585167 0.18665 0.781752
0 0.465061 0.589646 0.186118 0.781108
0 0.299838 0.579225 0.117083 0.80842
0 0.185332 0.581383 0.114091 0.813114
0 0.639625 0.59587 0.163725 0.760173
0 0.466689 0.590924 0.179577 0.776874
0 0.074527 0.581275 0.112433 0.822033
0 0.899437 0.56354 0.153865 0.797674
0 0.299838 0.579225 0.117083 0.80842
0 0.185332 0.581383 0.114091 0.813114
0 0.639625 0.59587 0.163725 0.760173
0 0.466689 0.590924 0.179577 0.776874
0 0.074527 0.581275 0.112433 0.822033
0 0.899437 0.56354 0.153865 0.797674
0 0.867333 0.489248 0.227883 0.977728
0 0.0112516 0.591074 0.0225032 0.802867
0 0.299838 0.579225 0.117083 0.80842
0 0.185332 0.581383 0.114091 0.813114
0 0.639625 0.59587 0.163725 0.760173
0 0.466689 0.590924 0.179577 0.776874
0 0.074527 0.581275 0.112433 0.822033
0 0.899437 0.56354 0.153865 0.797674
0 0.299838 0.579225 0.117083 0.80842
0 0.185332 0.581383 0.114091 0.813114
0 0.639625 0.59587 0.163725 0.760173
0 0.466689 0.590924 0.179577 0.776874
0 0.074527 0.581275 0.112433 0.822033
0 0.899437 0.56354 0.153865 0.797674
