0 0.722891 0.629899 0.463602 0.265871
0 0.268587 0.641183 0.466142 0.253757
0 0.627599 0.231368 0.591404 0.448618
0 0.722891 0.629899 0.463602 0.265871
0 0.268587 0.641183 0.466142 0.253757
0 0.627599 0.231368 0.591404 0.448618
0 0.722891 0.629899 0.463602 0.265871
0 0.268587 0.641183 0.466142 0.253757
0 0.627599 0.231368 0.591404 0.448618
0 0.727994 0.628038 0.473402 0.274658
0 0.272403 0.63816 0.472365 0.259834
0 0.727994 0.628038 0.473402 0.274658
0 0.272403 0.63816 0.472365 0.259834
0 0.629639 0.21738 0.582603 0.425676
0 0.632208 0.225158 0.569193 0.432962
0 0.727994 0.628038 0.473402 0.274658
0 0.272403 0.63816 0.472365 0.259834
0 0.727994 0.628038 0.473402 0.274658
0 0.272403 0.63816 0.472365 0.259834
