0 0.774644 0.459257 0.0766315 0.798628
0 0.375089 0.489 0.0742616 0.744004
0 0.451608 0.467245 0.0783206 0.799249
0 0.217281 0.48077 0.0799793 0.739505
0 0.851631 0.453257 0.0768426 0.789893
0 0.296249 0.479883 0.0787595 0.747957
0 0.0609354 0.478616 0.0771638 0.734442
0 0.695252 0.460487 0.0803367 0.796516
0 0.532413 0.465185 0.0806386 0.805192
0 0.929066 0.45251 0.0768789 0.788676
0 0.614299 0.457832 0.0790508 0.7881
0 0.138187 0.476466 0.0763965 0.716501
0 0.0108467 0.48625 0.021472 0.729626
0 0.98456 0.459785 0.0307036 0.782376
