0 0.384553 0.543349 0.300657 0.752235
0 0.151165 0.608399 0.231872 0.704485
0 0.778138 0.514613 0.186963 0.735541
0 0.608999 0.548203 0.218602 0.697165
0 0.921667 0.508379 0.156667 0.744309
0 0.384553 0.543349 0.300657 0.752235
0 0.151165 0.608399 0.231872 0.704485
0 0.778138 0.514613 0.186963 0.735541
0 0.608999 0.548203 0.218602 0.697165
0 0.921667 0.508379 0.156667 0.744309
0 0.384553 0.543349 0.300657 0.752235
0 0.151165 0.608399 0.231872 0.704485
0 0.778138 0.514613 0.186963 0.735541
0 0.608999 0.548203 0.218602 0.697165
0 0.921667 0.508379 0.156667 0.744309
0 0.384541 0.568032 0.263645 0.691417
0 0.608704 0.600633 0.202771 0.587838
0 0.154791 0.595664 0.209344 0.67974
0 0.92379 0.535814 0.152421 0.66875
0 0.779149 0.531544 0.168845 0.678381
0 0.384541 0.568032 0.263645 0.691417
0 0.608704 0.600633 0.202771 0.587838
0 0.154791 0.595664 0.209344 0.67974
0 0.92379 0.535814 0.152421 0.66875
0 0.779149 0.531544 0.168845 0.678381
0 0.384541 0.568032 0.263645 0.691417
0 0.608704 0.600633 0.202771 0.587838
0 0.154791 0.595664 0.209344 0.67974
0 0.92379 0.535814 0.152421 0.66875
0 0.779149 0.531544 0.168845 0.678381
0 0.384541 0.568032 0.263645 0.691417
0 0.608704 0.600633 0.202771 0.587838
0 0.154791 0.595664 0.209344 0.67974
0 0.92379 0.535814 0.152421 0.66875
0 0.779149 0.531544 0.168845 0.678381
