0 0.513781 0.440456 0.286327 0.728391
0 0.950951 0.37235 0.0980974 0.418125
0 0.79346 0.487442 0.153057 0.333994
0 0.187992 0.523206 0.36097 0.824553
0 0.889077 0.441092 0.0522093 0.307381
0 0.822236 0.160158 0.131635 0.291052
0 0.18519 0.719611 0.311879 0.418948
0 0.513781 0.440456 0.286327 0.728391
0 0.950951 0.37235 0.0980974 0.418125
0 0.79346 0.487442 0.153057 0.333994
0 0.187992 0.523206 0.36097 0.824553
0 0.889077 0.441092 0.0522093 0.307381
0 0.822236 0.160158 0.131635 0.291052
0 0.18519 0.719611 0.311879 0.418948
0 0.513781 0.440456 0.286327 0.728391
0 0.950951 0.37235 0.0980974 0.418125
0 0.79346 0.487442 0.153057 0.333994
0 0.187992 0.523206 0.36097 0.824553
0 0.889077 0.441092 0.0522093 0.307381
0 0.822236 0.160158 0.131635 0.291052
0 0.18519 0.719611 0.311879 0.418948
0 0.515039 0.254805 0.28115 0.388812
0 0.509314 0.599223 0.301931 0.401144
0 0.931476 0.36186 0.137047 0.454794
0 0.771198 0.174195 0.260798 0.314486
0 0.929369 0.363429 0.141262 0.46849
0 0.515039 0.254805 0.28115 0.388812
0 0.509314 0.599223 0.301931 0.401144
0 0.931476 0.36186 0.137047 0.454794
0 0.771198 0.174195 0.260798 0.314486
0 0.929369 0.363429 0.141262 0.46849
0 0.801572 0.485766 0.157978 0.352166
0 0.515039 0.254805 0.28115 0.388812
0 0.509314 0.599223 0.301931 0.401144
0 0.931476 0.36186 0.137047 0.454794
0 0.771198 0.174195 0.260798 0.314486
0 0.929369 0.363429 0.141262 0.46849
0 0.515039 0.254805 0.28115 0.388812
0 0.509314 0.599223 0.301931 0.401144
0 0.931476 0.36186 0.137047 0.454794
0 0.771198 0.174195 0.260798 0.314486
0 0.929369 0.363429 0.141262 0.46849
