0 0.500481 0.514163 0.195192 0.803131
0 0.328186 0.493417 0.186107 0.806337
0 0.153883 0.472482 0.185584 0.79582
0 0.679238 0.527305 0.184586 0.830436
0 0.500481 0.514163 0.195192 0.803131
0 0.328186 0.493417 0.186107 0.806337
0 0.153883 0.472482 0.185584 0.79582
0 0.679238 0.527305 0.184586 0.830436
0 0.500481 0.514163 0.195192 0.803131
0 0.328186 0.493417 0.186107 0.806337
0 0.153883 0.472482 0.185584 0.79582
0 0.679238 0.527305 0.184586 0.830436
0 0.852886 0.569571 0.187392 0.83288
0 0.68181 0.544885 0.184098 0.829616
0 0.33192 0.513815 0.180436 0.788267
0 0.159349 0.485688 0.185645 0.793238
0 0.504373 0.529432 0.183074 0.81496
0 0.852886 0.569571 0.187392 0.83288
0 0.68181 0.544885 0.184098 0.829616
0 0.33192 0.513815 0.180436 0.788267
0 0.159349 0.485688 0.185645 0.793238
0 0.504373 0.529432 0.183074 0.81496
0 0.852886 0.569571 0.187392 0.83288
0 0.68181 0.544885 0.184098 0.829616
0 0.33192 0.513815 0.180436 0.788267
0 0.159349 0.485688 0.185645 0.793238
0 0.504373 0.529432 0.183074 0.81496
