0 0.67986 0.496134 0.107157 0.890979
0 0.159602 0.46293 0.190732 0.886276
0 0.89499 0.467136 0.146631 0.845585
0 0.301741 0.489406 0.112522 0.867631
0 0.579771 0.505628 0.101929 0.87905
0 0.397718 0.498798 0.11462 0.86713
0 0.67986 0.496134 0.107157 0.890979
0 0.159602 0.46293 0.190732 0.886276
0 0.89499 0.467136 0.146631 0.845585
0 0.301741 0.489406 0.112522 0.867631
0 0.579771 0.505628 0.101929 0.87905
0 0.397718 0.498798 0.11462 0.86713
0 0.67986 0.496134 0.107157 0.890979
0 0.159602 0.46293 0.190732 0.886276
0 0.89499 0.467136 0.146631 0.845585
0 0.301741 0.489406 0.112522 0.867631
0 0.579771 0.505628 0.101929 0.87905
0 0.397718 0.498798 0.11462 0.86713
0 0.853879 0.466443 0.218129 0.871819
0 0.396128 0.500759 0.107415 0.889905
0 0.68406 0.516429 0.108239 0.891624
0 0.585448 0.520013 0.0990754 0.887975
0 0.300594 0.485992 0.10832 0.86997
0 0.490217 0.512309 0.103943 0.878677
0 0.110648 0.409659 0.104131 0.795243
0 0.204122 0.438843 0.105975 0.816416
0 0.853879 0.466443 0.218129 0.871819
0 0.396128 0.500759 0.107415 0.889905
0 0.68406 0.516429 0.108239 0.891624
0 0.585448 0.520013 0.0990754 0.887975
0 0.300594 0.485992 0.10832 0.86997
0 0.490217 0.512309 0.103943 0.878677
0 0.110648 0.409659 0.104131 0.795243
0 0.204122 0.438843 0.105975 0.816416
0 0.491018 0.508646 0.105393 0.890918
0 0.0319314 0.404263 0.0585341 0.763479
0 0.853879 0.466443 0.218129 0.871819
0 0.396128 0.500759 0.107415 0.889905
0 0.68406 0.516429 0.108239 0.891624
0 0.585448 0.520013 0.0990754 0.887975
0 0.300594 0.485992 0.10832 0.86997
0 0.490217 0.512309 0.103943 0.878677
0 0.110648 0.409659 0.104131 0.795243
0 0.204122 0.438843 0.105975 0.816416
