0 0.856174 0.566776 0.281652 0.794099
0 0.0824059 0.545971 0.162774 0.699745
0 0.585077 0.563347 0.253086 0.748829
0 0.225842 0.550578 0.155828 0.730653
0 0.856174 0.566776 0.281652 0.794099
0 0.0824059 0.545971 0.162774 0.699745
0 0.585077 0.563347 0.253086 0.748829
0 0.225842 0.550578 0.155828 0.730653
0 0.856174 0.566776 0.281652 0.794099
0 0.0824059 0.545971 0.162774 0.699745
0 0.585077 0.563347 0.253086 0.748829
0 0.225842 0.550578 0.155828 0.730653
0 0.16101 0.558462 0.319167 0.73066
0 0.595256 0.394052 0.257544 0.449707
0 0.854327 0.557634 0.285273 0.820208
0 0.591901 0.769967 0.245811 0.350378
0 0.594055 0.393224 0.257458 0.450426
0 0.16101 0.558462 0.319167 0.73066
0 0.595256 0.394052 0.257544 0.449707
0 0.854327 0.557634 0.285273 0.820208
0 0.591901 0.769967 0.245811 0.350378
0 0.594055 0.393224 0.257458 0.450426
0 0.853836 0.370146 0.272615 0.436371
0 0.850568 0.775792 0.264673 0.359122
0 0.590102 0.764427 0.257328 0.352323
0 0.16101 0.558462 0.319167 0.73066
0 0.595256 0.394052 0.257544 0.449707
0 0.854327 0.557634 0.285273 0.820208
0 0.591901 0.769967 0.245811 0.350378
0 0.594055 0.393224 0.257458 0.450426
0 0.16101 0.558462 0.319167 0.73066
0 0.595256 0.394052 0.257544 0.449707
0 0.854327 0.557634 0.285273 0.820208
0 0.591901 0.769967 0.245811 0.350378
0 0.594055 0.393224 0.257458 0.450426
