0 0.624445 0.408548 0.117384 0.4889
0 0.106402 0.60176 0.146145 0.770922
0 0.251954 0.576694 0.139965 0.755561
0 0.829311 0.351647 0.101031 0.454215
0 0.732581 0.381595 0.109033 0.472582
0 0.50793 0.530783 0.126003 0.696285
0 0.384538 0.488357 0.131314 0.590015
0 0.921787 0.410667 0.0980666 0.623393
0 0.73098 0.463926 0.107738 0.648777
0 0.381961 0.548593 0.131079 0.719292
0 0.923232 0.326087 0.0954292 0.451348
0 0.624445 0.408548 0.117384 0.4889
0 0.106402 0.60176 0.146145 0.770922
0 0.251954 0.576694 0.139965 0.755561
0 0.829311 0.351647 0.101031 0.454215
0 0.732581 0.381595 0.109033 0.472582
0 0.50793 0.530783 0.126003 0.696285
0 0.384538 0.488357 0.131314 0.590015
0 0.921787 0.410667 0.0980666 0.623393
0 0.73098 0.463926 0.107738 0.648777
0 0.381961 0.548593 0.131079 0.719292
0 0.923232 0.326087 0.0954292 0.451348
0 0.624445 0.408548 0.117384 0.4889
0 0.106402 0.60176 0.146145 0.770922
0 0.251954 0.576694 0.139965 0.755561
0 0.829311 0.351647 0.101031 0.454215
0 0.732581 0.381595 0.109033 0.472582
0 0.50793 0.530783 0.126003 0.696285
0 0.384538 0.488357 0.131314 0.590015
0 0.921787 0.410667 0.0980666 0.623393
0 0.73098 0.463926 0.107738 0.648777
0 0.381961 0.548593 0.131079 0.719292
0 0.923232 0.326087 0.0954292 0.451348
0 0.38539 0.558146 0.136215 0.698805
0 0.251009 0.589856 0.143226 0.732539
0 0.109227 0.618968 0.144276 0.762064
0 0.508809 0.541827 0.128259 0.690751
0 0.731978 0.465676 0.105269 0.623837
0 0.624652 0.489766 0.11848 0.631537
0 0.50953 0.540023 0.128108 0.685567
0 0.82934 0.374994 0.101368 0.480249
0 0.922843 0.351567 0.0956453 0.491457
0 0.38539 0.558146 0.136215 0.698805
0 0.251009 0.589856 0.143226 0.732539
0 0.109227 0.618968 0.144276 0.762064
0 0.508809 0.541827 0.128259 0.690751
0 0.731978 0.465676 0.105269 0.623837
0 0.624652 0.489766 0.11848 0.631537
0 0.50953 0.540023 0.128108 0.685567
0 0.82934 0.374994 0.101368 0.480249
0 0.922843 0.351567 0.0956453 0.491457
0 0.624378 0.414423 0.117733 0.474769
0 0.730482 0.468084 0.106469 0.631558
0 0.829391 0.430727 0.100454 0.594778
0 0.930632 0.0537286 0.0677951 0.106551
0 0.38539 0.558146 0.136215 0.698805
0 0.251009 0.589856 0.143226 0.732539
0 0.109227 0.618968 0.144276 0.762064
0 0.508809 0.541827 0.128259 0.690751
0 0.731978 0.465676 0.105269 0.623837
0 0.624652 0.489766 0.11848 0.631537
0 0.50953 0.540023 0.128108 0.685567
0 0.82934 0.374994 0.101368 0.480249
0 0.922843 0.351567 0.0956453 0.491457
0 0.38539 0.558146 0.136215 0.698805
0 0.251009 0.589856 0.143226 0.732539
0 0.109227 0.618968 0.144276 0.762064
0 0.508809 0.541827 0.128259 0.690751
0 0.731978 0.465676 0.105269 0.623837
0 0.624652 0.489766 0.11848 0.631537
0 0.50953 0.540023 0.128108 0.685567
0 0.82934 0.374994 0.101368 0.480249
0 0.922843 0.351567 0.0956453 0.491457
