0 0.502477 0.618677 0.103266 0.596539
0 0.85488 0.621431 0.10113 0.460599
0 0.31222 0.66134 0.11272 0.606375
0 0.122575 0.697382 0.111552 0.605236
0 0.681815 0.57648 0.101021 0.588282
0 0.040411 0.706743 0.080787 0.586514
0 0.409825 0.636437 0.106242 0.605534
0 0.945099 0.600995 0.0990876 0.43002
0 0.215811 0.682827 0.106005 0.599612
0 0.59339 0.622 0.105313 0.644163
0 0.215854 0.680244 0.105144 0.609625
0 0.766517 0.571817 0.0990318 0.613875
0 0.502477 0.618677 0.103266 0.596539
0 0.85488 0.621431 0.10113 0.460599
0 0.31222 0.66134 0.11272 0.606375
0 0.122575 0.697382 0.111552 0.605236
0 0.681815 0.57648 0.101021 0.588282
0 0.040411 0.706743 0.080787 0.586514
0 0.409825 0.636437 0.106242 0.605534
0 0.945099 0.600995 0.0990876 0.43002
0 0.215811 0.682827 0.106005 0.599612
0 0.59339 0.622 0.105313 0.644163
0 0.215854 0.680244 0.105144 0.609625
0 0.766517 0.571817 0.0990318 0.613875
0 0.502477 0.618677 0.103266 0.596539
0 0.85488 0.621431 0.10113 0.460599
0 0.31222 0.66134 0.11272 0.606375
0 0.122575 0.697382 0.111552 0.605236
0 0.681815 0.57648 0.101021 0.588282
0 0.040411 0.706743 0.080787 0.586514
0 0.409825 0.636437 0.106242 0.605534
0 0.945099 0.600995 0.0990876 0.43002
0 0.215811 0.682827 0.106005 0.599612
0 0.59339 0.622 0.105313 0.644163
0 0.215854 0.680244 0.105144 0.609625
0 0.766517 0.571817 0.0990318 0.613875
0 0.502754 0.620227 0.107899 0.59339
0 0.593291 0.625288 0.107608 0.654329
0 0.216896 0.690627 0.108768 0.59119
0 0.0412062 0.712525 0.0824125 0.57495
0 0.311787 0.662233 0.114944 0.606563
0 0.856248 0.61892 0.102369 0.444593
0 0.682084 0.577121 0.103501 0.587876
0 0.410719 0.647832 0.110753 0.613155
0 0.945654 0.598549 0.0984549 0.435613
0 0.767773 0.583691 0.101068 0.623422
0 0.123757 0.70409 0.113508 0.59182
0 0.123604 0.704112 0.113618 0.591777
0 0.502754 0.620227 0.107899 0.59339
0 0.593291 0.625288 0.107608 0.654329
0 0.216896 0.690627 0.108768 0.59119
0 0.0412062 0.712525 0.0824125 0.57495
0 0.311787 0.662233 0.114944 0.606563
0 0.856248 0.61892 0.102369 0.444593
0 0.682084 0.577121 0.103501 0.587876
0 0.410719 0.647832 0.110753 0.613155
0 0.945654 0.598549 0.0984549 0.435613
0 0.767773 0.583691 0.101068 0.623422
0 0.123757 0.70409 0.113508 0.59182
0 0.123604 0.704112 0.113618 0.591777
0 0.502754 0.620227 0.107899 0.59339
0 0.593291 0.625288 0.107608 0.654329
0 0.216896 0.690627 0.108768 0.59119
0 0.0412062 0.712525 0.0824125 0.57495
0 0.311787 0.662233 0.114944 0.606563
0 0.856248 0.61892 0.102369 0.444593
0 0.682084 0.577121 0.103501 0.587876
0 0.410719 0.647832 0.110753 0.613155
0 0.945654 0.598549 0.0984549 0.435613
0 0.767773 0.583691 0.101068 0.623422
0 0.123757 0.70409 0.113508 0.59182
0 0.123604 0.704112 0.113618 0.591777
