0 0.958858 0.659287 0.0799082 0.681426
0 0.843105 0.704625 0.0844168 0.582677
0 0.748642 0.68383 0.0874911 0.604779
0 0.400333 0.738635 0.101845 0.461625
0 0.564267 0.722495 0.11386 0.517203
0 0.0235439 0.606525 0.0467471 0.709766
0 0.238895 0.812364 0.0666671 0.297447
0 0.664089 0.690334 0.0807583 0.585565
0 0.0787965 0.530464 0.140579 0.870518
0 0.664574 0.690715 0.0809699 0.584559
0 0.475081 0.752973 0.0522965 0.442337
0 0.958858 0.659287 0.0799082 0.681426
0 0.843105 0.704625 0.0844168 0.582677
0 0.748642 0.68383 0.0874911 0.604779
0 0.400333 0.738635 0.101845 0.461625
0 0.564267 0.722495 0.11386 0.517203
0 0.0235439 0.606525 0.0467471 0.709766
0 0.238895 0.812364 0.0666671 0.297447
0 0.664089 0.690334 0.0807583 0.585565
0 0.0787965 0.530464 0.140579 0.870518
0 0.664574 0.690715 0.0809699 0.584559
0 0.475081 0.752973 0.0522965 0.442337
0 0.958858 0.659287 0.0799082 0.681426
0 0.843105 0.704625 0.0844168 0.582677
0 0.748642 0.68383 0.0874911 0.604779
0 0.400333 0.738635 0.101845 0.461625
0 0.564267 0.722495 0.11386 0.517203
0 0.0235439 0.606525 0.0467471 0.709766
0 0.238895 0.812364 0.0666671 0.297447
0 0.664089 0.690334 0.0807583 0.585565
0 0.0787965 0.530464 0.140579 0.870518
0 0.664574 0.690715 0.0809699 0.584559
0 0.475081 0.752973 0.0522965 0.442337
0 0.66474 0.698303 0.0805352 0.556914
0 0.958358 0.65996 0.082144 0.665501
0 0.402974 0.744994 0.0887453 0.446035
0 0.75033 0.690392 0.0838433 0.584862
0 0.845043 0.708029 0.0877978 0.568636
0 0.0863834 0.553093 0.0935314 0.854148
0 0.0213052 0.601079 0.0426105 0.699919
0 0.845612 0.706933 0.0865825 0.56537
0 0.0888891 0.550063 0.104658 0.847094
0 0.310015 0.814117 0.0691251 0.285156
0 0.174941 0.601608 0.0720982 0.750158
0 0.559194 0.756221 0.11724 0.447263
0 0.238118 0.810842 0.0674303 0.293253
0 0.244329 0.630216 0.0759038 0.658314
0 0.474909 0.754601 0.0526335 0.445074
0 0.66474 0.698303 0.0805352 0.556914
0 0.958358 0.65996 0.082144 0.665501
0 0.402974 0.744994 0.0887453 0.446035
0 0.75033 0.690392 0.0838433 0.584862
0 0.845043 0.708029 0.0877978 0.568636
0 0.0863834 0.553093 0.0935314 0.854148
0 0.0213052 0.601079 0.0426105 0.699919
0 0.845612 0.706933 0.0865825 0.56537
0 0.0888891 0.550063 0.104658 0.847094
0 0.310015 0.814117 0.0691251 0.285156
0 0.174941 0.601608 0.0720982 0.750158
0 0.559194 0.756221 0.11724 0.447263
0 0.238118 0.810842 0.0674303 0.293253
0 0.244329 0.630216 0.0759038 0.658314
0 0.474909 0.754601 0.0526335 0.445074
0 0.559635 0.752557 0.116733 0.442994
0 0.166381 0.806475 0.0628725 0.297792
0 0.66474 0.698303 0.0805352 0.556914
0 0.958358 0.65996 0.082144 0.665501
0 0.402974 0.744994 0.0887453 0.446035
0 0.75033 0.690392 0.0838433 0.584862
0 0.845043 0.708029 0.0877978 0.568636
0 0.0863834 0.553093 0.0935314 0.854148
0 0.0213052 0.601079 0.0426105 0.699919
0 0.845612 0.706933 0.0865825 0.56537
0 0.0888891 0.550063 0.104658 0.847094
0 0.310015 0.814117 0.0691251 0.285156
0 0.174941 0.601608 0.0720982 0.750158
0 0.559194 0.756221 0.11724 0.447263
0 0.238118 0.810842 0.0674303 0.293253
0 0.244329 0.630216 0.0759038 0.658314
0 0.474909 0.754601 0.0526335 0.445074
