0 0.874873 0.608212 0.0654237 0.486147
0 0.591023 0.652607 0.102165 0.51366
0 0.798459 0.593024 0.105302 0.54331
0 0.404766 0.71412 0.0969067 0.477924
0 0.228043 0.76074 0.103074 0.474642
0 0.49655 0.684163 0.101717 0.484909
0 0.973412 0.586484 0.0531758 0.479875
0 0.928425 0.589488 0.0641708 0.466015
0 0.0657877 0.055515 0.085478 0.11103
0 0.138313 0.838825 0.0842098 0.32235
0 0.351261 0.384493 0.087776 0.28276
0 0.719704 0.613528 0.0524632 0.51967
0 0.271551 0.39878 0.0823613 0.267282
0 0.670987 0.611402 0.0720365 0.530571
0 0.158435 0.0484467 0.121954 0.0968934
0 0.0348069 0.784996 0.0649265 0.430008
0 0.316051 0.74337 0.100395 0.499741
0 0.316802 0.745766 0.100314 0.498917
0 0.874873 0.608212 0.0654237 0.486147
0 0.591023 0.652607 0.102165 0.51366
0 0.798459 0.593024 0.105302 0.54331
0 0.404766 0.71412 0.0969067 0.477924
0 0.228043 0.76074 0.103074 0.474642
0 0.49655 0.684163 0.101717 0.484909
0 0.973412 0.586484 0.0531758 0.479875
0 0.928425 0.589488 0.0641708 0.466015
0 0.0657877 0.055515 0.085478 0.11103
0 0.138313 0.838825 0.0842098 0.32235
0 0.351261 0.384493 0.087776 0.28276
0 0.719704 0.613528 0.0524632 0.51967
0 0.271551 0.39878 0.0823613 0.267282
0 0.670987 0.611402 0.0720365 0.530571
0 0.158435 0.0484467 0.121954 0.0968934
0 0.0348069 0.784996 0.0649265 0.430008
0 0.316051 0.74337 0.100395 0.499741
0 0.316802 0.745766 0.100314 0.498917
0 0.874873 0.608212 0.0654237 0.486147
0 0.591023 0.652607 0.102165 0.51366
0 0.798459 0.593024 0.105302 0.54331
0 0.404766 0.71412 0.0969067 0.477924
0 0.228043 0.76074 0.103074 0.474642
0 0.49655 0.684163 0.101717 0.484909
0 0.973412 0.586484 0.0531758 0.479875
0 0.928425 0.589488 0.0641708 0.466015
0 0.0657877 0.055515 0.085478 0.11103
0 0.138313 0.838825 0.0842098 0.32235
0 0.351261 0.384493 0.087776 0.28276
0 0.719704 0.613528 0.0524632 0.51967
0 0.271551 0.39878 0.0823613 0.267282
0 0.670987 0.611402 0.0720365 0.530571
0 0.158435 0.0484467 0.121954 0.0968934
0 0.0348069 0.784996 0.0649265 0.430008
0 0.316051 0.74337 0.100395 0.499741
0 0.316802 0.745766 0.100314 0.498917
0 0.227357 0.752082 0.0959769 0.470608
0 0.316253 0.74294 0.0951468 0.460294
0 0.496583 0.685928 0.0946082 0.478938
0 0.799724 0.591887 0.101584 0.53395
0 0.40541 0.70779 0.0948637 0.468129
0 0.591871 0.657948 0.101687 0.5071
0 0.976749 0.581716 0.0465025 0.470363
0 0.929961 0.585463 0.059149 0.46041
0 0.875397 0.607042 0.0630974 0.47178
0 0.34887 0.377789 0.0819754 0.277943
0 0.271915 0.394706 0.0779073 0.264243
0 0.694444 0.618511 0.105508 0.509768
0 0.142005 0.841548 0.0907565 0.316903
0 0.0341976 0.808726 0.0588148 0.382548
0 0.164708 0.520477 0.108265 0.372764
0 0.0651157 0.047025 0.0902537 0.09405
0 0.227357 0.752082 0.0959769 0.470608
0 0.316253 0.74294 0.0951468 0.460294
0 0.496583 0.685928 0.0946082 0.478938
0 0.799724 0.591887 0.101584 0.53395
0 0.40541 0.70779 0.0948637 0.468129
0 0.591871 0.657948 0.101687 0.5071
0 0.976749 0.581716 0.0465025 0.470363
0 0.929961 0.585463 0.059149 0.46041
0 0.875397 0.607042 0.0630974 0.47178
0 0.34887 0.377789 0.0819754 0.277943
0 0.271915 0.394706 0.0779073 0.264243
0 0.694444 0.618511 0.105508 0.509768
0 0.142005 0.841548 0.0907565 0.316903
0 0.0341976 0.808726 0.0588148 0.382548
0 0.164708 0.520477 0.108265 0.372764
0 0.0651157 0.047025 0.0902537 0.09405
0 0.116712 0.0381033 0.0376171 0.0762066
0 0.0679861 0.0500142 0.074937 0.100028
0 0.139015 0.0381483 0.0609388 0.0762965
0 0.00575812 0.809594 0.0115162 0.348269
0 0.689919 0.624107 0.106722 0.5217
0 0.146426 0.0367433 0.0703075 0.0734867
0 0.0182602 0.0664404 0.0365204 0.132881
0 0.159289 0.0373411 0.101523 0.0746823
0 0.227357 0.752082 0.0959769 0.470608
0 0.316253 0.74294 0.0951468 0.460294
0 0.496583 0.685928 0.0946082 0.478938
0 0.799724 0.591887 0.101584 0.53395
0 0.40541 0.70779 0.0948637 0.468129
0 0.591871 0.657948 0.101687 0.5071
0 0.976749 0.581716 0.0465025 0.470363
0 0.929961 0.585463 0.059149 0.46041
0 0.875397 0.607042 0.0630974 0.47178
0 0.34887 0.377789 0.0819754 0.277943
0 0.271915 0.394706 0.0779073 0.264243
0 0.694444 0.618511 0.105508 0.509768
0 0.142005 0.841548 0.0907565 0.316903
0 0.0341976 0.808726 0.0588148 0.382548
0 0.164708 0.520477 0.108265 0.372764
0 0.0651157 0.047025 0.0902537 0.09405
0 0.227357 0.752082 0.0959769 0.470608
0 0.316253 0.74294 0.0951468 0.460294
0 0.496583 0.685928 0.0946082 0.478938
0 0.799724 0.591887 0.101584 0.53395
0 0.40541 0.70779 0.0948637 0.468129
0 0.591871 0.657948 0.101687 0.5071
0 0.976749 0.581716 0.0465025 0.470363
0 0.929961 0.585463 0.059149 0.46041
0 0.875397 0.607042 0.0630974 0.47178
0 0.34887 0.377789 0.0819754 0.277943
0 0.271915 0.394706 0.0779073 0.264243
0 0.694444 0.618511 0.105508 0.509768
0 0.142005 0.841548 0.0907565 0.316903
0 0.0341976 0.808726 0.0588148 0.382548
0 0.164708 0.520477 0.108265 0.372764
0 0.0651157 0.047025 0.0902537 0.09405
