0 0.885955 0.614524 0.188417 0.656677
0 0.733969 0.60918 0.12023 0.758264
0 0.383006 0.564835 0.119831 0.696649
0 0.614269 0.603633 0.124744 0.768678
0 0.501456 0.575499 0.122273 0.706093
0 0.15504 0.572034 0.126175 0.726965
0 0.267763 0.586622 0.119409 0.736154
0 0.381579 0.47368 0.117691 0.488218
0 0.885955 0.614524 0.188417 0.656677
0 0.733969 0.60918 0.12023 0.758264
0 0.383006 0.564835 0.119831 0.696649
0 0.614269 0.603633 0.124744 0.768678
0 0.501456 0.575499 0.122273 0.706093
0 0.15504 0.572034 0.126175 0.726965
0 0.267763 0.586622 0.119409 0.736154
0 0.381579 0.47368 0.117691 0.488218
0 0.885955 0.614524 0.188417 0.656677
0 0.733969 0.60918 0.12023 0.758264
0 0.383006 0.564835 0.119831 0.696649
0 0.614269 0.603633 0.124744 0.768678
0 0.501456 0.575499 0.122273 0.706093
0 0.15504 0.572034 0.126175 0.726965
0 0.267763 0.586622 0.119409 0.736154
0 0.381579 0.47368 0.117691 0.488218
0 0.73553 0.620852 0.12609 0.750086
0 0.500601 0.614086 0.120086 0.745934
0 0.889386 0.513777 0.192901 0.887009
0 0.615044 0.621835 0.128428 0.75633
0 0.384394 0.591535 0.124115 0.715235
0 0.498464 0.597743 0.117374 0.714861
0 0.157061 0.603371 0.126685 0.736197
0 0.269681 0.607525 0.121308 0.736601
0 0.155619 0.594565 0.123413 0.708489
0 0.383198 0.577994 0.12323 0.6839
0 0.268577 0.600105 0.121117 0.735184
0 0.73553 0.620852 0.12609 0.750086
0 0.500601 0.614086 0.120086 0.745934
0 0.889386 0.513777 0.192901 0.887009
0 0.615044 0.621835 0.128428 0.75633
0 0.384394 0.591535 0.124115 0.715235
0 0.498464 0.597743 0.117374 0.714861
0 0.157061 0.603371 0.126685 0.736197
0 0.269681 0.607525 0.121308 0.736601
0 0.155619 0.594565 0.123413 0.708489
0 0.383198 0.577994 0.12323 0.6839
0 0.268577 0.600105 0.121117 0.735184
0 0.73553 0.620852 0.12609 0.750086
0 0.500601 0.614086 0.120086 0.745934
0 0.889386 0.513777 0.192901 0.887009
0 0.615044 0.621835 0.128428 0.75633
0 0.384394 0.591535 0.124115 0.715235
0 0.498464 0.597743 0.117374 0.714861
0 0.157061 0.603371 0.126685 0.736197
0 0.269681 0.607525 0.121308 0.736601
0 0.155619 0.594565 0.123413 0.708489
0 0.383198 0.577994 0.12323 0.6839
0 0.268577 0.600105 0.121117 0.735184
