0 0.696554 0.675902 0.437415 0.594321
0 0.406188 0.681413 0.259392 0.546698
0 0.28589 0.60791 0.519865 0.715573
0 0.453477 0.606508 0.868983 0.786985
0 0.696554 0.675902 0.437415 0.594321
0 0.406188 0.681413 0.259392 0.546698
0 0.28589 0.60791 0.519865 0.715573
0 0.453477 0.606508 0.868983 0.786985
0 0.696554 0.675902 0.437415 0.594321
0 0.406188 0.681413 0.259392 0.546698
0 0.28589 0.60791 0.519865 0.715573
0 0.453477 0.606508 0.868983 0.786985
0 0.68953 0.662259 0.380058 0.600211
0 0.274648 0.631219 0.497989 0.642388
0 0.68953 0.662259 0.380058 0.600211
0 0.274648 0.631219 0.497989 0.642388
0 0.68953 0.662259 0.380058 0.600211
0 0.274648 0.631219 0.497989 0.642388
