0 0.544689 0.55307 0.296569 0.862579
0 0.802183 0.588558 0.270576 0.778463
0 0.151487 0.497454 0.288419 0.971812
0 0.349661 0.514953 0.165515 0.917847
0 0.544689 0.55307 0.296569 0.862579
0 0.802183 0.588558 0.270576 0.778463
0 0.151487 0.497454 0.288419 0.971812
0 0.349661 0.514953 0.165515 0.917847
0 0.544689 0.55307 0.296569 0.862579
0 0.802183 0.588558 0.270576 0.778463
0 0.151487 0.497454 0.288419 0.971812
0 0.349661 0.514953 0.165515 0.917847
0 0.544029 0.531256 0.315156 0.91649
0 0.351361 0.667747 0.167378 0.589384
0 0.801313 0.509796 0.299483 0.946762
0 0.214902 0.657538 0.145116 0.592701
0 0.351934 0.666389 0.157004 0.585709
0 0.544029 0.531256 0.315156 0.91649
0 0.351361 0.667747 0.167378 0.589384
0 0.801313 0.509796 0.299483 0.946762
0 0.214902 0.657538 0.145116 0.592701
0 0.351934 0.666389 0.157004 0.585709
0 0.800988 0.548289 0.291343 0.863504
0 0.801176 0.598926 0.281526 0.763613
