0 0.229443 0.590939 0.0590207 0.558238
0 0.178383 0.589743 0.0715275 0.61106
0 0.379195 0.652766 0.130952 0.321201
0 0.506095 0.315882 0.13317 0.409922
0 0.121925 0.625471 0.0717518 0.616497
0 0.940557 0.262104 0.118549 0.524208
0 0.0553625 0.664478 0.0844012 0.637123
0 0.377317 0.358193 0.140946 0.398232
0 0.83787 0.170097 0.111649 0.340193
0 0.771172 0.890525 0.186896 0.21895
0 0.0129228 0.678833 0.0257561 0.626584
0 0.282591 0.575009 0.0727331 0.57687
0 0.135524 0.0354388 0.0608581 0.0708777
0 0.218084 0.0400567 0.0660372 0.0801133
0 0.972424 0.812074 0.0551525 0.375852
0 0.229443 0.590939 0.0590207 0.558238
0 0.178383 0.589743 0.0715275 0.61106
0 0.379195 0.652766 0.130952 0.321201
0 0.506095 0.315882 0.13317 0.409922
0 0.121925 0.625471 0.0717518 0.616497
0 0.940557 0.262104 0.118549 0.524208
0 0.0553625 0.664478 0.0844012 0.637123
0 0.377317 0.358193 0.140946 0.398232
0 0.83787 0.170097 0.111649 0.340193
0 0.771172 0.890525 0.186896 0.21895
0 0.0129228 0.678833 0.0257561 0.626584
0 0.282591 0.575009 0.0727331 0.57687
0 0.135524 0.0354388 0.0608581 0.0708777
0 0.218084 0.0400567 0.0660372 0.0801133
0 0.972424 0.812074 0.0551525 0.375852
0 0.282127 0.580087 0.0775757 0.559981
0 0.178931 0.592864 0.072763 0.591445
0 0.837574 0.171746 0.111521 0.343493
0 0.229796 0.596145 0.0674691 0.551378
0 0.734472 0.178882 0.109582 0.34751
0 0.0568167 0.666604 0.0915537 0.645846
0 0.123375 0.627227 0.0783478 0.603796
0 0.731985 0.463275 0.1101 0.315932
0 0.938417 0.269813 0.118995 0.539625
0 0.41022 0.647948 0.0751872 0.294151
0 0.626955 0.250872 0.123486 0.39245
0 0.409662 0.344399 0.0797453 0.351439
0 0.506437 0.609911 0.130896 0.30783
0 0.62652 0.533446 0.119128 0.318091
0 0.34732 0.671875 0.0715472 0.297338
0 0.345278 0.380095 0.0746082 0.341324
0 0.13161 0.039968 0.0603429 0.079936
0 0.83609 0.434424 0.107445 0.276679
0 0.505605 0.310852 0.136854 0.438788
0 0.97058 0.818177 0.0587823 0.360907
0 0.016635 0.668123 0.0332699 0.65111
0 0.178207 0.033626 0.0496616 0.0672521
0 0.775732 0.895973 0.188653 0.208054
0 0.895022 0.84406 0.128096 0.31188
0 0.0587189 0.056129 0.100715 0.112258
0 0.203706 0.0472681 0.102961 0.0945362
0 0.129196 0.0462582 0.0715068 0.0925165
0 0.193882 0.0388706 0.0961274 0.0777412
0 0.206705 0.0384495 0.074405 0.0768989
0 0.506576 0.425995 0.140059 0.683133
0 0.282127 0.580087 0.0775757 0.559981
0 0.178931 0.592864 0.072763 0.591445
0 0.837574 0.171746 0.111521 0.343493
0 0.229796 0.596145 0.0674691 0.551378
0 0.734472 0.178882 0.109582 0.34751
0 0.0568167 0.666604 0.0915537 0.645846
0 0.123375 0.627227 0.0783478 0.603796
0 0.731985 0.463275 0.1101 0.315932
0 0.938417 0.269813 0.118995 0.539625
0 0.41022 0.647948 0.0751872 0.294151
0 0.626955 0.250872 0.123486 0.39245
0 0.409662 0.344399 0.0797453 0.351439
0 0.506437 0.609911 0.130896 0.30783
0 0.62652 0.533446 0.119128 0.318091
0 0.34732 0.671875 0.0715472 0.297338
0 0.345278 0.380095 0.0746082 0.341324
0 0.13161 0.039968 0.0603429 0.079936
0 0.83609 0.434424 0.107445 0.276679
0 0.505605 0.310852 0.136854 0.438788
0 0.97058 0.818177 0.0587823 0.360907
0 0.016635 0.668123 0.0332699 0.65111
0 0.178207 0.033626 0.0496616 0.0672521
0 0.775732 0.895973 0.188653 0.208054
0 0.895022 0.84406 0.128096 0.31188
0 0.0587189 0.056129 0.100715 0.112258
0 0.203706 0.0472681 0.102961 0.0945362
0 0.129196 0.0462582 0.0715068 0.0925165
0 0.193882 0.0388706 0.0961274 0.0777412
0 0.206705 0.0384495 0.074405 0.0768989
0 0.506576 0.425995 0.140059 0.683133
0 0.0645313 0.0561493 0.0928805 0.112299
0 0.16486 0.0357094 0.0639625 0.0714188
0 0.340684 0.0401978 0.11206 0.0803956
0 0.505062 0.611082 0.126377 0.297201
0 0.334393 0.0333198 0.0932083 0.0666396
0 0.0107394 0.0764528 0.0214787 0.152906
0 0.46396 0.0363576 0.119154 0.0727153
0 0.216398 0.0397113 0.063735 0.0794225
0 0.353725 0.670578 0.055138 0.273365
0 0.275429 0.0305095 0.062425 0.061019
0 0.282127 0.580087 0.0775757 0.559981
0 0.178931 0.592864 0.072763 0.591445
0 0.837574 0.171746 0.111521 0.343493
0 0.229796 0.596145 0.0674691 0.551378
0 0.734472 0.178882 0.109582 0.34751
0 0.0568167 0.666604 0.0915537 0.645846
0 0.123375 0.627227 0.0783478 0.603796
0 0.731985 0.463275 0.1101 0.315932
0 0.938417 0.269813 0.118995 0.539625
0 0.41022 0.647948 0.0751872 0.294151
0 0.626955 0.250872 0.123486 0.39245
0 0.409662 0.344399 0.0797453 0.351439
0 0.506437 0.609911 0.130896 0.30783
0 0.62652 0.533446 0.119128 0.318091
0 0.34732 0.671875 0.0715472 0.297338
0 0.345278 0.380095 0.0746082 0.341324
0 0.13161 0.039968 0.0603429 0.079936
0 0.83609 0.434424 0.107445 0.276679
0 0.505605 0.310852 0.136854 0.438788
0 0.97058 0.818177 0.0587823 0.360907
0 0.016635 0.668123 0.0332699 0.65111
0 0.178207 0.033626 0.0496616 0.0672521
0 0.775732 0.895973 0.188653 0.208054
0 0.895022 0.84406 0.128096 0.31188
0 0.0587189 0.056129 0.100715 0.112258
0 0.203706 0.0472681 0.102961 0.0945362
0 0.129196 0.0462582 0.0715068 0.0925165
0 0.193882 0.0388706 0.0961274 0.0777412
0 0.206705 0.0384495 0.074405 0.0768989
0 0.506576 0.425995 0.140059 0.683133
0 0.282127 0.580087 0.0775757 0.559981
0 0.178931 0.592864 0.072763 0.591445
0 0.837574 0.171746 0.111521 0.343493
0 0.229796 0.596145 0.0674691 0.551378
0 0.734472 0.178882 0.109582 0.34751
0 0.0568167 0.666604 0.0915537 0.645846
0 0.123375 0.627227 0.0783478 0.603796
0 0.731985 0.463275 0.1101 0.315932
0 0.938417 0.269813 0.118995 0.539625
0 0.41022 0.647948 0.0751872 0.294151
0 0.626955 0.250872 0.123486 0.39245
0 0.409662 0.344399 0.0797453 0.351439
0 0.506437 0.609911 0.130896 0.30783
0 0.62652 0.533446 0.119128 0.318091
0 0.34732 0.671875 0.0715472 0.297338
0 0.345278 0.380095 0.0746082 0.341324
0 0.13161 0.039968 0.0603429 0.079936
0 0.83609 0.434424 0.107445 0.276679
0 0.505605 0.310852 0.136854 0.438788
0 0.97058 0.818177 0.0587823 0.360907
0 0.016635 0.668123 0.0332699 0.65111
0 0.178207 0.033626 0.0496616 0.0672521
0 0.775732 0.895973 0.188653 0.208054
0 0.895022 0.84406 0.128096 0.31188
0 0.0587189 0.056129 0.100715 0.112258
0 0.203706 0.0472681 0.102961 0.0945362
0 0.129196 0.0462582 0.0715068 0.0925165
0 0.193882 0.0388706 0.0961274 0.0777412
0 0.206705 0.0384495 0.074405 0.0768989
0 0.506576 0.425995 0.140059 0.683133
