0 0.435623 0.6159 0.300664 0.692748
0 0.683506 0.614505 0.321545 0.701565
0 0.875629 0.612191 0.246896 0.711693
0 0.176548 0.604053 0.308867 0.712954
0 0.172983 0.605179 0.311677 0.719565
0 0.435623 0.6159 0.300664 0.692748
0 0.683506 0.614505 0.321545 0.701565
0 0.875629 0.612191 0.246896 0.711693
0 0.176548 0.604053 0.308867 0.712954
0 0.172983 0.605179 0.311677 0.719565
0 0.435623 0.6159 0.300664 0.692748
0 0.683506 0.614505 0.321545 0.701565
0 0.875629 0.612191 0.246896 0.711693
0 0.176548 0.604053 0.308867 0.712954
0 0.172983 0.605179 0.311677 0.719565
0 0.432017 0.61583 0.292811 0.693951
0 0.177029 0.497807 0.275564 0.466188
0 0.701904 0.53057 0.26344 0.496361
0 0.67809 0.616645 0.309519 0.696259
0 0.432017 0.61583 0.292811 0.693951
0 0.177029 0.497807 0.275564 0.466188
0 0.701904 0.53057 0.26344 0.496361
0 0.67809 0.616645 0.309519 0.696259
0 0.432017 0.61583 0.292811 0.693951
0 0.177029 0.497807 0.275564 0.466188
0 0.701904 0.53057 0.26344 0.496361
0 0.67809 0.616645 0.309519 0.696259
