0 0.638622 0.484784 0.710288 0.784787
0 0.168551 0.635164 0.337102 0.595582
0 0.638622 0.484784 0.710288 0.784787
0 0.168551 0.635164 0.337102 0.595582
0 0.638622 0.484784 0.710288 0.784787
0 0.168551 0.635164 0.337102 0.595582
0 0.651078 0.506828 0.694757 0.740566
0 0.15699 0.662714 0.310023 0.547495
0 0.651078 0.506828 0.694757 0.740566
0 0.15699 0.662714 0.310023 0.547495
0 0.651078 0.506828 0.694757 0.740566
0 0.15699 0.662714 0.310023 0.547495
0 0.651078 0.506828 0.694757 0.740566
0 0.15699 0.662714 0.310023 0.547495
