0 0.155642 0.544719 0.0936201 0.464549
0 0.929148 0.207054 0.133986 0.314807
0 0.547596 0.442144 0.121904 0.546616
0 0.341632 0.383973 0.0987571 0.251493
0 0.0148328 0.626693 0.0289961 0.746615
0 0.670825 0.281394 0.11903 0.27927
0 0.0686925 0.56611 0.0913374 0.490772
0 0.245798 0.474491 0.0966523 0.383055
0 0.65239 0.804873 0.121209 0.246305
0 0.155642 0.544719 0.0936201 0.464549
0 0.929148 0.207054 0.133986 0.314807
0 0.547596 0.442144 0.121904 0.546616
0 0.341632 0.383973 0.0987571 0.251493
0 0.0148328 0.626693 0.0289961 0.746615
0 0.670825 0.281394 0.11903 0.27927
0 0.0686925 0.56611 0.0913374 0.490772
0 0.245798 0.474491 0.0966523 0.383055
0 0.65239 0.804873 0.121209 0.246305
0 0.155642 0.544719 0.0936201 0.464549
0 0.929148 0.207054 0.133986 0.314807
0 0.547596 0.442144 0.121904 0.546616
0 0.341632 0.383973 0.0987571 0.251493
0 0.0148328 0.626693 0.0289961 0.746615
0 0.670825 0.281394 0.11903 0.27927
0 0.0686925 0.56611 0.0913374 0.490772
0 0.245798 0.474491 0.0966523 0.383055
0 0.65239 0.804873 0.121209 0.246305
0 0.153715 0.657648 0.0945399 0.670024
0 0.243288 0.631885 0.0989759 0.688402
0 0.0676876 0.670691 0.0905888 0.658617
0 0.795003 0.251946 0.126534 0.289655
0 0.929316 0.347142 0.139079 0.582791
0 0.436312 0.591794 0.112187 0.729204
0 0.671685 0.283868 0.119166 0.283139
0 0.912583 0.770585 0.137074 0.299537
0 0.543348 0.702868 0.116359 0.497659
0 0.784572 0.652744 0.133581 0.531713
0 0.33622 0.604193 0.103629 0.732815
0 0.0145205 0.643815 0.0287852 0.71237
0 0.546601 0.580244 0.12602 0.791461
0 0.652662 0.808375 0.119423 0.245936
0 0.549164 0.320243 0.115852 0.276305
0 0.66364 0.559449 0.122024 0.267671
0 0.153715 0.657648 0.0945399 0.670024
0 0.243288 0.631885 0.0989759 0.688402
0 0.0676876 0.670691 0.0905888 0.658617
0 0.795003 0.251946 0.126534 0.289655
0 0.929316 0.347142 0.139079 0.582791
0 0.436312 0.591794 0.112187 0.729204
0 0.671685 0.283868 0.119166 0.283139
0 0.912583 0.770585 0.137074 0.299537
0 0.543348 0.702868 0.116359 0.497659
0 0.784572 0.652744 0.133581 0.531713
0 0.33622 0.604193 0.103629 0.732815
0 0.0145205 0.643815 0.0287852 0.71237
0 0.546601 0.580244 0.12602 0.791461
0 0.652662 0.808375 0.119423 0.245936
0 0.549164 0.320243 0.115852 0.276305
0 0.66364 0.559449 0.122024 0.267671
0 0.34042 0.383443 0.0981171 0.24467
0 0.789701 0.508105 0.139273 0.841096
0 0.652605 0.805669 0.119697 0.25191
0 0.433951 0.736062 0.107287 0.442818
0 0.153715 0.657648 0.0945399 0.670024
0 0.243288 0.631885 0.0989759 0.688402
0 0.0676876 0.670691 0.0905888 0.658617
0 0.795003 0.251946 0.126534 0.289655
0 0.929316 0.347142 0.139079 0.582791
0 0.436312 0.591794 0.112187 0.729204
0 0.671685 0.283868 0.119166 0.283139
0 0.912583 0.770585 0.137074 0.299537
0 0.543348 0.702868 0.116359 0.497659
0 0.784572 0.652744 0.133581 0.531713
0 0.33622 0.604193 0.103629 0.732815
0 0.0145205 0.643815 0.0287852 0.71237
0 0.546601 0.580244 0.12602 0.791461
0 0.652662 0.808375 0.119423 0.245936
0 0.549164 0.320243 0.115852 0.276305
0 0.66364 0.559449 0.122024 0.267671
0 0.153715 0.657648 0.0945399 0.670024
0 0.243288 0.631885 0.0989759 0.688402
0 0.0676876 0.670691 0.0905888 0.658617
0 0.795003 0.251946 0.126534 0.289655
0 0.929316 0.347142 0.139079 0.582791
0 0.436312 0.591794 0.112187 0.729204
0 0.671685 0.283868 0.119166 0.283139
0 0.912583 0.770585 0.137074 0.299537
0 0.543348 0.702868 0.116359 0.497659
0 0.784572 0.652744 0.133581 0.531713
0 0.33622 0.604193 0.103629 0.732815
0 0.0145205 0.643815 0.0287852 0.71237
0 0.546601 0.580244 0.12602 0.791461
0 0.652662 0.808375 0.119423 0.245936
0 0.549164 0.320243 0.115852 0.276305
0 0.66364 0.559449 0.122024 0.267671
