0 0.712089 0.501833 0.077752 0.429245
0 0.067537 0.696732 0.135074 0.386133
0 0.900401 0.388293 0.129411 0.477482
0 0.798387 0.50663 0.102712 0.372279
0 0.332822 0.720075 0.0688009 0.31797
0 0.640677 0.538292 0.0674726 0.415201
0 0.576093 0.564977 0.0630423 0.427158
0 0.454219 0.638611 0.0554414 0.398482
0 0.979416 0.370192 0.0411675 0.465154
0 0.514098 0.596312 0.053992 0.422903
0 0.279018 0.779024 0.0551939 0.291924
0 0.576617 0.563697 0.0646637 0.429038
0 0.531585 0.577583 0.044983 0.420302
0 0.280064 0.766616 0.0506313 0.27989
0 0.187598 0.726503 0.0718631 0.453938
0 0.712089 0.501833 0.077752 0.429245
0 0.067537 0.696732 0.135074 0.386133
0 0.900401 0.388293 0.129411 0.477482
0 0.798387 0.50663 0.102712 0.372279
0 0.332822 0.720075 0.0688009 0.31797
0 0.640677 0.538292 0.0674726 0.415201
0 0.576093 0.564977 0.0630423 0.427158
0 0.454219 0.638611 0.0554414 0.398482
0 0.979416 0.370192 0.0411675 0.465154
0 0.514098 0.596312 0.053992 0.422903
0 0.279018 0.779024 0.0551939 0.291924
0 0.576617 0.563697 0.0646637 0.429038
0 0.531585 0.577583 0.044983 0.420302
0 0.280064 0.766616 0.0506313 0.27989
0 0.187598 0.726503 0.0718631 0.453938
0 0.712089 0.501833 0.077752 0.429245
0 0.067537 0.696732 0.135074 0.386133
0 0.900401 0.388293 0.129411 0.477482
0 0.798387 0.50663 0.102712 0.372279
0 0.332822 0.720075 0.0688009 0.31797
0 0.640677 0.538292 0.0674726 0.415201
0 0.576093 0.564977 0.0630423 0.427158
0 0.454219 0.638611 0.0554414 0.398482
0 0.979416 0.370192 0.0411675 0.465154
0 0.514098 0.596312 0.053992 0.422903
0 0.279018 0.779024 0.0551939 0.291924
0 0.576617 0.563697 0.0646637 0.429038
0 0.531585 0.577583 0.044983 0.420302
0 0.280064 0.766616 0.0506313 0.27989
0 0.187598 0.726503 0.0718631 0.453938
0 0.639904 0.5288 0.0663372 0.404367
0 0.713338 0.493831 0.0766717 0.428705
0 0.461146 0.631702 0.0660313 0.39156
0 0.525295 0.581921 0.0556014 0.419063
0 0.982041 0.38716 0.0359082 0.402087
0 0.900996 0.39211 0.11785 0.444053
0 0.577621 0.554776 0.0551154 0.408104
0 0.331283 0.722362 0.0675143 0.314601
0 0.801124 0.445443 0.0957818 0.529109
0 0.236839 0.803781 0.0454206 0.272644
0 0.28085 0.769993 0.0487584 0.280989
0 0.639904 0.5288 0.0663372 0.404367
0 0.713338 0.493831 0.0766717 0.428705
0 0.461146 0.631702 0.0660313 0.39156
0 0.525295 0.581921 0.0556014 0.419063
0 0.982041 0.38716 0.0359082 0.402087
0 0.900996 0.39211 0.11785 0.444053
0 0.577621 0.554776 0.0551154 0.408104
0 0.331283 0.722362 0.0675143 0.314601
0 0.801124 0.445443 0.0957818 0.529109
0 0.236839 0.803781 0.0454206 0.272644
0 0.28085 0.769993 0.0487584 0.280989
0 0.799105 0.504015 0.0927151 0.396494
0 0.182224 0.732443 0.0630227 0.449453
0 0.712905 0.494114 0.0772786 0.428764
0 0.639904 0.5288 0.0663372 0.404367
0 0.713338 0.493831 0.0766717 0.428705
0 0.461146 0.631702 0.0660313 0.39156
0 0.525295 0.581921 0.0556014 0.419063
0 0.982041 0.38716 0.0359082 0.402087
0 0.900996 0.39211 0.11785 0.444053
0 0.577621 0.554776 0.0551154 0.408104
0 0.331283 0.722362 0.0675143 0.314601
0 0.801124 0.445443 0.0957818 0.529109
0 0.236839 0.803781 0.0454206 0.272644
0 0.28085 0.769993 0.0487584 0.280989
