0 0.782953 0.653254 0.154676 0.396567
0 0.101469 0.206118 0.0738722 0.275919
0 0.919846 0.727612 0.132237 0.431353
0 0.356332 0.394003 0.0898454 0.3119
0 0.461018 0.445626 0.138539 0.346241
0 0.617585 0.531839 0.188978 0.412786
0 0.183322 0.258277 0.0897725 0.295954
0 0.782953 0.653254 0.154676 0.396567
0 0.101469 0.206118 0.0738722 0.275919
0 0.919846 0.727612 0.132237 0.431353
0 0.356332 0.394003 0.0898454 0.3119
0 0.461018 0.445626 0.138539 0.346241
0 0.617585 0.531839 0.188978 0.412786
0 0.183322 0.258277 0.0897725 0.295954
0 0.782953 0.653254 0.154676 0.396567
0 0.101469 0.206118 0.0738722 0.275919
0 0.919846 0.727612 0.132237 0.431353
0 0.356332 0.394003 0.0898454 0.3119
0 0.461018 0.445626 0.138539 0.346241
0 0.617585 0.531839 0.188978 0.412786
0 0.183322 0.258277 0.0897725 0.295954
0 0.782342 0.65403 0.144735 0.39304
0 0.922462 0.741927 0.134445 0.427524
0 0.782342 0.65403 0.144735 0.39304
0 0.922462 0.741927 0.134445 0.427524
0 0.667656 0.585938 0.0704954 0.355013
0 0.101362 0.417545 0.0804706 0.689883
