0 0.786252 0.434522 0.35909 0.773941
0 0.302571 0.58016 0.119459 0.830557
0 0.414872 0.56243 0.123163 0.852927
0 0.0798377 0.595022 0.125538 0.797803
0 0.19566 0.592922 0.113093 0.812979
0 0.538623 0.549761 0.13672 0.863483
0 0.786252 0.434522 0.35909 0.773941
0 0.302571 0.58016 0.119459 0.830557
0 0.414872 0.56243 0.123163 0.852927
0 0.0798377 0.595022 0.125538 0.797803
0 0.19566 0.592922 0.113093 0.812979
0 0.538623 0.549761 0.13672 0.863483
0 0.786252 0.434522 0.35909 0.773941
0 0.302571 0.58016 0.119459 0.830557
0 0.414872 0.56243 0.123163 0.852927
0 0.0798377 0.595022 0.125538 0.797803
0 0.19566 0.592922 0.113093 0.812979
0 0.538623 0.549761 0.13672 0.863483
0 0.541841 0.551813 0.139064 0.857913
0 0.415454 0.573571 0.124808 0.827894
0 0.304502 0.58436 0.117993 0.815598
0 0.197351 0.598628 0.112055 0.800759
0 0.0860259 0.602865 0.118544 0.792939
0 0.541841 0.551813 0.139064 0.857913
0 0.415454 0.573571 0.124808 0.827894
0 0.304502 0.58436 0.117993 0.815598
0 0.197351 0.598628 0.112055 0.800759
0 0.0860259 0.602865 0.118544 0.792939
0 0.787262 0.490001 0.36437 0.937278
0 0.541841 0.551813 0.139064 0.857913
0 0.415454 0.573571 0.124808 0.827894
0 0.304502 0.58436 0.117993 0.815598
0 0.197351 0.598628 0.112055 0.800759
0 0.0860259 0.602865 0.118544 0.792939
