0 0.12942 0.616698 0.103876 0.669347
0 0.454297 0.576108 0.111615 0.797028
0 0.351797 0.576868 0.114765 0.789845
0 0.937992 0.223016 0.12145 0.39995
0 0.54981 0.62257 0.089015 0.726468
0 0.0382141 0.624274 0.0761869 0.662196
0 0.86348 0.774996 0.103325 0.413781
0 0.953211 0.729223 0.0935777 0.520456
0 0.642565 0.530527 0.0799869 0.487673
0 0.763516 0.71704 0.113048 0.444756
0 0.231958 0.610713 0.107988 0.70246
0 0.12942 0.616698 0.103876 0.669347
0 0.454297 0.576108 0.111615 0.797028
0 0.351797 0.576868 0.114765 0.789845
0 0.937992 0.223016 0.12145 0.39995
0 0.54981 0.62257 0.089015 0.726468
0 0.0382141 0.624274 0.0761869 0.662196
0 0.86348 0.774996 0.103325 0.413781
0 0.953211 0.729223 0.0935777 0.520456
0 0.642565 0.530527 0.0799869 0.487673
0 0.763516 0.71704 0.113048 0.444756
0 0.231958 0.610713 0.107988 0.70246
0 0.12942 0.616698 0.103876 0.669347
0 0.454297 0.576108 0.111615 0.797028
0 0.351797 0.576868 0.114765 0.789845
0 0.937992 0.223016 0.12145 0.39995
0 0.54981 0.62257 0.089015 0.726468
0 0.0382141 0.624274 0.0761869 0.662196
0 0.86348 0.774996 0.103325 0.413781
0 0.953211 0.729223 0.0935777 0.520456
0 0.642565 0.530527 0.0799869 0.487673
0 0.763516 0.71704 0.113048 0.444756
0 0.231958 0.610713 0.107988 0.70246
0 0.448828 0.668653 0.101082 0.610526
0 0.0408871 0.623524 0.0817743 0.659478
0 0.128903 0.623882 0.102411 0.66331
0 0.811951 0.709151 0.214529 0.563075
0 0.550283 0.675645 0.094653 0.625465
0 0.448828 0.668653 0.101082 0.610526
0 0.0408871 0.623524 0.0817743 0.659478
0 0.128903 0.623882 0.102411 0.66331
0 0.811951 0.709151 0.214529 0.563075
0 0.550283 0.675645 0.094653 0.625465
0 0.942372 0.254805 0.115257 0.31499
0 0.225159 0.635284 0.0984241 0.666759
0 0.231438 0.634718 0.110572 0.673147
0 0.647268 0.681816 0.102687 0.636368
0 0.549266 0.671718 0.0944768 0.618083
0 0.448828 0.668653 0.101082 0.610526
0 0.0408871 0.623524 0.0817743 0.659478
0 0.128903 0.623882 0.102411 0.66331
0 0.811951 0.709151 0.214529 0.563075
0 0.550283 0.675645 0.094653 0.625465
