0 0.885992 0.664561 0.197866 0.604635
0 0.698402 0.6565 0.1913 0.610253
0 0.490168 0.671189 0.189728 0.572323
0 0.304842 0.6434 0.187282 0.619642
0 0.110463 0.655351 0.198413 0.59499
0 0.885992 0.664561 0.197866 0.604635
0 0.698402 0.6565 0.1913 0.610253
0 0.490168 0.671189 0.189728 0.572323
0 0.304842 0.6434 0.187282 0.619642
0 0.110463 0.655351 0.198413 0.59499
0 0.885992 0.664561 0.197866 0.604635
0 0.698402 0.6565 0.1913 0.610253
0 0.490168 0.671189 0.189728 0.572323
0 0.304842 0.6434 0.187282 0.619642
0 0.110463 0.655351 0.198413 0.59499
0 0.6982 0.655777 0.196877 0.624338
0 0.491439 0.657475 0.192522 0.615403
0 0.305993 0.644139 0.192077 0.633883
0 0.112522 0.653841 0.194057 0.60238
0 0.885836 0.678221 0.191898 0.582956
0 0.6982 0.655777 0.196877 0.624338
0 0.491439 0.657475 0.192522 0.615403
0 0.305993 0.644139 0.192077 0.633883
0 0.112522 0.653841 0.194057 0.60238
0 0.885836 0.678221 0.191898 0.582956
0 0.989589 0.632177 0.0208123 0.65479
0 0.6982 0.655777 0.196877 0.624338
0 0.491439 0.657475 0.192522 0.615403
0 0.305993 0.644139 0.192077 0.633883
0 0.112522 0.653841 0.194057 0.60238
0 0.885836 0.678221 0.191898 0.582956
0 0.6982 0.655777 0.196877 0.624338
0 0.491439 0.657475 0.192522 0.615403
0 0.305993 0.644139 0.192077 0.633883
0 0.112522 0.653841 0.194057 0.60238
0 0.885836 0.678221 0.191898 0.582956
