0 0.381383 0.564657 0.245429 0.688551
0 0.154026 0.549324 0.248457 0.674946
0 0.615328 0.605093 0.245329 0.687639
0 0.849328 0.644938 0.24835 0.650299
0 0.381383 0.564657 0.245429 0.688551
0 0.154026 0.549324 0.248457 0.674946
0 0.615328 0.605093 0.245329 0.687639
0 0.849328 0.644938 0.24835 0.650299
0 0.381383 0.564657 0.245429 0.688551
0 0.154026 0.549324 0.248457 0.674946
0 0.615328 0.605093 0.245329 0.687639
0 0.849328 0.644938 0.24835 0.650299
0 0.385499 0.565773 0.239727 0.694355
0 0.615912 0.601456 0.242696 0.713469
0 0.155266 0.555872 0.237293 0.663233
0 0.847562 0.654701 0.243921 0.657635
0 0.385499 0.565773 0.239727 0.694355
0 0.615912 0.601456 0.242696 0.713469
0 0.155266 0.555872 0.237293 0.663233
0 0.847562 0.654701 0.243921 0.657635
0 0.385499 0.565773 0.239727 0.694355
0 0.615912 0.601456 0.242696 0.713469
0 0.155266 0.555872 0.237293 0.663233
0 0.847562 0.654701 0.243921 0.657635
