0 0.806076 0.504237 0.383342 0.910991
0 0.379128 0.421365 0.464896 0.780814
0 0.353257 0.413235 0.515886 0.789942
0 0.806076 0.504237 0.383342 0.910991
0 0.379128 0.421365 0.464896 0.780814
0 0.353257 0.413235 0.515886 0.789942
0 0.806076 0.504237 0.383342 0.910991
0 0.379128 0.421365 0.464896 0.780814
0 0.353257 0.413235 0.515886 0.789942
0 0.793605 0.631225 0.34598 0.65274
0 0.364314 0.516624 0.478006 0.538621
0 0.793605 0.631225 0.34598 0.65274
0 0.364314 0.516624 0.478006 0.538621
0 0.793605 0.631225 0.34598 0.65274
0 0.364314 0.516624 0.478006 0.538621
