0 0.362584 0.548617 0.246249 0.823454
0 0.108397 0.541633 0.188706 0.846559
0 0.560717 0.648892 0.212001 0.687358
0 0.362584 0.548617 0.246249 0.823454
0 0.108397 0.541633 0.188706 0.846559
0 0.560717 0.648892 0.212001 0.687358
0 0.362584 0.548617 0.246249 0.823454
0 0.108397 0.541633 0.188706 0.846559
0 0.560717 0.648892 0.212001 0.687358
0 0.561601 0.645626 0.2121 0.690266
0 0.368307 0.551558 0.23278 0.809942
0 0.110722 0.54698 0.188279 0.814892
0 0.788562 0.641565 0.171287 0.711668
0 0.561601 0.645626 0.2121 0.690266
0 0.368307 0.551558 0.23278 0.809942
0 0.110722 0.54698 0.188279 0.814892
0 0.788562 0.641565 0.171287 0.711668
0 0.561601 0.645626 0.2121 0.690266
0 0.368307 0.551558 0.23278 0.809942
0 0.110722 0.54698 0.188279 0.814892
0 0.788562 0.641565 0.171287 0.711668
