0 0.203136 0.660487 0.218424 0.312124
0 0.44005 0.691727 0.225048 0.37109
0 0.647188 0.630042 0.210664 0.282085
0 0.873741 0.679589 0.23969 0.384143
0 0.203136 0.660487 0.218424 0.312124
0 0.44005 0.691727 0.225048 0.37109
0 0.647188 0.630042 0.210664 0.282085
0 0.873741 0.679589 0.23969 0.384143
0 0.203136 0.660487 0.218424 0.312124
0 0.44005 0.691727 0.225048 0.37109
0 0.647188 0.630042 0.210664 0.282085
0 0.873741 0.679589 0.23969 0.384143
0 0.534227 0.680848 0.422496 0.449582
0 0.877059 0.665551 0.245883 0.437975
0 0.196792 0.667676 0.241886 0.367704
0 0.534227 0.680848 0.422496 0.449582
0 0.877059 0.665551 0.245883 0.437975
0 0.196792 0.667676 0.241886 0.367704
0 0.0325645 0.692398 0.065129 0.458755
0 0.534227 0.680848 0.422496 0.449582
0 0.877059 0.665551 0.245883 0.437975
0 0.196792 0.667676 0.241886 0.367704
0 0.534227 0.680848 0.422496 0.449582
0 0.877059 0.665551 0.245883 0.437975
0 0.196792 0.667676 0.241886 0.367704
