0 0.533331 0.456527 0.13824 0.499766
0 0.973836 0.48598 0.0519035 0.395035
0 0.19703 0.667566 0.137741 0.45477
0 0.631461 0.465118 0.0813751 0.564422
0 0.0892897 0.731743 0.085963 0.364827
0 0.533331 0.456527 0.13824 0.499766
0 0.973836 0.48598 0.0519035 0.395035
0 0.19703 0.667566 0.137741 0.45477
0 0.631461 0.465118 0.0813751 0.564422
0 0.0892897 0.731743 0.085963 0.364827
0 0.533331 0.456527 0.13824 0.499766
0 0.973836 0.48598 0.0519035 0.395035
0 0.19703 0.667566 0.137741 0.45477
0 0.631461 0.465118 0.0813751 0.564422
0 0.0892897 0.731743 0.085963 0.364827
0 0.529917 0.510071 0.133833 0.600585
0 0.628763 0.475398 0.0776796 0.606874
0 0.680899 0.588854 0.0631066 0.351914
0 0.974671 0.569159 0.0505216 0.21478
0 0.975183 0.375637 0.0488194 0.169948
0 0.387749 0.543807 0.169513 0.613394
0 0.632348 0.352253 0.0778155 0.352818
0 0.0852359 0.421588 0.125259 0.274076
0 0.882043 0.529995 0.134226 0.356001
0 0.808294 0.275829 0.0708417 0.227793
0 0.193305 0.694964 0.1352 0.434837
0 0.974848 0.510808 0.0484994 0.100554
0 0.529917 0.510071 0.133833 0.600585
0 0.628763 0.475398 0.0776796 0.606874
0 0.680899 0.588854 0.0631066 0.351914
0 0.974671 0.569159 0.0505216 0.21478
0 0.975183 0.375637 0.0488194 0.169948
0 0.387749 0.543807 0.169513 0.613394
0 0.632348 0.352253 0.0778155 0.352818
0 0.0852359 0.421588 0.125259 0.274076
0 0.882043 0.529995 0.134226 0.356001
0 0.808294 0.275829 0.0708417 0.227793
0 0.193305 0.694964 0.1352 0.434837
0 0.974848 0.510808 0.0484994 0.100554
0 0.893321 0.321231 0.112047 0.126057
0 0.806685 0.440381 0.069281 0.57542
0 0.525687 0.696005 0.123335 0.235872
0 0.732676 0.474535 0.0937815 0.656316
0 0.52966 0.509564 0.134843 0.626127
0 0.1948 0.591583 0.133949 0.210569
0 0.531342 0.519354 0.132181 0.624462
0 0.53191 0.421609 0.128936 0.417265
0 0.433052 0.532331 0.0772559 0.596447
0 0.739043 0.469523 0.0824554 0.628373
0 0.626125 0.493809 0.0745607 0.558942
0 0.434903 0.525 0.0738198 0.569509
0 0.395823 0.722928 0.13476 0.231767
0 0.434387 0.698505 0.0617192 0.242203
0 0.529917 0.510071 0.133833 0.600585
0 0.628763 0.475398 0.0776796 0.606874
0 0.680899 0.588854 0.0631066 0.351914
0 0.974671 0.569159 0.0505216 0.21478
0 0.975183 0.375637 0.0488194 0.169948
0 0.387749 0.543807 0.169513 0.613394
0 0.632348 0.352253 0.0778155 0.352818
0 0.0852359 0.421588 0.125259 0.274076
0 0.882043 0.529995 0.134226 0.356001
0 0.808294 0.275829 0.0708417 0.227793
0 0.193305 0.694964 0.1352 0.434837
0 0.974848 0.510808 0.0484994 0.100554
0 0.529917 0.510071 0.133833 0.600585
0 0.628763 0.475398 0.0776796 0.606874
0 0.680899 0.588854 0.0631066 0.351914
0 0.974671 0.569159 0.0505216 0.21478
0 0.975183 0.375637 0.0488194 0.169948
0 0.387749 0.543807 0.169513 0.613394
0 0.632348 0.352253 0.0778155 0.352818
0 0.0852359 0.421588 0.125259 0.274076
0 0.882043 0.529995 0.134226 0.356001
0 0.808294 0.275829 0.0708417 0.227793
0 0.193305 0.694964 0.1352 0.434837
0 0.974848 0.510808 0.0484994 0.100554
