0 0.485947 0.552883 0.195417 0.692543
0 0.863844 0.401809 0.226394 0.779097
0 0.677886 0.476921 0.207051 0.769987
0 0.308414 0.527626 0.164791 0.79255
0 0.485947 0.552883 0.195417 0.692543
0 0.863844 0.401809 0.226394 0.779097
0 0.677886 0.476921 0.207051 0.769987
0 0.308414 0.527626 0.164791 0.79255
0 0.485947 0.552883 0.195417 0.692543
0 0.863844 0.401809 0.226394 0.779097
0 0.677886 0.476921 0.207051 0.769987
0 0.308414 0.527626 0.164791 0.79255
0 0.862787 0.406469 0.199538 0.773702
0 0.485058 0.509068 0.186192 0.751005
0 0.675787 0.468609 0.199961 0.788901
0 0.152837 0.543263 0.167868 0.766316
0 0.862787 0.406469 0.199538 0.773702
0 0.485058 0.509068 0.186192 0.751005
0 0.675787 0.468609 0.199961 0.788901
0 0.152837 0.543263 0.167868 0.766316
0 0.31221 0.534289 0.161359 0.761424
0 0.150765 0.54556 0.17576 0.769216
0 0.862787 0.406469 0.199538 0.773702
0 0.485058 0.509068 0.186192 0.751005
0 0.675787 0.468609 0.199961 0.788901
0 0.152837 0.543263 0.167868 0.766316
0 0.862787 0.406469 0.199538 0.773702
0 0.485058 0.509068 0.186192 0.751005
0 0.675787 0.468609 0.199961 0.788901
0 0.152837 0.543263 0.167868 0.766316
