0 0.458402 0.471072 0.112798 0.772033
0 0.680885 0.499967 0.112675 0.71385
0 0.905392 0.47378 0.114595 0.777822
0 0.792565 0.475168 0.111807 0.773405
0 0.111601 0.481051 0.118124 0.772913
0 0.568719 0.47057 0.111013 0.777066
0 0.345489 0.478257 0.111141 0.780589
0 0.229924 0.475025 0.115995 0.761736
0 0.0265498 0.521168 0.0525903 0.728251
0 0.981072 0.479068 0.037813 0.759615
0 0.458402 0.471072 0.112798 0.772033
0 0.680885 0.499967 0.112675 0.71385
0 0.905392 0.47378 0.114595 0.777822
0 0.792565 0.475168 0.111807 0.773405
0 0.111601 0.481051 0.118124 0.772913
0 0.568719 0.47057 0.111013 0.777066
0 0.345489 0.478257 0.111141 0.780589
0 0.229924 0.475025 0.115995 0.761736
0 0.0265498 0.521168 0.0525903 0.728251
0 0.981072 0.479068 0.037813 0.759615
0 0.458402 0.471072 0.112798 0.772033
0 0.680885 0.499967 0.112675 0.71385
0 0.905392 0.47378 0.114595 0.777822
0 0.792565 0.475168 0.111807 0.773405
0 0.111601 0.481051 0.118124 0.772913
0 0.568719 0.47057 0.111013 0.777066
0 0.345489 0.478257 0.111141 0.780589
0 0.229924 0.475025 0.115995 0.761736
0 0.0265498 0.521168 0.0525903 0.728251
0 0.981072 0.479068 0.037813 0.759615
0 0.229696 0.474491 0.117707 0.772588
0 0.569086 0.469603 0.111897 0.767469
0 0.905027 0.472965 0.115222 0.782438
0 0.458095 0.472942 0.113408 0.766563
0 0.792341 0.475745 0.111446 0.765746
0 0.111705 0.479817 0.119731 0.775402
0 0.680179 0.500398 0.112086 0.716515
0 0.0266518 0.516382 0.0533035 0.727848
0 0.982005 0.479333 0.0359013 0.771496
0 0.345778 0.474786 0.113543 0.78444
0 0.229696 0.474491 0.117707 0.772588
0 0.569086 0.469603 0.111897 0.767469
0 0.905027 0.472965 0.115222 0.782438
0 0.458095 0.472942 0.113408 0.766563
0 0.792341 0.475745 0.111446 0.765746
0 0.111705 0.479817 0.119731 0.775402
0 0.680179 0.500398 0.112086 0.716515
0 0.0266518 0.516382 0.0533035 0.727848
0 0.982005 0.479333 0.0359013 0.771496
0 0.345778 0.474786 0.113543 0.78444
0 0.229696 0.474491 0.117707 0.772588
0 0.569086 0.469603 0.111897 0.767469
0 0.905027 0.472965 0.115222 0.782438
0 0.458095 0.472942 0.113408 0.766563
0 0.792341 0.475745 0.111446 0.765746
0 0.111705 0.479817 0.119731 0.775402
0 0.680179 0.500398 0.112086 0.716515
0 0.0266518 0.516382 0.0533035 0.727848
0 0.982005 0.479333 0.0359013 0.771496
0 0.345778 0.474786 0.113543 0.78444
