0 0.596033 0.565756 0.098406 0.448487
0 0.925315 0.137731 0.093993 0.251261
0 0.490709 0.599034 0.105797 0.514370
0 0.609387 0.173824 0.097128 0.289496
0 0.266226 0.642899 0.113327 0.520084
0 0.379737 0.647101 0.106130 0.472521
0 0.385525 0.232605 0.108284 0.341849
0 0.499168 0.183277 0.104291 0.271765
0 0.825184 0.167815 0.099825 0.288067
0 0.054904 0.566513 0.070228 0.827143
0 0.911821 0.498824 0.095096 0.461513
0 0.149326 0.663151 0.112137 0.541429
0 0.705158 0.554958 0.107828 0.476303
0 0.813853 0.548950 0.101261 0.462437
0 0.718643 0.163277 0.105517 0.294622
0 0.271033 0.237521 0.110053 0.276723
0 0.153135 0.265336 0.115306 0.246639
