0 0.551395 0.748595 0.079822 0.366716
0 0.964833 0.769882 0.070334 0.373491
0 0.475350 0.744364 0.074922 0.363935
0 0.323454 0.733536 0.078777 0.367840
0 0.779018 0.765266 0.071494 0.365266
0 0.796771 0.346435 0.088109 0.464763
0 0.158898 0.290414 0.085319 0.478935
0 0.480282 0.322071 0.079436 0.468698
0 0.077215 0.280340 0.084065 0.479379
0 0.886991 0.352012 0.094754 0.490059
0 0.240293 0.299024 0.080606 0.477633
0 0.247215 0.748180 0.075016 0.404408
0 0.319979 0.301775 0.084117 0.485503
0 0.561959 0.325503 0.087262 0.472840
0 0.400726 0.309334 0.083396 0.484112
0 0.629457 0.765828 0.078683 0.399231
0 0.855528 0.773743 0.086290 0.369083
0 0.706155 0.762870 0.077889 0.377041
0 0.399848 0.766820 0.077732 0.414822
0 0.169357 0.740562 0.080575 0.405030
0 0.089180 0.716657 0.079070 0.375799
