0 0.945651 0.678555 0.057397 0.446016
0 0.843446 0.652383 0.061041 0.454766
0 0.892175 0.666250 0.047504 0.440312
0 0.741907 0.617734 0.059801 0.462969
0 0.580636 0.569453 0.054257 0.494375
0 0.635773 0.596445 0.055865 0.492891
0 0.527504 0.556406 0.052006 0.490000
0 0.172718 0.438203 0.059985 0.535000
0 0.687856 0.610898 0.052343 0.484453
0 0.044594 0.391523 0.068729 0.550234
0 0.473798 0.536758 0.058132 0.491328
0 0.293760 0.478516 0.063507 0.521406
0 0.232282 0.453047 0.061899 0.524375
0 0.414770 0.515352 0.060138 0.501016
0 0.111187 0.435430 0.066968 0.583516
0 0.354250 0.497656 0.061424 0.509687
