0 0.197095 0.196088 0.117201 0.387824
0 0.198042 0.547147 0.111036 0.304529
0 0.311359 0.522382 0.111683 0.240765
0 0.745477 0.467235 0.060825 0.459176
0 0.977055 0.450029 0.045890 0.545824
0 0.865356 0.446588 0.061845 0.533176
0 0.924126 0.440088 0.060162 0.557471
0 0.657403 0.525529 0.119175 0.351412
0 0.074239 0.583529 0.126149 0.832941
0 0.806553 0.445471 0.059061 0.525059
0 0.679450 0.191265 0.126117 0.321353
0 0.428163 0.203912 0.107783 0.351118
0 0.541019 0.494324 0.113916 0.392765
0 0.312767 0.209824 0.110680 0.382000
0 0.423010 0.520853 0.109838 0.271118
0 0.547613 0.157971 0.116812 0.297824
