0 0.639689 0.365414 0.060494 0.422803
0 0.478022 0.345955 0.056555 0.440318
0 0.531547 0.354809 0.053812 0.433185
0 0.051196 0.268471 0.069219 0.462166
0 0.295000 0.702611 0.058963 0.336688
0 0.414785 0.723503 0.059809 0.330446
0 0.235606 0.694172 0.059091 0.333439
0 0.353780 0.711465 0.059330 0.330573
0 0.720415 0.405446 0.098979 0.407325
0 0.172448 0.697134 0.062408 0.354140
0 0.112576 0.693057 0.057209 0.379490
0 0.922273 0.420414 0.102057 0.390764
0 0.047416 0.672739 0.066922 0.343567
0 0.821507 0.411847 0.101037 0.386369
0 0.116244 0.271592 0.060431 0.458217
0 0.583118 0.357739 0.052169 0.421465
0 0.238022 0.298758 0.060223 0.457898
0 0.357496 0.320350 0.061978 0.441465
0 0.297002 0.307930 0.060957 0.447580
0 0.176356 0.284904 0.063014 0.459873
0 0.419593 0.332548 0.061643 0.444076
0 0.630534 0.736656 0.059282 0.313949
0 0.578206 0.734427 0.047831 0.320955
0 0.819625 0.723025 0.099506 0.248217
0 0.925183 0.731178 0.104466 0.258662
0 0.714219 0.759013 0.106683 0.306178
