0 0.469970 0.605123 0.119746 0.751481
0 0.815774 0.607315 0.117521 0.749074
0 0.699111 0.613765 0.117594 0.745926
0 0.132297 0.572284 0.115623 0.738025
0 0.956342 0.755525 0.061245 0.486111
0 0.245308 0.583457 0.111560 0.712840
0 0.899274 0.747346 0.061644 0.475309
0 0.048591 0.575679 0.058924 0.704198
0 0.355707 0.577623 0.112600 0.682654
0 0.012267 0.570370 0.024534 0.731728
0 0.992781 0.754321 0.014172 0.488025
0 0.010998 0.571512 0.021995 0.725988
0 0.585955 0.608086 0.114111 0.736173
0 0.585979 0.609444 0.113555 0.737901
0 0.355593 0.576975 0.112056 0.687901
0 0.994148 0.759907 0.011681 0.471420
