0 0.873840 0.362746 0.034027 0.511156
0 0.049425 0.740462 0.059920 0.462312
0 0.139113 0.282139 0.119522 0.457803
0 0.762594 0.927139 0.112332 0.145723
0 0.569317 0.408931 0.043641 0.559480
0 0.609977 0.405347 0.043709 0.546416
0 0.838117 0.365491 0.038532 0.495260
0 0.689681 0.394393 0.041115 0.526821
0 0.802372 0.369798 0.039534 0.510809
0 0.523618 0.401387 0.051832 0.612832
0 0.651212 0.399364 0.042992 0.550289
0 0.765973 0.379393 0.039568 0.517168
0 0.727827 0.382775 0.041024 0.521387
0 0.393737 0.665694 0.186359 0.393815
0 0.137452 0.717312 0.111695 0.403410
0 0.392418 0.246994 0.190319 0.443584
0 0.221035 0.689711 0.053993 0.375838
0 0.271337 0.678439 0.049568 0.383353
0 0.907861 0.342312 0.043026 0.499884
