0 0.029183 0.408174 0.058366 0.623539
0 0.093392 0.423427 0.066119 0.622921
0 0.662706 0.594972 0.059667 0.617584
0 0.834272 0.654494 0.056160 0.598090
0 0.417950 0.511039 0.059729 0.630169
0 0.290146 0.475084 0.066098 0.663202
0 0.721405 0.601966 0.057565 0.611236
0 0.160713 0.449326 0.066420 0.627753
0 0.778236 0.628343 0.055265 0.601067
0 0.480931 0.536067 0.061301 0.657303
0 0.541842 0.552612 0.057627 0.632753
0 0.355255 0.490140 0.061186 0.667584
0 0.225926 0.453371 0.062362 0.648652
0 0.603101 0.577978 0.059979 0.621348
0 0.945161 0.681966 0.053007 0.574831
0 0.889771 0.672247 0.055213 0.590674
0 0.945104 0.680112 0.052789 0.570225
0 0.603195 0.582022 0.059542 0.625955
