0 0.689851 0.627827 0.051430 0.614907
0 0.361760 0.616893 0.055600 0.604159
0 0.635825 0.636005 0.056689 0.618271
0 0.414725 0.618037 0.053168 0.608411
0 0.034318 0.583621 0.061727 0.614720
0 0.468966 0.615864 0.054763 0.621262
0 0.860512 0.626869 0.055963 0.678037
0 0.523845 0.619533 0.055281 0.619626
0 0.146980 0.588435 0.060055 0.599019
0 0.090440 0.582290 0.053641 0.590093
0 0.307679 0.612617 0.055776 0.603738
0 0.202965 0.598832 0.055281 0.594299
0 0.255165 0.605467 0.054994 0.588318
0 0.743839 0.622173 0.056128 0.641822
0 0.577409 0.624766 0.055149 0.621589
0 0.804054 0.611472 0.059923 0.672103
0 0.914070 0.628645 0.056964 0.662150
0 0.913872 0.636332 0.057844 0.666963
0 0.972382 0.648785 0.055237 0.677009
0 0.972134 0.645187 0.055732 0.676729
