0 0.069377 0.842429 0.138444 0.094000
0 0.599669 0.467857 0.305486 0.257429
0 0.309008 0.683190 0.270467 0.197048
0 0.309339 0.485238 0.272685 0.266667
0 0.078521 0.491524 0.155953 0.234857
0 0.070914 0.704381 0.139572 0.209524
0 0.837393 0.722190 0.179455 0.251048
0 0.821946 0.240571 0.163035 0.255048
0 0.874630 0.479524 0.250739 0.254286
0 0.873560 0.721429 0.245720 0.261905
0 0.585642 0.234857 0.303191 0.260952
0 0.604086 0.686286 0.314397 0.198095
0 0.878268 0.920952 0.243463 0.158095
0 0.516148 0.234667 0.162957 0.241905
0 0.863366 0.233905 0.254591 0.252571
