0 0.933696 0.742767 0.040190 0.388679
0 0.215847 0.402862 0.054437 0.542830
0 0.270708 0.431384 0.052118 0.534969
0 0.159521 0.377704 0.054983 0.556038
0 0.800173 0.689937 0.034972 0.420126
0 0.563618 0.578239 0.040279 0.485912
0 0.473952 0.556572 0.051271 0.504088
0 0.763077 0.671509 0.035674 0.430314
0 0.473841 0.558585 0.050602 0.504214
0 0.969699 0.745314 0.032062 0.414403
0 0.724103 0.663868 0.036455 0.436038
0 0.837553 0.705346 0.038584 0.413962
0 0.520942 0.562956 0.040836 0.502767
0 0.102391 0.341352 0.056332 0.565220
0 0.683528 0.644717 0.039208 0.435597
0 0.421683 0.517170 0.047447 0.493082
0 0.605100 0.608050 0.040680 0.463396
0 0.373356 0.489560 0.046823 0.503648
0 0.043935 0.323553 0.057480 0.562579
0 0.645061 0.628333 0.036187 0.446478
0 0.323517 0.456635 0.049799 0.522453
