0 0.994940 0.800754 0.010120 0.360056
0 0.446741 0.704497 0.053697 0.471229
0 0.047449 0.610084 0.061212 0.490000
0 0.107899 0.618073 0.061369 0.517933
0 0.499976 0.707598 0.053854 0.472737
0 0.654220 0.307821 0.051032 0.378883
0 0.919814 0.787458 0.054418 0.425084
0 0.391489 0.692011 0.057239 0.472737
0 0.550324 0.288240 0.052773 0.377374
0 0.602905 0.299665 0.053301 0.382793
0 0.867347 0.779078 0.052365 0.441844
0 0.551861 0.716564 0.052365 0.458603
0 0.494022 0.281732 0.054214 0.352737
0 0.808962 0.752654 0.069016 0.492458
0 0.599670 0.716564 0.047551 0.444749
0 0.336783 0.643324 0.047155 0.506201
0 0.915552 0.354218 0.118403 0.355587
0 0.286122 0.646313 0.057359 0.504022
0 0.973481 0.792598 0.053037 0.414804
0 0.649022 0.723827 0.052809 0.446536
0 0.008830 0.626229 0.017515 0.489218
0 0.972023 0.792905 0.050672 0.414190
0 0.892995 0.092709 0.080756 0.185419
0 0.766303 0.080866 0.079016 0.161732
0 0.532629 0.051592 0.038848 0.103184
0 0.995852 0.782598 0.008295 0.401285
