0 0.191223 0.637280 0.060219 0.591865
0 0.567976 0.668342 0.063548 0.589016
0 0.253049 0.647979 0.060895 0.574611
0 0.437596 0.661658 0.059417 0.581762
0 0.313309 0.652876 0.058793 0.577461
0 0.693174 0.676399 0.061935 0.589896
0 0.759599 0.682047 0.068897 0.608653
0 0.974157 0.709275 0.051165 0.568290
0 0.828720 0.684223 0.062997 0.596010
0 0.906280 0.698705 0.079886 0.588290
0 0.631670 0.671917 0.059573 0.583420
0 0.376087 0.659689 0.061498 0.582487
0 0.130635 0.627591 0.058668 0.598601
0 0.501571 0.657694 0.065182 0.611865
0 0.068699 0.619430 0.061415 0.603109
