0 0.195435 0.707457 0.065318 0.451121
0 0.613010 0.436983 0.073712 0.368966
0 0.259264 0.664224 0.061405 0.437931
0 0.470234 0.524914 0.062742 0.377241
0 0.332157 0.616422 0.078027 0.424052
0 0.883428 0.252931 0.054883 0.354828
0 0.538896 0.487629 0.072308 0.374052
0 0.687408 0.384784 0.070000 0.364741
0 0.945552 0.206940 0.058863 0.382328
0 0.404114 0.578664 0.063880 0.371810
0 0.756973 0.333836 0.065585 0.368534
0 0.824666 0.284914 0.060769 0.364138
0 0.824783 0.284052 0.061003 0.367241
0 0.988813 0.196336 0.022375 0.345776
