0 0.171822 0.617538 0.111473 0.726742
0 0.268585 0.617386 0.110504 0.741591
0 0.483101 0.615795 0.101938 0.726591
0 0.483857 0.616250 0.100736 0.738409
0 0.170446 0.619848 0.100426 0.724242
0 0.382888 0.615758 0.118101 0.735000
0 0.586415 0.602689 0.112132 0.734470
0 0.690872 0.595303 0.112364 0.739091
0 0.268159 0.612235 0.109729 0.731591
0 0.383760 0.649659 0.118372 0.691894
0 0.842267 0.538371 0.188178 0.818712
0 0.075446 0.705000 0.113217 0.590000
0 0.483314 0.607311 0.106628 0.728712
0 0.587229 0.599015 0.110349 0.745909
