0 0.578376 0.545422 0.145092 0.826024
0 0.908284 0.421325 0.068155 0.662169
0 0.400314 0.523614 0.061882 0.629157
0 0.186052 0.546988 0.082140 0.754940
0 0.079391 0.639096 0.093321 0.686145
0 0.783579 0.483976 0.081255 0.595181
0 0.848856 0.446988 0.061993 0.626024
0 0.460258 0.551988 0.071808 0.621807
0 0.970609 0.399880 0.058782 0.676867
0 0.262638 0.519699 0.087934 0.736024
0 0.971015 0.398855 0.057970 0.690723
0 0.340295 0.520904 0.076162 0.716988
0 0.341089 0.523675 0.075314 0.699880
0 0.016697 0.607892 0.033395 0.718916
0 0.613339 0.534217 0.078192 0.805783
0 0.015572 0.613855 0.031144 0.692771
