0 0.816272 0.702026 0.056903 0.467137
0 0.873848 0.733326 0.054307 0.455110
0 0.461100 0.492687 0.063055 0.519119
0 0.926330 0.760110 0.049677 0.445947
0 0.053373 0.286278 0.070146 0.542159
0 0.523352 0.519493 0.058384 0.500308
0 0.638024 0.595286 0.060928 0.498767
0 0.333472 0.432731 0.064776 0.513216
0 0.266575 0.382203 0.066142 0.555419
0 0.757294 0.669648 0.061929 0.477181
0 0.399484 0.454890 0.061283 0.528546
0 0.128248 0.324626 0.068279 0.516740
0 0.579990 0.557225 0.057059 0.492335
0 0.697200 0.627841 0.058238 0.490044
0 0.199166 0.359141 0.067445 0.522070
