0 0.750163 0.544778 0.084495 0.672889
0 0.364853 0.401389 0.084235 0.681444
0 0.901596 0.575500 0.087818 0.755889
0 0.499202 0.452889 0.075147 0.693778
0 0.565065 0.476444 0.074886 0.702000
0 0.238909 0.349944 0.099446 0.665444
0 0.152704 0.332167 0.104625 0.649222
0 0.365684 0.402444 0.081270 0.676889
0 0.309495 0.373667 0.068762 0.668444
0 0.825277 0.550444 0.089707 0.700000
0 0.436808 0.428000 0.077785 0.685111
0 0.684821 0.532444 0.072573 0.655556
0 0.153094 0.331722 0.105668 0.651444
0 0.564593 0.478111 0.076547 0.708000
0 0.626238 0.521833 0.066221 0.648111
0 0.010733 0.303222 0.021466 0.597111
0 0.966938 0.642389 0.066124 0.633889
0 0.060765 0.308667 0.115081 0.617333
