0 0.873348 0.491178 0.061788 0.429828
0 0.974409 0.764224 0.051121 0.364195
0 0.438091 0.766034 0.073091 0.379080
0 0.812045 0.608966 0.080818 0.669770
0 0.905765 0.762960 0.066561 0.362356
0 0.293561 0.616839 0.078545 0.661839
0 0.221902 0.606322 0.078439 0.673908
0 0.736955 0.607328 0.075909 0.677529
0 0.663439 0.609971 0.078667 0.674080
0 0.587508 0.617299 0.075803 0.677126
0 0.512970 0.621092 0.073364 0.668161
0 0.365371 0.621753 0.075288 0.666609
0 0.140788 0.605287 0.101303 0.678391
0 0.825598 0.761006 0.073924 0.370632
0 0.941545 0.444253 0.063848 0.315632
0 0.156197 0.595920 0.070848 0.677126
0 0.956182 0.622500 0.083121 0.692471
0 0.095091 0.432701 0.062667 0.367356
0 0.091250 0.431121 0.061742 0.367414
0 0.437636 0.619454 0.075667 0.668563
0 0.950659 0.452385 0.076924 0.338908
0 0.047455 0.749655 0.072576 0.381724
