0 0.399891 0.366378 0.056202 0.395748
0 0.456259 0.730079 0.055494 0.351575
0 0.216535 0.369311 0.063163 0.432165
0 0.456509 0.730020 0.055952 0.357677
0 0.335416 0.752185 0.061051 0.362795
0 0.275884 0.762244 0.058533 0.363150
0 0.399318 0.737087 0.058887 0.363228
0 0.151171 0.789409 0.061322 0.383386
0 0.278075 0.371890 0.062414 0.433307
0 0.339063 0.372126 0.072341 0.416693
0 0.742180 0.282717 0.156847 0.467008
0 0.456571 0.353740 0.059657 0.395039
0 0.578398 0.274055 0.173028 0.484331
0 0.213039 0.775000 0.063080 0.397087
0 0.580812 0.706299 0.169740 0.385039
0 0.744334 0.693780 0.156576 0.348976
0 0.154990 0.383327 0.063507 0.439567
