0 0.192178 0.660196 0.035987 0.664837
0 0.982026 0.606176 0.035947 0.745686
0 0.712053 0.339150 0.032395 0.626405
0 0.394868 0.633824 0.060816 0.685033
0 0.889842 0.529346 0.058526 0.935425
0 0.159164 0.655752 0.027803 0.654118
0 0.790322 0.413627 0.036224 0.746993
0 0.339908 0.648333 0.033763 0.686993
0 0.139961 0.664346 0.037895 0.640196
0 0.602908 0.721601 0.034789 0.556797
0 0.980184 0.557778 0.039632 0.844314
0 0.690704 0.326765 0.037618 0.618627
0 0.748776 0.372451 0.042132 0.661242
0 0.832270 0.465000 0.050724 0.828039
0 0.060809 0.670261 0.035618 0.637778
0 0.023862 0.659150 0.035829 0.653595
0 0.391211 0.643203 0.055789 0.688105
0 0.448263 0.635098 0.037711 0.676078
0 0.491296 0.663725 0.040092 0.664444
0 0.568539 0.708791 0.034500 0.582418
0 0.530401 0.690261 0.034513 0.612288
0 0.227987 0.651176 0.035421 0.683268
0 0.267125 0.652810 0.040803 0.694379
0 0.102224 0.652647 0.036132 0.673529
0 0.942158 0.516373 0.042553 0.961373
0 0.965947 0.522255 0.062079 0.955490
0 0.832750 0.457190 0.052789 0.849673
0 0.305250 0.642484 0.030000 0.708889
0 0.941546 0.523856 0.037171 0.941961
