0 0.951132 0.447610 0.085807 0.201838
0 0.599109 0.593952 0.041020 0.238640
0 0.637494 0.590184 0.035504 0.246544
0 0.678178 0.574191 0.041424 0.230000
0 0.278503 0.730754 0.052881 0.290919
0 0.559467 0.617188 0.041267 0.251287
0 0.516188 0.629173 0.044910 0.266434
0 0.228100 0.756213 0.051581 0.279338
0 0.599075 0.342794 0.040863 0.256838
0 0.329983 0.426048 0.048128 0.272096
0 0.278683 0.433309 0.050661 0.307426
0 0.227696 0.455110 0.055101 0.301176
0 0.171967 0.468603 0.057635 0.294926
0 0.115600 0.492500 0.055101 0.296985
0 0.637663 0.333493 0.038599 0.275441
0 0.557988 0.361654 0.041805 0.263750
0 0.377169 0.401121 0.048778 0.255478
0 0.062573 0.819173 0.051379 0.308199
0 0.677388 0.327831 0.045404 0.271838
0 0.851620 0.257169 0.103285 0.219632
0 0.016911 0.833125 0.033733 0.314338
0 0.949238 0.232978 0.096480 0.230809
0 0.518722 0.379301 0.040538 0.236765
0 0.470908 0.369963 0.043700 0.251324
0 0.427836 0.383474 0.042444 0.257537
0 0.115471 0.798180 0.055583 0.294154
0 0.470880 0.632812 0.044249 0.279596
0 0.377965 0.674982 0.047567 0.287463
0 0.331631 0.701397 0.049563 0.291029
0 0.173352 0.773217 0.056099 0.314081
0 0.424899 0.656360 0.045381 0.277426
0 0.863117 0.486066 0.084327 0.214779
0 0.747007 0.531342 0.096794 0.218199
