0 0.991780 0.540476 0.016364 0.507725
0 0.249318 0.546534 0.142424 0.416772
0 0.623011 0.548122 0.137992 0.418042
0 0.769659 0.542540 0.137652 0.409524
0 0.915322 0.546852 0.144129 0.421217
0 0.105133 0.545899 0.141023 0.439418
0 0.367973 0.527778 0.102689 0.398730
0 0.916231 0.547487 0.142008 0.417407
0 0.481174 0.545344 0.134697 0.413439
0 0.482008 0.622751 0.126061 0.250899
0 0.540208 0.868942 0.239280 0.241164
0 0.542330 0.871164 0.246780 0.234286
0 0.845000 0.867460 0.247121 0.239894
0 0.234848 0.872169 0.253712 0.230688
