0 0.382259 0.673786 0.068538 0.577670
0 0.728048 0.492282 0.085532 0.851942
0 0.958879 0.530485 0.036728 0.710680
0 0.599070 0.529126 0.118040 0.853981
0 0.440963 0.661893 0.039236 0.575243
0 0.832708 0.546262 0.038306 0.746505
0 0.873738 0.518592 0.042259 0.771748
0 0.479219 0.662670 0.041329 0.582039
0 0.917101 0.516553 0.045997 0.777379
0 0.519468 0.658398 0.040233 0.585146
0 0.128314 0.729029 0.063870 0.541942
0 0.313895 0.678544 0.036728 0.575922
0 0.007691 0.737330 0.014784 0.525340
0 0.794834 0.529175 0.039468 0.757379
0 0.198846 0.709903 0.068522 0.580194
0 0.600831 0.760243 0.110930 0.391165
0 0.793397 0.531262 0.042110 0.775922
0 0.278306 0.667816 0.074651 0.638738
0 0.072716 0.730728 0.042973 0.532136
0 0.033987 0.732136 0.042359 0.531456
0 0.987633 0.549126 0.024369 0.656893
