0 0.835736 0.280658 0.125377 0.273246
0 0.829966 0.549737 0.136575 0.824211
0 0.449127 0.262719 0.125514 0.272105
0 0.322825 0.262061 0.122089 0.246053
0 0.324315 0.660263 0.125137 0.558772
0 0.950051 0.258465 0.099897 0.256228
0 0.708099 0.286623 0.126199 0.257632
0 0.087106 0.466974 0.138870 0.820439
0 0.700976 0.687544 0.129692 0.556316
0 0.447842 0.674474 0.127192 0.561404
0 0.207089 0.510088 0.115411 0.800000
0 0.824247 0.684211 0.126644 0.557018
0 0.940822 0.663202 0.117466 0.562895
0 0.573322 0.680702 0.129041 0.564912
0 0.206781 0.496096 0.116918 0.819561
0 0.703750 0.557193 0.136747 0.822982
0 0.576935 0.262807 0.125103 0.274912
