0 0.308044 0.178636 0.145848 0.357273
0 0.811561 0.497545 0.376878 0.995091
0 0.024563 0.601623 0.049126 0.524390
0 0.317706 0.630052 0.120135 0.543792
0 0.973439 0.217506 0.053122 0.433143
0 0.218304 0.620091 0.098065 0.565481
0 0.809178 0.504766 0.373985 0.990468
0 0.085801 0.693688 0.097409 0.378442
0 0.450114 0.473117 0.436046 0.933351
0 0.320265 0.634545 0.125130 0.551636
0 0.034116 0.187558 0.068231 0.371636
0 0.443361 0.644195 0.374755 0.627299
0 0.183985 0.164974 0.131259 0.329948
0 0.940718 0.700883 0.117274 0.579429
