0 0.554458 0.618154 0.179361 0.660231
0 0.922083 0.374154 0.151028 0.219846
0 0.193396 0.244481 0.134764 0.147192
0 0.559771 0.836423 0.158486 0.214615
0 0.368347 0.700000 0.176111 0.516077
0 0.030326 0.688192 0.059847 0.618231
0 0.181743 0.653981 0.189403 0.644192
0 0.549271 0.156058 0.154625 0.281423
0 0.712521 0.479038 0.138819 0.204538
0 0.554007 0.612788 0.178319 0.679962
0 0.368431 0.700558 0.180528 0.515885
0 0.919243 0.592250 0.160236 0.673115
0 0.553236 0.378827 0.171472 0.185269
0 0.042931 0.219673 0.084028 0.362731
0 0.029826 0.678981 0.059653 0.607346
0 0.709208 0.294288 0.158250 0.562808
0 0.904222 0.190808 0.166889 0.168692
