0 0.453112 0.670638 0.078761 0.568622
0 0.986881 0.660612 0.026088 0.595306
0 0.006390 0.666531 0.012779 0.546429
0 0.009411 0.658954 0.018822 0.570459
0 0.216352 0.668622 0.080498 0.581837
0 0.375801 0.677449 0.076828 0.580000
0 0.053693 0.668265 0.081647 0.581531
0 0.135295 0.672449 0.082100 0.581735
0 0.770038 0.669515 0.081586 0.578316
0 0.531261 0.680357 0.076329 0.569184
0 0.687576 0.674209 0.078988 0.584439
0 0.936246 0.671429 0.078202 0.589388
0 0.853716 0.674107 0.083444 0.584133
0 0.295989 0.674745 0.082432 0.584286
0 0.608724 0.670893 0.078112 0.573418
