0 0.676032 0.278922 0.057868 0.467255
0 0.408810 0.753284 0.152358 0.415392
0 0.407166 0.511225 0.159819 0.928529
0 0.459819 0.746324 0.049025 0.408529
0 0.618288 0.734216 0.056440 0.409608
0 0.083084 0.373873 0.152698 0.393235
0 0.410714 0.301324 0.149819 0.484216
0 0.391111 0.301225 0.130068 0.466569
0 0.823571 0.276961 0.052630 0.497843
0 0.405249 0.511765 0.162200 0.925294
0 0.618730 0.732206 0.056417 0.404608
0 0.408776 0.753039 0.152063 0.414314
0 0.990091 0.476029 0.019819 0.889706
0 0.751655 0.285931 0.088299 0.493039
0 0.243685 0.525833 0.156304 0.881275
0 0.540011 0.286520 0.100567 0.476765
0 0.241814 0.315882 0.148707 0.465490
0 0.088469 0.763382 0.146009 0.382647
0 0.615816 0.291716 0.049229 0.452843
0 0.082007 0.371324 0.153673 0.389510
0 0.248039 0.760441 0.151995 0.410098
0 0.904376 0.766078 0.144717 0.412745
0 0.540295 0.736127 0.097959 0.409118
0 0.756417 0.735245 0.091156 0.364412
0 0.679229 0.728775 0.054195 0.378922
