0 0.892192 0.712865 0.157479 0.199006
0 0.901631 0.449020 0.173489 0.317105
0 0.887909 0.904167 0.156010 0.191667
0 0.414713 0.837412 0.150908 0.179561
0 0.258817 0.623012 0.146691 0.191520
0 0.261565 0.810088 0.144325 0.183567
0 0.570836 0.867880 0.146476 0.167222
0 0.413453 0.648392 0.154791 0.195322
0 0.728214 0.879108 0.154229 0.208860
0 0.573214 0.613640 0.154791 0.345994
0 0.731726 0.608904 0.151027 0.346462
0 0.249791 0.366184 0.155137 0.323187
0 0.097294 0.563406 0.157790 0.329737
0 0.113232 0.800117 0.134946 0.158772
0 0.411105 0.390365 0.164170 0.335643
