0 0.252724 0.573191 0.048003 0.672553
0 0.966325 0.534681 0.066943 0.878511
0 0.859844 0.535691 0.048601 0.797553
0 0.197663 0.489787 0.040625 0.858936
0 0.569008 0.506223 0.029103 0.845851
0 0.583553 0.476489 0.069823 0.894894
0 0.682024 0.532926 0.048804 0.844362
0 0.004796 0.509628 0.009538 0.907553
0 0.912276 0.531011 0.037677 0.808830
0 0.030435 0.499628 0.051821 0.880745
0 0.427276 0.502447 0.039687 0.871277
0 0.365917 0.500691 0.032459 0.853298
0 0.467249 0.506223 0.032921 0.857128
0 0.502099 0.499894 0.034090 0.875319
0 0.539192 0.492500 0.030177 0.845000
0 0.329776 0.489255 0.030014 0.855319
0 0.090489 0.489043 0.036766 0.877447
0 0.295999 0.504255 0.034117 0.828085
0 0.157215 0.486862 0.034511 0.855426
0 0.810353 0.531277 0.036875 0.820426
0 0.637242 0.517979 0.029375 0.845957
0 0.967500 0.534894 0.065000 0.872128
0 0.705659 0.521223 0.029035 0.843511
0 0.751732 0.534734 0.057160 0.839255
0 0.666834 0.521330 0.035951 0.853511
0 0.607303 0.507553 0.023410 0.845745
0 0.860238 0.543936 0.047840 0.804468
0 0.840265 0.544415 0.024361 0.798617
0 0.741230 0.530372 0.034552 0.828830
