0 0.760307 0.562948 0.084963 0.849249
0 0.985409 0.603237 0.029182 0.793526
0 0.318151 0.298121 0.087454 0.484913
0 0.409935 0.308555 0.089796 0.489595
0 0.585446 0.549566 0.082119 0.861329
0 0.164322 0.488208 0.229721 0.954335
0 0.930260 0.574451 0.084201 0.851098
0 0.670279 0.550116 0.086431 0.875029
0 0.984405 0.597919 0.031190 0.804162
0 0.328439 0.755520 0.080037 0.413006
0 0.014424 0.521647 0.028848 0.910694
0 0.413504 0.760723 0.082955 0.410694
0 0.844052 0.564133 0.086766 0.846185
0 0.501543 0.534682 0.082082 0.887746
