0 0.030280 0.311904 0.060013 0.502811
0 0.545378 0.723470 0.131956 0.423594
0 0.853918 0.751085 0.259153 0.473843
0 0.381480 0.748043 0.071017 0.350107
0 0.294218 0.747811 0.104029 0.342598
0 0.573644 0.738416 0.077014 0.379822
0 0.369524 0.310391 0.068383 0.484555
0 0.145495 0.308434 0.073025 0.482562
0 0.106695 0.731050 0.065359 0.344235
0 0.774915 0.734858 0.102060 0.423594
0 0.401297 0.306868 0.118709 0.502420
0 0.493859 0.723772 0.085085 0.418292
0 0.038970 0.725658 0.076297 0.329110
0 0.144622 0.307776 0.077197 0.482028
0 0.294113 0.318327 0.099596 0.492669
0 0.657327 0.731121 0.097132 0.420320
0 0.164524 0.734342 0.058096 0.353381
0 0.107471 0.730214 0.064407 0.341139
0 0.530945 0.723665 0.155997 0.425480
0 0.275567 0.748025 0.144876 0.358043
0 0.216336 0.312722 0.068344 0.493843
0 0.082744 0.306993 0.068435 0.489573
