0 0.347519 0.544203 0.184444 0.646957
0 0.199648 0.452464 0.092037 0.379130
0 0.840278 0.150326 0.060556 0.281957
0 0.908111 0.119601 0.082370 0.239203
0 0.837870 0.450072 0.067815 0.312754
0 0.912944 0.400326 0.084778 0.336449
0 0.764093 0.511667 0.087370 0.298551
0 0.676185 0.544855 0.093259 0.317536
0 0.769444 0.191775 0.086000 0.322246
0 0.674370 0.236812 0.087185 0.336522
0 0.568407 0.591051 0.093259 0.291377
0 0.479389 0.612391 0.077519 0.310435
0 0.576889 0.272355 0.093259 0.322246
0 0.485444 0.291304 0.077481 0.341159
0 0.152407 0.781812 0.096889 0.251159
0 0.062796 0.797210 0.077519 0.300942
0 0.097315 0.495109 0.105370 0.398043
