0 0.196104 0.244354 0.119167 0.453876
0 0.963172 0.231713 0.073198 0.463427
0 0.114719 0.664803 0.050104 0.378258
0 0.878109 0.229157 0.096448 0.438539
0 0.107021 0.243904 0.055542 0.450618
0 0.759354 0.755590 0.142104 0.451517
0 0.200510 0.663399 0.121771 0.403202
0 0.337177 0.710449 0.132833 0.385281
0 0.329562 0.284382 0.139208 0.483596
0 0.614807 0.321461 0.146760 0.509326
0 0.899865 0.727921 0.138521 0.516854
0 0.615365 0.756011 0.140667 0.377191
0 0.761818 0.306264 0.132719 0.456348
0 0.468927 0.281882 0.143500 0.463764
0 0.048156 0.503989 0.065896 0.628202
0 0.472828 0.727949 0.136448 0.453090
