0 0.201139 0.662012 0.056121 0.582805
0 0.529938 0.515488 0.054110 0.619024
0 0.476228 0.535427 0.054128 0.626220
0 0.641094 0.470915 0.056566 0.626463
0 0.698657 0.450671 0.057562 0.622805
0 0.365267 0.601890 0.056477 0.592073
0 0.144849 0.674024 0.054715 0.584878
0 0.813443 0.411829 0.061833 0.633659
0 0.090125 0.688232 0.054911 0.588415
0 0.259582 0.646524 0.053399 0.578171
0 0.977847 0.358171 0.043772 0.623659
0 0.872794 0.378598 0.058007 0.664756
0 0.421504 0.560854 0.056886 0.627561
0 0.872642 0.384207 0.058060 0.642561
0 0.421290 0.560305 0.057206 0.637439
0 0.640552 0.472256 0.057082 0.625976
0 0.005641 0.631280 0.011281 0.687683
0 0.975258 0.360366 0.045463 0.631463
0 0.930703 0.370671 0.059306 0.668415
0 0.036486 0.707683 0.055356 0.584634
0 0.584413 0.497927 0.055302 0.623415
0 0.754395 0.436280 0.057972 0.639390
0 0.311744 0.623049 0.053096 0.583902
