0 0.006184 0.626652 0.012368 0.692704
0 0.224415 0.561052 0.063409 0.752918
0 0.527225 0.502210 0.062297 0.742275
0 0.463666 0.529206 0.063481 0.733004
0 0.001969 0.629442 0.003937 0.697940
0 0.038709 0.615515 0.074165 0.702189
0 0.770749 0.469528 0.151541 0.681288
0 0.348267 0.558112 0.060442 0.710730
0 0.921576 0.395773 0.155136 0.771888
0 0.287553 0.543305 0.063153 0.769957
0 0.167960 0.579807 0.057603 0.731288
0 0.406434 0.550064 0.058973 0.699957
0 0.583096 0.502403 0.057860 0.731245
0 0.652418 0.501545 0.080499 0.691760
0 0.464301 0.529313 0.060785 0.714678
0 0.105806 0.606137 0.067675 0.707897
