0 0.577844 0.255547 0.157577 0.481606
0 0.417053 0.214124 0.110842 0.370876
0 0.418918 0.573686 0.114948 0.345766
0 0.015936 0.431788 0.031873 0.474234
0 0.739553 0.303358 0.148866 0.490803
0 0.287405 0.179161 0.134089 0.358321
0 0.739115 0.289745 0.150739 0.503431
0 0.425816 0.574745 0.129399 0.352701
0 0.580404 0.472190 0.157199 0.923796
0 0.738952 0.747445 0.157835 0.429343
0 0.913282 0.759854 0.162646 0.448321
0 0.288428 0.522445 0.130258 0.350730
0 0.586503 0.699015 0.130120 0.414526
0 0.176907 0.319489 0.086873 0.374745
