0 0.128379 0.563986 0.047938 0.515405
0 0.329149 0.598142 0.053478 0.544257
0 0.993491 0.681959 0.013019 0.636081
0 0.278491 0.589730 0.052435 0.533243
0 0.648199 0.644122 0.058658 0.575000
0 0.535969 0.632432 0.057478 0.558514
0 0.591416 0.636351 0.055602 0.555811
0 0.379820 0.602703 0.054398 0.560811
0 0.991783 0.666689 0.016236 0.666622
0 0.890062 0.655811 0.065988 0.633243
0 0.953056 0.657264 0.063528 0.644662
0 0.228720 0.583581 0.049267 0.531216
0 0.006354 0.492432 0.012708 0.558378
0 0.128292 0.565203 0.048758 0.512432
0 0.482354 0.618007 0.053627 0.560743
0 0.431708 0.612128 0.053255 0.560473
0 0.765727 0.638885 0.061689 0.605068
0 0.035522 0.539561 0.050050 0.510473
0 0.178366 0.571622 0.055764 0.525946
0 0.827491 0.649358 0.064199 0.630608
0 0.082441 0.559358 0.048112 0.507635
0 0.706820 0.655034 0.059280 0.588311
