0 0.031719 0.503677 0.063437 0.362323
0 0.828594 0.738952 0.088917 0.390161
0 0.576698 0.770403 0.078167 0.372290
0 0.656906 0.758968 0.079583 0.374065
0 0.426333 0.789661 0.073646 0.344871
0 0.286010 0.816290 0.066562 0.313290
0 0.832651 0.295048 0.093677 0.487387
0 0.742708 0.316629 0.090083 0.485516
0 0.660172 0.335597 0.082490 0.475452
0 0.283313 0.456742 0.069667 0.397806
0 0.427083 0.394742 0.074708 0.452387
0 0.354245 0.406919 0.074323 0.440613
0 0.926896 0.274565 0.095792 0.502097
0 0.579104 0.353016 0.081396 0.466419
0 0.355276 0.796661 0.069531 0.341065
0 0.214271 0.469339 0.068333 0.392032
0 0.925937 0.728274 0.094771 0.389000
0 0.501339 0.370774 0.077385 0.450903
0 0.219141 0.821306 0.067281 0.304032
0 0.740026 0.749242 0.084594 0.382935
0 0.500698 0.782387 0.074563 0.352968
0 0.152422 0.829435 0.064719 0.301516
0 0.028500 0.843097 0.056479 0.303161
0 0.087844 0.840032 0.063667 0.297806
