0 0.425920 0.533578 0.077926 0.445980
0 0.807274 0.288627 0.071672 0.441765
0 0.672191 0.360686 0.070669 0.459804
0 0.180753 0.653333 0.079766 0.512353
0 0.597492 0.402451 0.078127 0.475490
0 0.265017 0.610686 0.086555 0.504510
0 0.885217 0.265098 0.087559 0.411961
0 0.105117 0.681569 0.074314 0.595686
0 0.264849 0.610245 0.086488 0.495392
0 0.597642 0.403431 0.077826 0.475490
0 0.048729 0.691029 0.077592 0.617941
0 0.738796 0.324755 0.065485 0.457941
0 0.738495 0.327059 0.065552 0.460784
0 0.986773 0.149510 0.025853 0.299020
0 0.039013 0.692598 0.060502 0.607157
0 0.347726 0.567059 0.078662 0.484902
0 0.515301 0.453137 0.086856 0.500980
